date,nav,dayChange
19-06-2024,118.11000,-0.5
18-06-2024,118.61000,0.1700000000000017
14-06-2024,118.44000,0.8199999999999932
13-06-2024,117.62000,0.5300000000000011
12-06-2024,117.09000,0.39000000000000057
11-06-2024,116.70000,-0.25
10-06-2024,116.95000,0.9200000000000017
07-06-2024,116.03000,1.75
06-06-2024,114.28000,0.769999999999996
05-06-2024,113.51000,4.960000000000008
04-06-2024,108.55000,-4.060000000000002
03-06-2024,112.61000,1.8400000000000034
31-05-2024,110.77000,0.060000000000002274
30-05-2024,110.71000,-1.2000000000000028
29-05-2024,111.91000,-0.29000000000000625
28-05-2024,112.20000,-0.539999999999992
27-05-2024,112.74000,-0.04000000000000625
24-05-2024,112.78000,0.01999999999999602
23-05-2024,112.76000,0.8100000000000023
22-05-2024,111.95000,-0.04999999999999716
21-05-2024,112.00000,-0.18999999999999773
17-05-2024,112.19000,0.6400000000000006
16-05-2024,111.55000,0.9599999999999937
15-05-2024,110.59000,0.18000000000000682
14-05-2024,110.41000,0.519999999999996
13-05-2024,109.89000,-0.45000000000000284
10-05-2024,110.34000,0.9300000000000068
09-05-2024,109.41000,-1.8900000000000006
08-05-2024,111.30000,0.5099999999999909
07-05-2024,110.79000,-0.269999999999996
06-05-2024,111.06000,-0.9399999999999977
03-05-2024,112.00000,-0.5799999999999983
02-05-2024,112.58000,0.9399999999999977
30-04-2024,111.64000,0.5499999999999972
29-04-2024,111.09000,0.1700000000000017
26-04-2024,110.92000,0.3200000000000074
25-04-2024,110.60000,0.45999999999999375
24-04-2024,110.14000,0.6099999999999994
23-04-2024,109.53000,0.710000000000008
22-04-2024,108.82000,1.4699999999999989
19-04-2024,107.35000,0.3399999999999892
18-04-2024,107.01000,-0.21999999999999886
16-04-2024,107.23000,-0.18999999999999773
15-04-2024,107.42000,-1.3499999999999943
12-04-2024,108.77000,-0.7900000000000063
10-04-2024,109.56000,1.1500000000000057
09-04-2024,108.41000,-0.3400000000000034
08-04-2024,108.75000,0.6500000000000057
05-04-2024,108.10000,0.25
04-04-2024,107.85000,0.29999999999999716
03-04-2024,107.55000,0.09000000000000341
02-04-2024,107.46000,0.269999999999996
01-04-2024,107.19000,0.8299999999999983
31-03-2024,106.36000,0.0
28-03-2024,106.36000,0.8599999999999994
27-03-2024,105.50000,0.7199999999999989
26-03-2024,104.78000,0.46999999999999886
22-03-2024,104.31000,0.8700000000000045
21-03-2024,103.44000,1.3900000000000006
20-03-2024,102.05000,0.5099999999999909
19-03-2024,101.54000,-1.0499999999999972
18-03-2024,102.59000,-0.009999999999990905
15-03-2024,102.60000,0.14999999999999147
14-03-2024,102.45000,1.3299999999999983
13-03-2024,101.12000,-2.339999999999989
12-03-2024,103.46000,-0.7000000000000028
11-03-2024,104.16000,-0.6700000000000017
07-03-2024,104.83000,0.480000000000004
06-03-2024,104.35000,0.03999999999999204
05-03-2024,104.31000,-0.12999999999999545
04-03-2024,104.44000,0.5499999999999972
01-03-2024,103.89000,0.7999999999999972
29-02-2024,103.09000,0.23000000000000398
28-02-2024,102.86000,-1.1899999999999977
27-02-2024,104.05000,0.39000000000000057
26-02-2024,103.66000,-0.1599999999999966
23-02-2024,103.82000,0.01999999999999602
22-02-2024,103.80000,0.5
21-02-2024,103.30000,-0.480000000000004
20-02-2024,103.78000,-0.12000000000000455
19-02-2024,103.90000,0.5600000000000023
16-02-2024,103.34000,0.5100000000000051
15-02-2024,102.83000,0.20000000000000284
14-02-2024,102.63000,0.7999999999999972
13-02-2024,101.83000,0.539999999999992
12-02-2024,101.29000,-1.0999999999999943
09-02-2024,102.39000,-0.20999999999999375
08-02-2024,102.60000,-0.5500000000000114
07-02-2024,103.15000,1.5900000000000034
06-02-2024,101.56000,0.519999999999996
05-02-2024,101.04000,-0.5999999999999943
02-02-2024,101.64000,0.20000000000000284
01-02-2024,101.44000,0.28999999999999204
31-01-2024,101.15000,1.1400000000000006
30-01-2024,100.01000,-1.2299999999999898
29-01-2024,101.24000,0.7299999999999898
25-01-2024,100.51000,-0.4399999999999977
24-01-2024,100.95000,1.7000000000000028
23-01-2024,99.25000,-2.010000000000005
19-01-2024,101.26000,1.1200000000000045
18-01-2024,100.14000,-0.6700000000000017
17-01-2024,100.81000,-1.3799999999999955
16-01-2024,102.19000,-0.04999999999999716
15-01-2024,102.24000,0.21999999999999886
12-01-2024,102.02000,0.28999999999999204
11-01-2024,101.73000,0.1700000000000017
10-01-2024,101.56000,-0.060000000000002274
09-01-2024,101.62000,0.10999999999999943
08-01-2024,101.51000,-1.0799999999999983
05-01-2024,102.59000,0.28000000000000114
04-01-2024,102.31000,1.1400000000000006
03-01-2024,101.17000,0.37999999999999545
02-01-2024,100.79000,-0.09999999999999432
01-01-2024,100.89000,0.10999999999999943
29-12-2023,100.78000,0.5499999999999972
28-12-2023,100.23000,0.4900000000000091
27-12-2023,99.74000,0.6700000000000017
26-12-2023,99.07000,0.1599999999999966
22-12-2023,98.91000,0.45999999999999375
21-12-2023,98.45000,0.4099999999999966
20-12-2023,98.04000,-1.809999999999988
19-12-2023,99.85000,0.18999999999999773
18-12-2023,99.66000,0.25
15-12-2023,99.41000,-0.3500000000000085
14-12-2023,99.76000,0.480000000000004
13-12-2023,99.28000,1.0400000000000063
12-12-2023,98.24000,-0.5200000000000102
11-12-2023,98.76000,0.29000000000000625
08-12-2023,98.47000,-0.3400000000000034
07-12-2023,98.81000,0.030000000000001137
06-12-2023,98.78000,0.4899999999999949
05-12-2023,98.29000,0.29000000000000625
04-12-2023,98.00000,0.9599999999999937
01-12-2023,97.04000,0.980000000000004
30-11-2023,96.06000,0.769999999999996
29-11-2023,95.29000,0.710000000000008
28-11-2023,94.58000,0.6599999999999966
24-11-2023,93.92000,-0.1799999999999926
23-11-2023,94.10000,-0.09000000000000341
22-11-2023,94.19000,-0.21999999999999886
21-11-2023,94.41000,0.3499999999999943
20-11-2023,94.06000,-0.1799999999999926
17-11-2023,94.24000,0.6799999999999926
16-11-2023,93.56000,0.29000000000000625
15-11-2023,93.27000,0.5999999999999943
13-11-2023,92.67000,0.5400000000000063
10-11-2023,92.13000,0.14999999999999147
09-11-2023,91.98000,-0.10999999999999943
08-11-2023,92.09000,0.5100000000000051
07-11-2023,91.58000,0.7600000000000051
06-11-2023,90.82000,0.5899999999999892
03-11-2023,90.23000,0.6800000000000068
02-11-2023,89.55000,1.0
01-11-2023,88.55000,-0.4300000000000068
31-10-2023,88.98000,-0.0799999999999983
30-10-2023,89.06000,0.14000000000000057
27-10-2023,88.92000,1.0400000000000063
26-10-2023,87.88000,-0.8800000000000097
25-10-2023,88.76000,-0.75
23-10-2023,89.51000,-1.3499999999999943
20-10-2023,90.86000,-0.730000000000004
19-10-2023,91.59000,0.0
18-10-2023,91.59000,-0.75
17-10-2023,92.34000,0.3299999999999983
16-10-2023,92.01000,-0.01999999999999602
13-10-2023,92.03000,0.15000000000000568
12-10-2023,91.88000,0.19999999999998863
11-10-2023,91.68000,0.5800000000000125
10-10-2023,91.10000,0.8199999999999932
09-10-2023,90.28000,-0.8100000000000023
06-10-2023,91.09000,0.7400000000000091
05-10-2023,90.35000,0.3999999999999915
04-10-2023,89.95000,-0.8799999999999955
03-10-2023,90.83000,0.14000000000000057
29-09-2023,90.69000,-0.2400000000000091
27-09-2023,90.93000,0.44000000000001194
26-09-2023,90.49000,0.21999999999999886
25-09-2023,90.27000,0.28999999999999204
22-09-2023,89.98000,-0.1799999999999926
21-09-2023,90.16000,-0.7999999999999972
20-09-2023,90.96000,-0.5900000000000034
18-09-2023,91.55000,-0.0799999999999983
15-09-2023,91.63000,0.20999999999999375
14-09-2023,91.42000,0.3299999999999983
13-09-2023,91.09000,0.2400000000000091
12-09-2023,90.85000,-1.1700000000000017
11-09-2023,92.02000,0.5600000000000023
08-09-2023,91.46000,0.5799999999999983
07-09-2023,90.88000,0.5300000000000011
06-09-2023,90.35000,0.29999999999999716
05-09-2023,90.05000,0.3299999999999983
04-09-2023,89.72000,-0.1700000000000017
01-09-2023,89.89000,0.8100000000000023
31-08-2023,89.08000,-0.2600000000000051
30-08-2023,89.34000,0.39000000000000057
29-08-2023,88.95000,0.07000000000000739
28-08-2023,88.88000,0.25
25-08-2023,88.63000,-0.5700000000000074
24-08-2023,89.20000,0.010000000000005116
23-08-2023,89.19000,0.3400000000000034
22-08-2023,88.85000,0.47999999999998977
21-08-2023,88.37000,0.5300000000000011
18-08-2023,87.84000,-0.06999999999999318
17-08-2023,87.91000,0.030000000000001137
16-08-2023,87.88000,0.10999999999999943
14-08-2023,87.77000,-0.13000000000000966
11-08-2023,87.90000,-0.35999999999999943
10-08-2023,88.26000,-0.3999999999999915
09-08-2023,88.66000,0.29999999999999716
08-08-2023,88.36000,0.030000000000001137
07-08-2023,88.33000,0.09999999999999432
04-08-2023,88.23000,0.710000000000008
03-08-2023,87.52000,-0.7600000000000051
02-08-2023,88.28000,-0.6899999999999977
01-08-2023,88.97000,-0.1700000000000017
31-07-2023,89.14000,0.20000000000000284
28-07-2023,88.94000,0.20999999999999375
27-07-2023,88.73000,-0.23999999999999488
26-07-2023,88.97000,0.030000000000001137
25-07-2023,88.94000,-0.14000000000000057
24-07-2023,89.08000,-0.37999999999999545
21-07-2023,89.46000,-0.29000000000000625
20-07-2023,89.75000,0.6200000000000045
19-07-2023,89.13000,0.6199999999999903
18-07-2023,88.51000,-0.3199999999999932
17-07-2023,88.83000,0.3400000000000034
14-07-2023,88.49000,0.39000000000000057
13-07-2023,88.10000,-0.30000000000001137
12-07-2023,88.40000,0.20000000000000284
11-07-2023,88.20000,0.730000000000004
10-07-2023,87.47000,-0.3100000000000023
07-07-2023,87.78000,-0.7600000000000051
06-07-2023,88.54000,0.30000000000001137
05-07-2023,88.24000,0.6499999999999915
04-07-2023,87.59000,0.010000000000005116
03-07-2023,87.58000,0.1799999999999926
30-06-2023,87.40000,0.45000000000000284
28-06-2023,86.95000,0.6099999999999994
27-06-2023,86.34000,0.46000000000000796
26-06-2023,85.88000,0.4399999999999977
23-06-2023,85.44000,-0.6400000000000006
22-06-2023,86.08000,-0.37000000000000455
21-06-2023,86.45000,-0.060000000000002274
20-06-2023,86.51000,0.21000000000000796
19-06-2023,86.30000,-0.21000000000000796
16-06-2023,86.51000,0.6800000000000068
15-06-2023,85.83000,0.18999999999999773
14-06-2023,85.64000,0.3400000000000034
13-06-2023,85.30000,0.769999999999996
12-06-2023,84.53000,-0.010000000000005116
09-06-2023,84.54000,-0.09999999999999432
08-06-2023,84.64000,-0.730000000000004
07-06-2023,85.37000,0.75
06-06-2023,84.62000,0.0799999999999983
05-06-2023,84.54000,0.22000000000001307
02-06-2023,84.32000,0.4399999999999977
01-06-2023,83.88000,0.1599999999999966
31-05-2023,83.72000,0.23000000000000398
30-05-2023,83.49000,0.3199999999999932
29-05-2023,83.17000,0.4300000000000068
26-05-2023,82.74000,0.6700000000000017
25-05-2023,82.07000,0.5499999999999972
24-05-2023,81.52000,0.0799999999999983
23-05-2023,81.44000,0.0799999999999983
22-05-2023,81.36000,0.04000000000000625
19-05-2023,81.32000,0.2599999999999909
18-05-2023,81.06000,-0.3299999999999983
17-05-2023,81.39000,-0.21999999999999886
16-05-2023,81.61000,-0.10999999999999943
15-05-2023,81.72000,0.46999999999999886
12-05-2023,81.25000,0.23999999999999488
11-05-2023,81.01000,0.5100000000000051
10-05-2023,80.50000,0.4000000000000057
09-05-2023,80.10000,0.030000000000001137
08-05-2023,80.07000,1.019999999999996
05-05-2023,79.05000,-0.4200000000000017
04-05-2023,79.47000,0.4000000000000057
03-05-2023,79.07000,0.12999999999999545
02-05-2023,78.94000,0.23999999999999488
28-04-2023,78.70000,0.21000000000000796
27-04-2023,78.49000,0.18999999999999773
26-04-2023,78.30000,0.4899999999999949
25-04-2023,77.81000,0.04999999999999716
24-04-2023,77.76000,0.5100000000000051
21-04-2023,77.25000,0.060000000000002274
20-04-2023,77.19000,0.269999999999996
19-04-2023,76.92000,-0.25
18-04-2023,77.17000,-0.060000000000002274
17-04-2023,77.23000,0.5
13-04-2023,76.73000,0.3200000000000074
12-04-2023,76.41000,0.22999999999998977
11-04-2023,76.18000,0.07000000000000739
10-04-2023,76.11000,-0.04999999999999716
06-04-2023,76.16000,-0.020000000000010232
05-04-2023,76.18000,0.37000000000000455
03-04-2023,75.81000,0.21000000000000796
31-03-2023,75.60000,0.9199999999999875
29-03-2023,74.68000,0.6900000000000119
28-03-2023,73.99000,-0.3100000000000023
27-03-2023,74.30000,-0.1700000000000017
24-03-2023,74.47000,-0.46000000000000796
23-03-2023,74.93000,-0.09999999999999432
22-03-2023,75.03000,0.3499999999999943
21-03-2023,74.68000,0.28000000000000114
20-03-2023,74.40000,-0.3399999999999892
17-03-2023,74.74000,0.23999999999999488
16-03-2023,74.50000,0.1599999999999966
15-03-2023,74.34000,-0.20999999999999375
14-03-2023,74.55000,-0.2600000000000051
13-03-2023,74.81000,-1.0999999999999943
10-03-2023,75.91000,-0.39000000000000057
09-03-2023,76.30000,-0.6000000000000085
08-03-2023,76.90000,0.13000000000000966
06-03-2023,76.77000,0.3999999999999915
03-03-2023,76.37000,0.8800000000000097
02-03-2023,75.49000,-0.5
01-03-2023,75.99000,0.5899999999999892
28-02-2023,75.40000,-0.10999999999999943
27-02-2023,75.51000,-0.20999999999999375
24-02-2023,75.72000,-0.09000000000000341
23-02-2023,75.81000,0.010000000000005116
22-02-2023,75.80000,-0.710000000000008
21-02-2023,76.51000,-0.1700000000000017
20-02-2023,76.68000,-0.3299999999999983
17-02-2023,77.01000,-0.36999999999999034
16-02-2023,77.38000,0.030000000000001137
15-02-2023,77.35000,0.3199999999999932
14-02-2023,77.03000,0.3400000000000034
13-02-2023,76.69000,-0.7400000000000091
10-02-2023,77.43000,0.0
09-02-2023,77.43000,0.010000000000005116
08-02-2023,77.42000,0.23999999999999488
07-02-2023,77.18000,-0.18999999999999773
06-02-2023,77.37000,0.18000000000000682
03-02-2023,77.19000,0.7399999999999949
02-02-2023,76.45000,0.5100000000000051
01-02-2023,75.94000,-0.09000000000000341
31-01-2023,76.03000,0.7000000000000028
30-01-2023,75.33000,0.060000000000002274
27-01-2023,75.27000,-0.6700000000000017
25-01-2023,75.94000,-0.8799999999999955
24-01-2023,76.82000,0.029999999999986926
23-01-2023,76.79000,0.4200000000000017
20-01-2023,76.37000,-0.6299999999999955
19-01-2023,77.00000,-0.3199999999999932
18-01-2023,77.32000,0.23999999999999488
17-01-2023,77.08000,0.25
16-01-2023,76.83000,-0.39000000000000057
13-01-2023,77.22000,-0.09999999999999432
12-01-2023,77.32000,-0.20000000000000284
11-01-2023,77.52000,-0.4100000000000108
10-01-2023,77.93000,-0.4199999999999875
09-01-2023,78.35000,0.35999999999999943
06-01-2023,77.99000,-0.5500000000000114
05-01-2023,78.54000,-0.029999999999986926
04-01-2023,78.57000,-0.480000000000004
03-01-2023,79.05000,0.20999999999999375
02-01-2023,78.84000,0.09000000000000341
30-12-2022,78.75000,-0.1599999999999966
29-12-2022,78.91000,0.11999999999999034
28-12-2022,78.79000,0.010000000000005116
27-12-2022,78.78000,0.23999999999999488
26-12-2022,78.54000,1.4000000000000057
23-12-2022,77.14000,-1.5499999999999972
22-12-2022,78.69000,-0.4300000000000068
21-12-2022,79.12000,-1.1199999999999903
20-12-2022,80.24000,-0.4900000000000091
19-12-2022,80.73000,0.6700000000000017
16-12-2022,80.06000,-0.8700000000000045
15-12-2022,80.93000,-0.6499999999999915
14-12-2022,81.58000,0.2600000000000051
13-12-2022,81.32000,0.14999999999999147
12-12-2022,81.17000,-0.0799999999999983
09-12-2022,81.25000,0.12000000000000455
08-12-2022,81.13000,0.269999999999996
07-12-2022,80.86000,-0.18999999999999773
06-12-2022,81.05000,-0.14000000000000057
05-12-2022,81.19000,0.1599999999999966
02-12-2022,81.03000,-0.06999999999999318
01-12-2022,81.10000,0.06999999999999318
30-11-2022,81.03000,0.6400000000000006
29-11-2022,80.39000,0.0799999999999983
28-11-2022,80.31000,0.21999999999999886
25-11-2022,80.09000,0.010000000000005116
24-11-2022,80.08000,0.46999999999999886
23-11-2022,79.61000,0.20000000000000284
22-11-2022,79.41000,0.3400000000000034
21-11-2022,79.07000,-0.09000000000000341
18-11-2022,79.16000,-0.29999999999999716
17-11-2022,79.46000,-0.2400000000000091
16-11-2022,79.70000,-0.1700000000000017
15-11-2022,79.87000,0.20000000000000284
14-11-2022,79.67000,-0.3400000000000034
11-11-2022,80.01000,-0.030000000000001137
10-11-2022,80.04000,-0.6899999999999977
09-11-2022,80.73000,-0.269999999999996
07-11-2022,81.00000,0.5699999999999932
04-11-2022,80.43000,-0.35999999999999943
03-11-2022,80.79000,0.020000000000010232
02-11-2022,80.77000,-0.35999999999999943
01-11-2022,81.13000,0.28000000000000114
31-10-2022,80.85000,0.9399999999999977
28-10-2022,79.91000,-0.2400000000000091
27-10-2022,80.15000,0.35999999999999943
25-10-2022,79.79000,0.3100000000000023
21-10-2022,79.48000,0.2400000000000091
20-10-2022,79.24000,-0.27000000000001023
19-10-2022,79.51000,-0.14999999999999147
18-10-2022,79.66000,1.0600000000000023
17-10-2022,78.60000,0.5999999999999943
14-10-2022,78.00000,0.0799999999999983
13-10-2022,77.92000,-0.6899999999999977
12-10-2022,78.61000,0.5999999999999943
11-10-2022,78.01000,-1.1199999999999903
10-10-2022,79.13000,-0.45000000000000284
07-10-2022,79.58000,0.06999999999999318
06-10-2022,79.51000,-0.05999999999998806
04-10-2022,79.57000,1.6299999999999955
03-10-2022,77.94000,-1.1700000000000017
30-09-2022,79.11000,1.0699999999999932
29-09-2022,78.04000,0.23000000000000398
28-09-2022,77.81000,-0.4399999999999977
27-09-2022,78.25000,-0.01999999999999602
26-09-2022,78.27000,-1.730000000000004
23-09-2022,80.00000,-1.3199999999999932
22-09-2022,81.32000,0.3299999999999983
21-09-2022,80.99000,-0.010000000000005116
20-09-2022,81.00000,1.0600000000000023
19-09-2022,79.94000,0.20999999999999375
16-09-2022,79.73000,-1.4599999999999937
15-09-2022,81.19000,0.030000000000001137
14-09-2022,81.16000,-0.030000000000001137
13-09-2022,81.19000,0.45999999999999375
12-09-2022,80.73000,0.6300000000000097
09-09-2022,80.10000,0.009999999999990905
08-09-2022,80.09000,0.5200000000000102
07-09-2022,79.57000,0.0
06-09-2022,79.57000,0.04999999999999716
05-09-2022,79.52000,0.36999999999999034
02-09-2022,79.15000,0.030000000000001137
01-09-2022,79.12000,-0.19999999999998863
30-08-2022,79.32000,1.8999999999999915
29-08-2022,77.42000,-0.539999999999992
26-08-2022,77.96000,0.30999999999998806
25-08-2022,77.65000,0.10999999999999943
24-08-2022,77.54000,0.35999999999999943
23-08-2022,77.18000,0.730000000000004
22-08-2022,76.45000,-1.3799999999999955
19-08-2022,77.83000,-1.269999999999996
18-08-2022,79.10000,0.14000000000000057
17-08-2022,78.96000,0.4199999999999875
16-08-2022,78.54000,0.960000000000008
12-08-2022,77.58000,0.18999999999999773
11-08-2022,77.39000,0.5400000000000063
10-08-2022,76.85000,0.04999999999999716
08-08-2022,76.80000,0.3400000000000034
05-08-2022,76.46000,0.029999999999986926
04-08-2022,76.43000,0.15000000000000568
03-08-2022,76.28000,-0.25
02-08-2022,76.53000,0.37999999999999545
01-08-2022,76.15000,1.0
29-07-2022,75.15000,0.8100000000000023
28-07-2022,74.34000,0.8800000000000097
27-07-2022,73.46000,0.4299999999999926
26-07-2022,73.03000,-0.6200000000000045
25-07-2022,73.65000,0.030000000000001137
22-07-2022,73.62000,0.3299999999999983
21-07-2022,73.29000,0.5400000000000063
20-07-2022,72.75000,0.35999999999999943
19-07-2022,72.39000,0.3299999999999983
18-07-2022,72.06000,0.6500000000000057
15-07-2022,71.41000,0.789999999999992
14-07-2022,70.62000,-0.14000000000000057
13-07-2022,70.76000,0.10999999999999943
12-07-2022,70.65000,-0.539999999999992
11-07-2022,71.19000,0.3100000000000023
08-07-2022,70.88000,0.28000000000000114
07-07-2022,70.60000,0.519999999999996
06-07-2022,70.08000,1.519999999999996
05-07-2022,68.56000,0.2600000000000051
04-07-2022,68.30000,1.0699999999999932
01-07-2022,67.23000,0.6899999999999977
30-06-2022,66.54000,-0.1799999999999926
29-06-2022,66.72000,-0.45000000000000284
28-06-2022,67.17000,-0.12000000000000455
27-06-2022,67.29000,0.5200000000000102
24-06-2022,66.77000,0.8399999999999892
23-06-2022,65.93000,1.0800000000000125
22-06-2022,64.85000,-0.75
21-06-2022,65.60000,0.9899999999999949
20-06-2022,64.61000,0.23999999999999488
17-06-2022,64.37000,-0.6499999999999915
16-06-2022,65.02000,-1.2199999999999989
15-06-2022,66.24000,0.3199999999999932
14-06-2022,65.92000,-0.21999999999999886
13-06-2022,66.14000,-1.2800000000000011
10-06-2022,67.42000,-0.37000000000000455
09-06-2022,67.79000,0.3300000000000125
08-06-2022,67.46000,-0.4300000000000068
07-06-2022,67.89000,-0.6299999999999955
06-06-2022,68.52000,-0.060000000000002274
03-06-2022,68.58000,-0.6899999999999977
02-06-2022,69.27000,0.009999999999990905
01-06-2022,69.26000,-0.19999999999998863
31-05-2022,69.46000,-0.28000000000000114
30-05-2022,69.74000,1.3999999999999915
27-05-2022,68.34000,0.8599999999999994
26-05-2022,67.48000,0.6500000000000057
25-05-2022,66.83000,-0.4899999999999949
24-05-2022,67.32000,-0.30000000000001137
23-05-2022,67.62000,0.1600000000000108
20-05-2022,67.46000,1.1999999999999886
19-05-2022,66.26000,-1.2199999999999989
18-05-2022,67.48000,0.020000000000010232
17-05-2022,67.46000,1.6599999999999966
16-05-2022,65.80000,0.5600000000000023
13-05-2022,65.24000,0.4099999999999966
12-05-2022,64.83000,-1.3599999999999994
11-05-2022,66.19000,-0.3299999999999983
10-05-2022,66.52000,-0.38000000000000966
09-05-2022,66.90000,-0.8599999999999994
06-05-2022,67.76000,-1.1400000000000006
05-05-2022,68.90000,-0.28000000000000114
04-05-2022,69.18000,-1.8399999999999892
02-05-2022,71.02000,-0.18999999999999773
29-04-2022,71.21000,-0.7600000000000051
28-04-2022,71.97000,0.9399999999999977
27-04-2022,71.03000,-0.9299999999999926
26-04-2022,71.96000,1.1299999999999955
25-04-2022,70.83000,-0.8100000000000023
22-04-2022,71.64000,-0.7399999999999949
21-04-2022,72.38000,0.769999999999996
20-04-2022,71.61000,0.35999999999999943
19-04-2022,71.25000,-0.9899999999999949
18-04-2022,72.24000,-0.3400000000000034
13-04-2022,72.58000,-0.12999999999999545
12-04-2022,72.71000,-0.5700000000000074
11-04-2022,73.28000,-0.0799999999999983
08-04-2022,73.36000,0.7600000000000051
07-04-2022,72.60000,-0.3200000000000074
06-04-2022,72.92000,-0.14999999999999147
05-04-2022,73.07000,0.4199999999999875
04-04-2022,72.65000,1.0400000000000063
01-04-2022,71.61000,0.7800000000000011
31-03-2022,70.83000,0.3299999999999983
30-03-2022,70.50000,0.6700000000000017
29-03-2022,69.83000,0.25
28-03-2022,69.58000,0.37000000000000455
25-03-2022,69.21000,-0.23000000000000398
24-03-2022,69.44000,-0.3500000000000085
23-03-2022,69.79000,-0.14999999999999147
22-03-2022,69.94000,0.18999999999999773
21-03-2022,69.75000,-0.730000000000004
17-03-2022,70.48000,1.2999999999999972
16-03-2022,69.18000,1.25
15-03-2022,67.93000,-0.01999999999999602
14-03-2022,67.95000,0.6700000000000017
11-03-2022,67.28000,0.18000000000000682
10-03-2022,67.10000,1.3399999999999892
09-03-2022,65.76000,1.1400000000000006
08-03-2022,64.62000,0.6800000000000068
07-03-2022,63.94000,-2.200000000000003
04-03-2022,66.14000,-1.730000000000004
03-03-2022,67.87000,-1.0899999999999892
02-03-2022,68.96000,-0.8700000000000045
28-02-2022,69.83000,0.28000000000000114
25-02-2022,69.55000,1.9200000000000017
24-02-2022,67.63000,-3.230000000000004
23-02-2022,70.86000,0.12999999999999545
22-02-2022,70.73000,-0.3199999999999932
21-02-2022,71.05000,-0.4399999999999977
18-02-2022,71.49000,-0.10000000000000853
17-02-2022,71.59000,-0.03999999999999204
16-02-2022,71.63000,-0.18999999999999773
15-02-2022,71.82000,2.1199999999999903
14-02-2022,69.70000,-2.1599999999999966
11-02-2022,71.86000,-1.019999999999996
10-02-2022,72.88000,0.19999999999998863
09-02-2022,72.68000,0.8600000000000136
08-02-2022,71.82000,-0.20000000000000284
07-02-2022,72.02000,-1.1899999999999977
04-02-2022,73.21000,-0.3300000000000125
03-02-2022,73.54000,-0.44999999999998863
02-02-2022,73.99000,0.8199999999999932
01-02-2022,73.17000,0.5100000000000051
31-01-2022,72.66000,0.8799999999999955
28-01-2022,71.78000,0.04999999999999716
27-01-2022,71.73000,-0.5699999999999932
25-01-2022,72.30000,0.9299999999999926
24-01-2022,71.37000,-2.3900000000000006
21-01-2022,73.76000,-1.0799999999999983
20-01-2022,74.84000,-0.18999999999999773
19-01-2022,75.03000,-0.25
18-01-2022,75.28000,-0.8900000000000006
17-01-2022,76.17000,0.2600000000000051
14-01-2022,75.91000,-0.0799999999999983
13-01-2022,75.99000,-0.07000000000000739
12-01-2022,76.06000,0.5799999999999983
11-01-2022,75.48000,-0.03999999999999204
10-01-2022,75.52000,0.46999999999999886
07-01-2022,75.05000,0.4299999999999926
06-01-2022,74.62000,-0.12999999999999545
05-01-2022,74.75000,0.4399999999999977
04-01-2022,74.31000,0.3500000000000085
03-01-2022,73.96000,0.769999999999996
31-12-2021,73.19000,0.9099999999999966
30-12-2021,72.28000,-0.0799999999999983
29-12-2021,72.36000,-0.0799999999999983
28-12-2021,72.44000,0.7099999999999937
27-12-2021,71.73000,0.27000000000001023
24-12-2021,71.46000,-0.5200000000000102
23-12-2021,71.98000,0.6500000000000057
22-12-2021,71.33000,0.8199999999999932
21-12-2021,70.51000,0.7700000000000102
20-12-2021,69.74000,-1.6700000000000017
17-12-2021,71.41000,-1.6000000000000085
16-12-2021,73.01000,-0.03999999999999204
15-12-2021,73.05000,-0.4000000000000057
14-12-2021,73.45000,-0.269999999999996
13-12-2021,73.72000,-0.030000000000001137
10-12-2021,73.75000,0.18999999999999773
09-12-2021,73.56000,-0.04999999999999716
08-12-2021,73.61000,1.3700000000000045
07-12-2021,72.24000,0.9899999999999949
06-12-2021,71.25000,-1.1200000000000045
03-12-2021,72.37000,-0.47999999999998977
02-12-2021,72.85000,0.5699999999999932
01-12-2021,72.28000,0.28000000000000114
30-11-2021,72.00000,0.7199999999999989
29-11-2021,71.28000,-0.29999999999999716
26-11-2021,71.58000,-2.549999999999997
25-11-2021,74.13000,0.19999999999998863
24-11-2021,73.93000,-0.03999999999999204
23-11-2021,73.97000,0.37000000000000455
22-11-2021,73.60000,-1.8300000000000125
18-11-2021,75.43000,-0.7399999999999949
17-11-2021,76.17000,-0.269999999999996
16-11-2021,76.44000,-0.1599999999999966
15-11-2021,76.60000,0.05999999999998806
12-11-2021,76.54000,0.8400000000000034
11-11-2021,75.70000,-0.5999999999999943
10-11-2021,76.30000,-0.04999999999999716
09-11-2021,76.35000,0.3199999999999932
08-11-2021,76.03000,1.1800000000000068
03-11-2021,74.85000,-0.12000000000000455
02-11-2021,74.97000,0.5300000000000011
01-11-2021,74.44000,0.980000000000004
29-10-2021,73.46000,-0.10999999999999943
28-10-2021,73.57000,-1.190000000000012
27-10-2021,74.76000,0.0799999999999983
26-10-2021,74.68000,1.1400000000000006
25-10-2021,73.54000,-0.20999999999999375
22-10-2021,73.75000,-0.29999999999999716
21-10-2021,74.05000,-0.5499999999999972
20-10-2021,74.60000,-1.1200000000000045
19-10-2021,75.72000,-1.1299999999999955
18-10-2021,76.85000,0.04999999999999716
14-10-2021,76.80000,0.46999999999999886
13-10-2021,76.33000,1.019999999999996
12-10-2021,75.31000,0.7800000000000011
11-10-2021,74.53000,0.710000000000008
08-10-2021,73.82000,0.01999999999999602
07-10-2021,73.80000,1.4699999999999989
06-10-2021,72.33000,-0.6400000000000006
05-10-2021,72.97000,0.269999999999996
04-10-2021,72.70000,0.6700000000000017
01-10-2021,72.03000,-0.20999999999999375
30-09-2021,72.24000,0.06999999999999318
29-09-2021,72.17000,-0.3199999999999932
28-09-2021,72.49000,-0.6800000000000068
27-09-2021,73.17000,0.04000000000000625
24-09-2021,73.13000,-0.23000000000000398
23-09-2021,73.36000,0.8700000000000045
22-09-2021,72.49000,-0.07000000000000739
21-09-2021,72.56000,0.3400000000000034
20-09-2021,72.22000,-0.8100000000000023
17-09-2021,73.03000,-0.23000000000000398
16-09-2021,73.26000,0.3299999999999983
15-09-2021,72.93000,0.30000000000001137
14-09-2021,72.63000,0.19999999999998863
13-09-2021,72.43000,-0.029999999999986926
09-09-2021,72.46000,0.01999999999999602
08-09-2021,72.44000,0.2599999999999909
07-09-2021,72.18000,0.10000000000000853
06-09-2021,72.08000,0.12000000000000455
03-09-2021,71.96000,0.11999999999999034
02-09-2021,71.84000,0.6200000000000045
01-09-2021,71.22000,0.4899999999999949
31-08-2021,70.73000,0.9000000000000057
30-08-2021,69.83000,1.2999999999999972
27-08-2021,68.53000,0.25
26-08-2021,68.28000,0.28000000000000114
25-08-2021,68.00000,-0.010000000000005116
24-08-2021,68.01000,0.5300000000000011
23-08-2021,67.48000,-0.28999999999999204
20-08-2021,67.77000,-0.2600000000000051
18-08-2021,68.03000,0.07000000000000739
17-08-2021,67.96000,0.37999999999999545
16-08-2021,67.58000,-0.1700000000000017
13-08-2021,67.75000,0.37999999999999545
12-08-2021,67.37000,0.4000000000000057
11-08-2021,66.97000,-0.18999999999999773
10-08-2021,67.16000,-0.10000000000000853
09-08-2021,67.26000,-0.11999999999999034
06-08-2021,67.38000,-0.18000000000000682
05-08-2021,67.56000,-0.35999999999999943
04-08-2021,67.92000,0.030000000000001137
03-08-2021,67.89000,0.8299999999999983
02-08-2021,67.06000,0.5400000000000063
30-07-2021,66.52000,0.060000000000002274
29-07-2021,66.46000,0.2599999999999909
28-07-2021,66.20000,-0.20999999999999375
27-07-2021,66.41000,-0.10000000000000853
26-07-2021,66.51000,0.07000000000000739
23-07-2021,66.44000,0.20999999999999375
22-07-2021,66.23000,0.730000000000004
20-07-2021,65.50000,-0.23999999999999488
19-07-2021,65.74000,-0.44000000000001194
16-07-2021,66.18000,0.27000000000001023
15-07-2021,65.91000,0.06999999999999318
14-07-2021,65.84000,0.10000000000000853
13-07-2021,65.74000,0.3199999999999932
12-07-2021,65.42000,0.2600000000000051
09-07-2021,65.16000,0.0
08-07-2021,65.16000,-0.4300000000000068
07-07-2021,65.59000,0.04999999999999716
06-07-2021,65.54000,0.0800000000000125
05-07-2021,65.46000,0.44999999999998863
02-07-2021,65.01000,0.35999999999999943
01-07-2021,64.65000,0.20000000000000284
30-06-2021,64.45000,-0.09000000000000341
29-06-2021,64.54000,-0.35999999999999943
28-06-2021,64.90000,0.04000000000000625
25-06-2021,64.86000,0.14000000000000057
24-06-2021,64.72000,0.3400000000000034
23-06-2021,64.38000,-0.18000000000000682
22-06-2021,64.56000,-0.0799999999999983
21-06-2021,64.64000,0.0799999999999983
18-06-2021,64.56000,-0.10999999999999943
17-06-2021,64.67000,-0.2600000000000051
16-06-2021,64.93000,-0.06999999999999318
15-06-2021,65.00000,0.5600000000000023
14-06-2021,64.44000,-0.030000000000001137
11-06-2021,64.47000,-0.01999999999999602
10-06-2021,64.49000,0.6899999999999977
09-06-2021,63.80000,-0.2400000000000091
08-06-2021,64.04000,-0.04999999999999716
07-06-2021,64.09000,0.09000000000000341
04-06-2021,64.00000,-0.04999999999999716
03-06-2021,64.05000,0.7299999999999969
02-06-2021,63.32000,0.4200000000000017
01-06-2021,62.90000,-0.14999999999999858
31-05-2021,63.05000,0.4799999999999969
28-05-2021,62.57000,-0.14000000000000057
27-05-2021,62.71000,0.14999999999999858
26-05-2021,62.56000,0.3100000000000023
25-05-2021,62.25000,0.14000000000000057
24-05-2021,62.11000,0.10999999999999943
21-05-2021,62.00000,0.6599999999999966
20-05-2021,61.34000,-0.28999999999999915
19-05-2021,61.63000,-0.12999999999999545
18-05-2021,61.76000,1.2100000000000009
17-05-2021,60.55000,1.1199999999999974
14-05-2021,59.43000,0.020000000000003126
12-05-2021,59.41000,-0.6200000000000045
11-05-2021,60.03000,0.060000000000002274
10-05-2021,59.97000,0.21000000000000085
07-05-2021,59.76000,-0.28000000000000114
06-05-2021,60.04000,0.259999999999998
05-05-2021,59.78000,0.3999999999999986
04-05-2021,59.38000,-0.6099999999999994
03-05-2021,59.99000,0.0
30-04-2021,59.99000,-1.1499999999999986
29-04-2021,61.14000,0.0
28-04-2021,61.14000,1.009999999999998
27-04-2021,60.13000,0.8400000000000034
26-04-2021,59.29000,0.5
23-04-2021,58.79000,-0.10000000000000142
22-04-2021,58.89000,0.35999999999999943
20-04-2021,58.53000,0.1600000000000037
19-04-2021,58.37000,-0.9600000000000009
16-04-2021,59.33000,0.6000000000000014
15-04-2021,58.73000,0.18999999999999773
13-04-2021,58.54000,0.8999999999999986
12-04-2021,57.64000,-2.6899999999999977
09-04-2021,60.33000,-0.240000000000002
08-04-2021,60.57000,0.259999999999998
07-04-2021,60.31000,1.0100000000000051
06-04-2021,59.30000,0.1599999999999966
05-04-2021,59.14000,-1.5
01-04-2021,60.64000,0.5799999999999983
31-03-2021,60.06000,-0.12999999999999545
30-03-2021,60.19000,0.8599999999999994
26-03-2021,59.33000,1.0899999999999963
25-03-2021,58.24000,-0.9699999999999989
24-03-2021,59.21000,-1.2100000000000009
23-03-2021,60.42000,0.3299999999999983
22-03-2021,60.09000,-0.25
19-03-2021,60.34000,0.6200000000000045
18-03-2021,59.72000,-0.5799999999999983
17-03-2021,60.30000,-1.1000000000000014
16-03-2021,61.40000,-0.00999999999999801
15-03-2021,61.41000,-0.37000000000000455
12-03-2021,61.78000,-0.5899999999999963
10-03-2021,62.37000,0.5
09-03-2021,61.87000,0.10999999999999943
08-03-2021,61.76000,0.01999999999999602
05-03-2021,61.74000,-0.9399999999999977
04-03-2021,62.68000,-0.22999999999999687
03-03-2021,62.91000,0.9699999999999989
02-03-2021,61.94000,0.6799999999999997
01-03-2021,61.26000,0.6999999999999957
26-02-2021,60.56000,-1.8599999999999994
25-02-2021,62.42000,0.3400000000000034
24-02-2021,62.08000,0.7800000000000011
23-02-2021,61.30000,0.3999999999999986
22-02-2021,60.90000,-0.8299999999999983
19-02-2021,61.73000,-1.2100000000000009
18-02-2021,62.94000,0.01999999999999602
17-02-2021,62.92000,-0.28000000000000114
16-02-2021,63.20000,-0.3499999999999943
15-02-2021,63.55000,1.0599999999999952
12-02-2021,62.49000,-0.07000000000000028
11-02-2021,62.56000,0.5399999999999991
10-02-2021,62.02000,0.3200000000000003
09-02-2021,61.70000,0.20000000000000284
08-02-2021,61.50000,0.7000000000000028
05-02-2021,60.80000,0.25
04-02-2021,60.55000,0.9099999999999966
03-02-2021,59.64000,0.4200000000000017
02-02-2021,59.22000,1.4699999999999989
01-02-2021,57.75000,2.509999999999998
29-01-2021,55.24000,-0.9299999999999997
28-01-2021,56.17000,0.03999999999999915
27-01-2021,56.13000,-0.9299999999999997
25-01-2021,57.06000,-0.5499999999999972
22-01-2021,57.61000,-0.6400000000000006
21-01-2021,58.25000,0.4200000000000017
20-01-2021,57.83000,0.46999999999999886
19-01-2021,57.36000,0.9299999999999997
18-01-2021,56.43000,-0.7000000000000028
15-01-2021,57.13000,-0.75
14-01-2021,57.88000,-0.05999999999999517
13-01-2021,57.94000,-0.3300000000000054
12-01-2021,58.27000,-0.01999999999999602
11-01-2021,58.29000,0.35999999999999943
08-01-2021,57.93000,0.6899999999999977
07-01-2021,57.24000,0.3999999999999986
06-01-2021,56.84000,0.09000000000000341
05-01-2021,56.75000,0.490000000000002
04-01-2021,56.26000,0.3399999999999963
01-01-2021,55.92000,0.4299999999999997
31-12-2020,55.49000,0.23000000000000398
30-12-2020,55.26000,0.28000000000000114
29-12-2020,54.98000,0.1599999999999966
28-12-2020,54.82000,0.5
24-12-2020,54.32000,0.4799999999999969
23-12-2020,53.84000,0.6500000000000057
22-12-2020,53.19000,0.3499999999999943
21-12-2020,52.84000,-1.6799999999999997
18-12-2020,54.52000,-0.05999999999999517
17-12-2020,54.58000,0.30999999999999517
16-12-2020,54.27000,0.5300000000000011
15-12-2020,53.74000,0.09000000000000341
14-12-2020,53.65000,0.18999999999999773
11-12-2020,53.46000,0.1700000000000017
10-12-2020,53.29000,0.1700000000000017
09-12-2020,53.12000,0.29999999999999716
08-12-2020,52.82000,0.030000000000001137
07-12-2020,52.79000,0.18999999999999773
04-12-2020,52.60000,0.44000000000000483
03-12-2020,52.16000,0.3499999999999943
02-12-2020,51.81000,0.0
01-12-2020,51.81000,0.23000000000000398
27-11-2020,51.58000,0.8099999999999952
26-11-2020,50.77000,0.4200000000000017
25-11-2020,50.35000,-0.8799999999999955
24-11-2020,51.23000,0.4199999999999946
23-11-2020,50.81000,0.25
20-11-2020,50.56000,0.5399999999999991
19-11-2020,50.02000,-0.6299999999999955
18-11-2020,50.65000,0.29999999999999716
17-11-2020,50.35000,0.5600000000000023
13-11-2020,49.79000,0.36999999999999744
12-11-2020,49.42000,-0.01999999999999602
11-11-2020,49.44000,0.17999999999999972
10-11-2020,49.26000,0.1699999999999946
09-11-2020,49.09000,0.4300000000000068
06-11-2020,48.66000,0.30999999999999517
05-11-2020,48.35000,0.6700000000000017
04-11-2020,47.68000,0.3299999999999983
03-11-2020,47.35000,0.5
02-11-2020,46.85000,0.020000000000003126
30-10-2020,46.83000,-0.20000000000000284
29-10-2020,47.03000,0.00999999999999801
28-10-2020,47.02000,-0.37999999999999545
27-10-2020,47.40000,0.7899999999999991
26-10-2020,46.61000,-0.7199999999999989
23-10-2020,47.33000,0.5300000000000011
22-10-2020,46.80000,0.02999999999999403
21-10-2020,46.77000,-0.259999999999998
20-10-2020,47.03000,0.14000000000000057
19-10-2020,46.89000,0.35999999999999943
16-10-2020,46.53000,0.5399999999999991
15-10-2020,45.99000,-0.6799999999999997
14-10-2020,46.67000,0.28000000000000114
13-10-2020,46.39000,-0.00999999999999801
12-10-2020,46.40000,-0.12000000000000455
09-10-2020,46.52000,-0.0899999999999963
08-10-2020,46.61000,0.04999999999999716
07-10-2020,46.56000,0.1700000000000017
06-10-2020,46.39000,0.3200000000000003
05-10-2020,46.07000,-0.030000000000001137
01-10-2020,46.10000,0.38000000000000256
30-09-2020,45.72000,-0.030000000000001137
29-09-2020,45.75000,0.11999999999999744
28-09-2020,45.63000,0.9600000000000009
25-09-2020,44.67000,0.8500000000000014
24-09-2020,43.82000,-0.8699999999999974
23-09-2020,44.69000,0.10999999999999943
22-09-2020,44.58000,-0.4299999999999997
21-09-2020,45.01000,-1.5100000000000051
18-09-2020,46.52000,-0.13999999999999346
17-09-2020,46.66000,-0.36000000000000654
16-09-2020,47.02000,0.3500000000000014
15-09-2020,46.67000,0.3200000000000003
14-09-2020,46.35000,0.730000000000004
11-09-2020,45.62000,0.11999999999999744
10-09-2020,45.50000,0.490000000000002
09-09-2020,45.01000,-0.05000000000000426
08-09-2020,45.06000,-0.14000000000000057
07-09-2020,45.20000,-0.09999999999999432
04-09-2020,45.30000,-0.45000000000000284
03-09-2020,45.75000,0.0799999999999983
02-09-2020,45.67000,0.44000000000000483
01-09-2020,45.23000,0.4899999999999949
31-08-2020,44.74000,-1.4899999999999949
28-08-2020,46.23000,-0.07000000000000028
27-08-2020,46.30000,0.00999999999999801
26-08-2020,46.29000,0.11999999999999744
25-08-2020,46.17000,0.05000000000000426
24-08-2020,46.12000,0.4299999999999997
21-08-2020,45.69000,0.35999999999999943
20-08-2020,45.33000,-0.19000000000000483
19-08-2020,45.52000,0.15000000000000568
18-08-2020,45.37000,0.6199999999999974
17-08-2020,44.75000,0.240000000000002
14-08-2020,44.51000,-0.44000000000000483
13-08-2020,44.95000,0.10999999999999943
12-08-2020,44.84000,-0.05999999999999517
11-08-2020,44.90000,-0.020000000000003126
10-08-2020,44.92000,0.20000000000000284
07-08-2020,44.72000,0.14999999999999858
06-08-2020,44.57000,0.18999999999999773
05-08-2020,44.38000,0.17999999999999972
04-08-2020,44.20000,0.5800000000000054
03-08-2020,43.62000,-0.17999999999999972
31-07-2020,43.80000,0.18999999999999773
30-07-2020,43.61000,-0.2700000000000031
29-07-2020,43.88000,-0.30999999999999517
28-07-2020,44.19000,0.269999999999996
27-07-2020,43.92000,-0.28000000000000114
24-07-2020,44.20000,-0.11999999999999744
23-07-2020,44.32000,0.3999999999999986
22-07-2020,43.92000,-0.21000000000000085
21-07-2020,44.13000,0.23000000000000398
20-07-2020,43.90000,0.6899999999999977
17-07-2020,43.21000,0.6199999999999974
16-07-2020,42.59000,0.3200000000000003
15-07-2020,42.27000,-0.12999999999999545
14-07-2020,42.40000,-0.4200000000000017
13-07-2020,42.82000,0.1700000000000017
10-07-2020,42.65000,0.00999999999999801
09-07-2020,42.64000,0.3299999999999983
08-07-2020,42.31000,-0.29999999999999716
07-07-2020,42.61000,0.20000000000000284
06-07-2020,42.41000,0.4799999999999969
03-07-2020,41.93000,0.29999999999999716
02-07-2020,41.63000,0.23000000000000398
01-07-2020,41.40000,-0.00999999999999801
30-06-2020,41.41000,0.18999999999999773
29-06-2020,41.22000,-0.09000000000000341
26-06-2020,41.31000,-0.09999999999999432
25-06-2020,41.41000,0.269999999999996
24-06-2020,41.14000,-0.35999999999999943
23-06-2020,41.50000,0.8200000000000003
22-06-2020,40.68000,0.29999999999999716
19-06-2020,40.38000,0.4200000000000017
18-06-2020,39.96000,0.23000000000000398
17-06-2020,39.73000,-0.14000000000000057
16-06-2020,39.87000,0.12999999999999545
15-06-2020,39.74000,-0.39000000000000057
12-06-2020,40.13000,0.3200000000000003
11-06-2020,39.81000,-0.5799999999999983
10-06-2020,40.39000,-0.00999999999999801
09-06-2020,40.40000,-0.4200000000000017
08-06-2020,40.82000,-0.14999999999999858
05-06-2020,40.97000,0.28000000000000114
04-06-2020,40.69000,-0.21000000000000085
03-06-2020,40.90000,0.3299999999999983
02-06-2020,40.57000,0.3500000000000014
01-06-2020,40.22000,0.6599999999999966
29-05-2020,39.56000,0.7199999999999989
28-05-2020,38.84000,0.5100000000000051
27-05-2020,38.33000,0.46999999999999886
26-05-2020,37.86000,0.13000000000000256
22-05-2020,37.73000,-0.240000000000002
21-05-2020,37.97000,0.269999999999996
20-05-2020,37.70000,0.5200000000000031
19-05-2020,37.18000,0.14000000000000057
18-05-2020,37.04000,-1.2100000000000009
15-05-2020,38.25000,-0.030000000000001137
14-05-2020,38.28000,-0.37999999999999545
13-05-2020,38.66000,0.4399999999999977
12-05-2020,38.22000,-0.00999999999999801
11-05-2020,38.23000,-0.060000000000002274
08-05-2020,38.29000,0.3200000000000003
07-05-2020,37.97000,-0.3999999999999986
06-05-2020,38.37000,0.35999999999999943
05-05-2020,38.01000,-0.6499999999999986
04-05-2020,38.66000,-1.5200000000000031
30-04-2020,40.18000,0.7000000000000028
29-04-2020,39.48000,0.01999999999999602
28-04-2020,39.46000,0.0799999999999983
27-04-2020,39.38000,0.740000000000002
24-04-2020,38.64000,-0.6000000000000014
23-04-2020,39.24000,0.20000000000000284
22-04-2020,39.04000,0.490000000000002
21-04-2020,38.55000,-0.7700000000000031
20-04-2020,39.32000,-0.1700000000000017
17-04-2020,39.49000,0.740000000000002
16-04-2020,38.75000,0.39000000000000057
15-04-2020,38.36000,0.22999999999999687
13-04-2020,38.13000,-0.4899999999999949
09-04-2020,38.62000,0.9799999999999969
08-04-2020,37.64000,0.28000000000000114
07-04-2020,37.36000,2.8500000000000014
03-04-2020,34.51000,-0.8100000000000023
01-04-2020,35.32000,-1.1700000000000017
31-03-2020,36.49000,1.4400000000000048
30-03-2020,35.05000,-0.8100000000000023
27-03-2020,35.86000,-0.0799999999999983
26-03-2020,35.94000,1.3900000000000006
25-03-2020,34.55000,1.6199999999999974
24-03-2020,32.93000,0.8200000000000003
23-03-2020,32.11000,-4.579999999999998
20-03-2020,36.69000,2.1599999999999966
19-03-2020,34.53000,-1.5499999999999972
18-03-2020,36.08000,-2.3800000000000026
17-03-2020,38.46000,-0.5300000000000011
16-03-2020,38.99000,-2.3599999999999994
13-03-2020,41.35000,0.7700000000000031
12-03-2020,40.58000,-2.8900000000000006
11-03-2020,43.47000,-0.060000000000002274
09-03-2020,43.53000,-1.9699999999999989
06-03-2020,45.50000,-0.6599999999999966
05-03-2020,46.16000,0.27999999999999403
04-03-2020,45.88000,-0.5
03-03-2020,46.38000,0.44000000000000483
02-03-2020,45.94000,-0.3200000000000003
28-02-2020,46.26000,-1.3599999999999994
27-02-2020,47.62000,-0.12000000000000455
26-02-2020,47.74000,-0.25
25-02-2020,47.99000,-0.17999999999999972
24-02-2020,48.17000,-0.8500000000000014
20-02-2020,49.02000,-0.14999999999999858
19-02-2020,49.17000,0.9500000000000028
18-02-2020,48.22000,-0.05000000000000426
17-02-2020,48.27000,-0.1599999999999966
14-02-2020,48.43000,-0.3200000000000003
13-02-2020,48.75000,0.13000000000000256
12-02-2020,48.62000,0.4899999999999949
11-02-2020,48.13000,-0.04999999999999716
10-02-2020,48.18000,0.0799999999999983
07-02-2020,48.10000,0.0799999999999983
06-02-2020,48.02000,0.23000000000000398
05-02-2020,47.79000,0.39000000000000057
04-02-2020,47.40000,0.8699999999999974
03-02-2020,46.53000,-0.11999999999999744
31-01-2020,46.65000,0.12999999999999545
30-01-2020,46.52000,-0.27999999999999403
29-01-2020,46.80000,0.509999999999998
28-01-2020,46.29000,0.01999999999999602
27-01-2020,46.27000,-0.28999999999999915
24-01-2020,46.56000,0.490000000000002
23-01-2020,46.07000,0.28999999999999915
22-01-2020,45.78000,-0.12999999999999545
21-01-2020,45.91000,-0.240000000000002
20-01-2020,46.15000,-0.5399999999999991
17-01-2020,46.69000,0.1699999999999946
16-01-2020,46.52000,0.29000000000000625
15-01-2020,46.23000,0.1699999999999946
14-01-2020,46.06000,0.20000000000000284
13-01-2020,45.86000,0.39000000000000057
10-01-2020,45.47000,0.030000000000001137
09-01-2020,45.44000,0.6799999999999997
08-01-2020,44.76000,0.01999999999999602
07-01-2020,44.74000,0.28999999999999915
06-01-2020,44.45000,-0.8900000000000006
03-01-2020,45.34000,-0.20999999999999375
02-01-2020,45.55000,0.11999999999999744
01-01-2020,45.43000,-0.020000000000003126
31-12-2019,45.45000,-0.3399999999999963
30-12-2019,45.79000,0.10000000000000142
27-12-2019,45.69000,0.22999999999999687
26-12-2019,45.46000,-0.060000000000002274
24-12-2019,45.52000,-0.00999999999999801
23-12-2019,45.53000,0.030000000000001137
20-12-2019,45.50000,0.1700000000000017
19-12-2019,45.33000,0.14000000000000057
18-12-2019,45.19000,0.11999999999999744
17-12-2019,45.07000,0.1600000000000037
16-12-2019,44.91000,-0.2600000000000051
13-12-2019,45.17000,0.19000000000000483
12-12-2019,44.98000,0.28999999999999915
11-12-2019,44.69000,0.1699999999999946
10-12-2019,44.52000,-0.21999999999999886
09-12-2019,44.74000,-0.10999999999999943
06-12-2019,44.85000,-0.21999999999999886
05-12-2019,45.07000,-0.04999999999999716
04-12-2019,45.12000,0.09999999999999432
03-12-2019,45.02000,-0.05999999999999517
02-12-2019,45.08000,-0.12000000000000455
29-11-2019,45.20000,-0.35999999999999943
28-11-2019,45.56000,0.05000000000000426
27-11-2019,45.51000,0.259999999999998
26-11-2019,45.25000,-0.25
25-11-2019,45.50000,0.46999999999999886
22-11-2019,45.03000,-0.3299999999999983
21-11-2019,45.36000,-0.07000000000000028
20-11-2019,45.43000,0.0899999999999963
19-11-2019,45.34000,0.010000000000005116
18-11-2019,45.33000,-0.28999999999999915
15-11-2019,45.62000,0.03999999999999915
14-11-2019,45.58000,0.0
13-11-2019,45.58000,0.030000000000001137
11-11-2019,45.55000,0.20999999999999375
08-11-2019,45.34000,-0.3199999999999932
07-11-2019,45.66000,0.259999999999998
06-11-2019,45.40000,-0.10000000000000142
05-11-2019,45.50000,-0.00999999999999801
04-11-2019,45.51000,-0.12000000000000455
01-11-2019,45.63000,-0.1699999999999946
31-10-2019,45.80000,0.07000000000000028
30-10-2019,45.73000,0.21999999999999886
29-10-2019,45.51000,0.3200000000000003
25-10-2019,45.19000,-0.3100000000000023
24-10-2019,45.50000,0.0799999999999983
23-10-2019,45.42000,0.28000000000000114
22-10-2019,45.14000,0.3100000000000023
18-10-2019,44.83000,0.5
17-10-2019,44.33000,0.6099999999999994
16-10-2019,43.72000,0.0799999999999983
15-10-2019,43.64000,0.21999999999999886
14-10-2019,43.42000,0.490000000000002
11-10-2019,42.93000,0.030000000000001137
10-10-2019,42.90000,-0.10999999999999943
09-10-2019,43.01000,0.759999999999998
07-10-2019,42.25000,0.00999999999999801
04-10-2019,42.24000,-0.6099999999999994
03-10-2019,42.85000,-0.4099999999999966
01-10-2019,43.26000,-0.3300000000000054
30-09-2019,43.59000,-0.23999999999999488
27-09-2019,43.83000,0.11999999999999744
26-09-2019,43.71000,0.3500000000000014
25-09-2019,43.36000,-0.5
24-09-2019,43.86000,-0.18999999999999773
23-09-2019,44.05000,1.6899999999999977
20-09-2019,42.36000,2.4200000000000017
19-09-2019,39.94000,-0.28999999999999915
18-09-2019,40.23000,0.20999999999999375
17-09-2019,40.02000,-0.3499999999999943
16-09-2019,40.37000,0.09999999999999432
13-09-2019,40.27000,0.1600000000000037
12-09-2019,40.11000,-0.04999999999999716
11-09-2019,40.16000,0.10999999999999943
09-09-2019,40.05000,0.35999999999999943
06-09-2019,39.69000,0.17999999999999972
05-09-2019,39.51000,-0.020000000000003126
04-09-2019,39.53000,-0.04999999999999716
03-09-2019,39.58000,-0.8900000000000006
30-08-2019,40.47000,0.46999999999999886
29-08-2019,40.00000,-0.07000000000000028
28-08-2019,40.07000,-0.14000000000000057
27-08-2019,40.21000,0.259999999999998
26-08-2019,39.95000,0.7900000000000063
23-08-2019,39.16000,0.01999999999999602
22-08-2019,39.14000,-0.4399999999999977
21-08-2019,39.58000,-0.30000000000000426
20-08-2019,39.88000,-0.1699999999999946
19-08-2019,40.05000,0.11999999999999744
16-08-2019,39.93000,0.10000000000000142
14-08-2019,39.83000,0.25
13-08-2019,39.58000,-0.8100000000000023
09-08-2019,40.39000,0.5200000000000031
08-08-2019,39.87000,0.37999999999999545
07-08-2019,39.49000,-0.1599999999999966
06-08-2019,39.65000,0.6400000000000006
05-08-2019,39.01000,-0.35999999999999943
02-08-2019,39.37000,0.11999999999999744
01-08-2019,39.25000,-0.3500000000000014
31-07-2019,39.60000,0.05000000000000426
30-07-2019,39.55000,-0.3300000000000054
29-07-2019,39.88000,-0.05999999999999517
26-07-2019,39.94000,0.269999999999996
25-07-2019,39.67000,-0.05999999999999517
24-07-2019,39.73000,-0.22000000000000597
23-07-2019,39.95000,0.020000000000003126
22-07-2019,39.93000,-0.4299999999999997
19-07-2019,40.36000,-0.5600000000000023
18-07-2019,40.92000,-0.3500000000000014
17-07-2019,41.27000,0.13000000000000256
16-07-2019,41.14000,0.29999999999999716
15-07-2019,40.84000,-0.18999999999999773
12-07-2019,41.03000,0.0799999999999983
11-07-2019,40.95000,-0.00999999999999801
10-07-2019,40.96000,-0.19999999999999574
09-07-2019,41.16000,-0.1700000000000017
08-07-2019,41.33000,-0.8299999999999983
05-07-2019,42.16000,-0.09000000000000341
04-07-2019,42.25000,0.00999999999999801
03-07-2019,42.24000,0.020000000000003126
02-07-2019,42.22000,0.0799999999999983
01-07-2019,42.14000,0.10999999999999943
28-06-2019,42.03000,-0.0799999999999983
27-06-2019,42.11000,0.20000000000000284
26-06-2019,41.91000,0.11999999999999744
25-06-2019,41.79000,0.29999999999999716
24-06-2019,41.49000,-0.14000000000000057
21-06-2019,41.63000,-0.21000000000000085
20-06-2019,41.84000,0.37000000000000455
19-06-2019,41.47000,-0.10000000000000142
18-06-2019,41.57000,0.03999999999999915
17-06-2019,41.53000,-0.5300000000000011
14-06-2019,42.06000,-0.46000000000000085
13-06-2019,42.52000,0.10000000000000142
12-06-2019,42.42000,-0.12999999999999545
11-06-2019,42.55000,0.0799999999999983
10-06-2019,42.47000,0.240000000000002
07-06-2019,42.23000,0.1599999999999966
06-06-2019,42.07000,-0.4099999999999966
04-06-2019,42.48000,-0.17999999999999972
03-06-2019,42.66000,0.519999999999996
31-05-2019,42.14000,0.20000000000000284
30-05-2019,41.94000,0.23999999999999488
29-05-2019,41.70000,-0.259999999999998
28-05-2019,41.96000,0.00999999999999801
27-05-2019,41.95000,0.3200000000000003
24-05-2019,41.63000,0.6700000000000017
23-05-2019,40.96000,-0.3399999999999963
22-05-2019,41.30000,0.17999999999999972
21-05-2019,41.12000,-0.2600000000000051
20-05-2019,41.38000,1.220000000000006
17-05-2019,40.16000,0.6199999999999974
16-05-2019,39.54000,0.21000000000000085
15-05-2019,39.33000,-0.1600000000000037
14-05-2019,39.49000,0.13000000000000256
13-05-2019,39.36000,-0.4200000000000017
10-05-2019,39.78000,0.030000000000001137
09-05-2019,39.75000,-0.030000000000001137
08-05-2019,39.78000,-0.4399999999999977
07-05-2019,40.22000,-0.3200000000000003
06-05-2019,40.54000,-0.480000000000004
03-05-2019,41.02000,-0.04999999999999716
02-05-2019,41.07000,-0.38000000000000256
30-04-2019,41.45000,0.05000000000000426
26-04-2019,41.40000,0.21000000000000085
25-04-2019,41.19000,-0.21000000000000085
24-04-2019,41.40000,0.3500000000000014
23-04-2019,41.05000,-0.030000000000001137
22-04-2019,41.08000,-0.5100000000000051
18-04-2019,41.59000,-0.23999999999999488
16-04-2019,41.83000,0.3299999999999983
15-04-2019,41.50000,0.10999999999999943
12-04-2019,41.39000,0.21999999999999886
11-04-2019,41.17000,0.0
10-04-2019,41.17000,-0.1700000000000017
09-04-2019,41.34000,0.030000000000001137
08-04-2019,41.31000,-0.25
05-04-2019,41.56000,0.020000000000003126
04-04-2019,41.54000,-0.0799999999999983
03-04-2019,41.62000,-0.23000000000000398
02-04-2019,41.85000,-0.10000000000000142
01-04-2019,41.95000,-0.14000000000000057
29-03-2019,42.09000,0.25
28-03-2019,41.84000,0.4200000000000017
27-03-2019,41.42000,-0.00999999999999801
26-03-2019,41.43000,0.7100000000000009
25-03-2019,40.72000,-0.3500000000000014
22-03-2019,41.07000,-0.21000000000000085
20-03-2019,41.28000,-0.060000000000002274
19-03-2019,41.34000,0.240000000000002
18-03-2019,41.10000,0.23000000000000398
15-03-2019,40.87000,0.05999999999999517
14-03-2019,40.81000,-0.11999999999999744
13-03-2019,40.93000,0.0799999999999983
12-03-2019,40.85000,0.37000000000000455
11-03-2019,40.48000,0.6999999999999957
08-03-2019,39.78000,-0.04999999999999716
07-03-2019,39.83000,0.03999999999999915
06-03-2019,39.79000,0.18999999999999773
05-03-2019,39.60000,0.5200000000000031
01-03-2019,39.08000,0.14999999999999858
28-02-2019,38.93000,0.17999999999999972
27-02-2019,38.75000,-0.10999999999999943
26-02-2019,38.86000,-0.1700000000000017
25-02-2019,39.03000,0.17999999999999972
22-02-2019,38.85000,0.03999999999999915
21-02-2019,38.81000,0.2600000000000051
20-02-2019,38.55000,0.3200000000000003
19-02-2019,38.23000,-0.010000000000005116
18-02-2019,38.24000,-0.29999999999999716
15-02-2019,38.54000,-0.35999999999999943
14-02-2019,38.90000,-0.10999999999999943
13-02-2019,39.01000,-0.28000000000000114
12-02-2019,39.29000,-0.28000000000000114
11-02-2019,39.57000,-0.46000000000000085
08-02-2019,40.03000,-0.490000000000002
07-02-2019,40.52000,0.20000000000000284
06-02-2019,40.32000,0.22999999999999687
05-02-2019,40.09000,-0.11999999999999744
04-02-2019,40.21000,0.07000000000000028
01-02-2019,40.14000,0.509999999999998
31-01-2019,39.63000,0.6099999999999994
30-01-2019,39.02000,0.29000000000000625
29-01-2019,38.73000,-0.020000000000003126
28-01-2019,38.75000,-0.46999999999999886
25-01-2019,39.22000,-0.25
24-01-2019,39.47000,0.01999999999999602
23-01-2019,39.45000,-0.21999999999999886
22-01-2019,39.67000,-0.03999999999999915
21-01-2019,39.71000,0.00999999999999801
18-01-2019,39.70000,-0.07000000000000028
17-01-2019,39.77000,-0.01999999999999602
16-01-2019,39.79000,-0.13000000000000256
15-01-2019,39.92000,0.3400000000000034
14-01-2019,39.58000,-0.21999999999999886
11-01-2019,39.80000,-0.010000000000005116
10-01-2019,39.81000,0.030000000000001137
09-01-2019,39.78000,0.21999999999999886
08-01-2019,39.56000,0.13000000000000256
07-01-2019,39.43000,0.10000000000000142
04-01-2019,39.33000,-0.030000000000001137
03-01-2019,39.36000,-0.09000000000000341
02-01-2019,39.45000,-0.3299999999999983
01-01-2019,39.78000,0.00999999999999801
31-12-2018,39.77000,0.09000000000000341
28-12-2018,39.68000,0.38000000000000256
27-12-2018,39.30000,0.1699999999999946
26-12-2018,39.13000,0.14000000000000057
24-12-2018,38.99000,-0.6299999999999955
21-12-2018,39.62000,-0.6600000000000037
20-12-2018,40.28000,-0.14000000000000057
19-12-2018,40.42000,0.5
18-12-2018,39.92000,0.12000000000000455
17-12-2018,39.80000,0.17999999999999972
14-12-2018,39.62000,0.10999999999999943
13-12-2018,39.51000,0.23999999999999488
12-12-2018,39.27000,0.7000000000000028
11-12-2018,38.57000,0.6300000000000026
10-12-2018,37.94000,-0.7800000000000011
07-12-2018,38.72000,0.37999999999999545
06-12-2018,38.34000,-0.7199999999999989
05-12-2018,39.06000,-0.1599999999999966
04-12-2018,39.22000,-0.259999999999998
03-12-2018,39.48000,0.07000000000000028
30-11-2018,39.41000,0.14999999999999858
29-11-2018,39.26000,0.4099999999999966
28-11-2018,38.85000,-0.03999999999999915
27-11-2018,38.89000,0.2700000000000031
26-11-2018,38.62000,0.6699999999999946
22-11-2018,37.95000,-0.259999999999998
21-11-2018,38.21000,0.18999999999999773
20-11-2018,38.02000,-0.3200000000000003
19-11-2018,38.34000,0.21000000000000085
16-11-2018,38.13000,0.21000000000000085
15-11-2018,37.92000,0.3100000000000023
14-11-2018,37.61000,0.4099999999999966
13-11-2018,37.20000,0.3100000000000023
12-11-2018,36.89000,-0.3299999999999983
09-11-2018,37.22000,0.5499999999999972
06-11-2018,36.67000,-0.25
05-11-2018,36.92000,0.020000000000003126
02-11-2018,36.90000,0.490000000000002
01-11-2018,36.41000,0.01999999999999602
31-10-2018,36.39000,0.6700000000000017
30-10-2018,35.72000,-0.10000000000000142
29-10-2018,35.82000,0.7999999999999972
26-10-2018,35.02000,-0.23999999999999488
25-10-2018,35.26000,-0.1700000000000017
24-10-2018,35.43000,0.2700000000000031
23-10-2018,35.16000,-0.5200000000000031
22-10-2018,35.68000,-0.240000000000002
19-10-2018,35.92000,-0.25
17-10-2018,36.17000,-0.4899999999999949
16-10-2018,36.66000,0.4399999999999977
15-10-2018,36.22000,-0.14000000000000057
12-10-2018,36.36000,1.009999999999998
11-10-2018,35.35000,-0.5899999999999963
10-10-2018,35.94000,1.0999999999999943
09-10-2018,34.84000,-0.4799999999999969
08-10-2018,35.32000,0.0799999999999983
05-10-2018,35.24000,-0.6199999999999974
04-10-2018,35.86000,-0.7199999999999989
03-10-2018,36.58000,-0.46000000000000085
01-10-2018,37.04000,0.04999999999999716
28-09-2018,36.99000,-0.22999999999999687
27-09-2018,37.22000,-0.480000000000004
26-09-2018,37.70000,-0.09999999999999432
25-09-2018,37.80000,0.23999999999999488
24-09-2018,37.56000,-0.9299999999999997
21-09-2018,38.49000,-0.4399999999999977
19-09-2018,38.93000,-0.5
18-09-2018,39.43000,-0.20000000000000284
17-09-2018,39.63000,-0.5499999999999972
14-09-2018,40.18000,0.6199999999999974
12-09-2018,39.56000,0.21000000000000085
11-09-2018,39.35000,-0.519999999999996
10-09-2018,39.87000,-0.8599999999999994
07-09-2018,40.73000,0.30999999999999517
06-09-2018,40.42000,-0.10000000000000142
05-09-2018,40.52000,-0.4099999999999966
04-09-2018,40.93000,-0.9299999999999997
03-09-2018,41.86000,-0.5399999999999991
31-08-2018,42.40000,-0.060000000000002274
30-08-2018,42.46000,-0.21999999999999886
29-08-2018,42.68000,-0.11999999999999744
28-08-2018,42.80000,0.07000000000000028
27-08-2018,42.73000,0.46999999999999886
24-08-2018,42.26000,-0.14000000000000057
23-08-2018,42.40000,0.04999999999999716
21-08-2018,42.35000,0.14000000000000057
20-08-2018,42.21000,0.13000000000000256
17-08-2018,42.08000,0.36999999999999744
16-08-2018,41.71000,-0.14999999999999858
14-08-2018,41.86000,0.4200000000000017
13-08-2018,41.44000,-0.35999999999999943
10-08-2018,41.80000,-0.10000000000000142
09-08-2018,41.90000,0.04999999999999716
08-08-2018,41.85000,0.28999999999999915
07-08-2018,41.56000,0.3400000000000034
06-08-2018,41.22000,-0.14999999999999858
03-08-2018,41.37000,0.29999999999999716
02-08-2018,41.07000,-0.18999999999999773
01-08-2018,41.26000,0.11999999999999744
31-07-2018,41.14000,0.3299999999999983
30-07-2018,40.81000,0.03999999999999915
27-07-2018,40.77000,0.28000000000000114
26-07-2018,40.49000,0.03999999999999915
25-07-2018,40.45000,-0.01999999999999602
24-07-2018,40.47000,0.259999999999998
23-07-2018,40.21000,0.5
20-07-2018,39.71000,0.4200000000000017
19-07-2018,39.29000,-0.05000000000000426
18-07-2018,39.34000,-0.1599999999999966
17-07-2018,39.50000,0.22999999999999687
16-07-2018,39.27000,-0.27999999999999403
13-07-2018,39.55000,-0.240000000000002
12-07-2018,39.79000,0.1700000000000017
11-07-2018,39.62000,-0.13000000000000256
10-07-2018,39.75000,0.25
09-07-2018,39.50000,0.3200000000000003
06-07-2018,39.18000,0.020000000000003126
05-07-2018,39.16000,-0.020000000000003126
04-07-2018,39.18000,0.14000000000000057
03-07-2018,39.04000,0.11999999999999744
02-07-2018,38.92000,-0.030000000000001137
29-06-2018,38.95000,0.46000000000000085
28-06-2018,38.49000,-0.4299999999999997
27-06-2018,38.92000,-0.37999999999999545
26-06-2018,39.30000,0.10999999999999943
25-06-2018,39.19000,-0.2600000000000051
22-06-2018,39.45000,0.30000000000000426
21-06-2018,39.15000,-0.13000000000000256
20-06-2018,39.28000,0.14000000000000057
19-06-2018,39.14000,-0.3500000000000014
18-06-2018,39.49000,-0.12999999999999545
15-06-2018,39.62000,-0.07000000000000028
14-06-2018,39.69000,-0.12000000000000455
13-06-2018,39.81000,-0.1599999999999966
12-06-2018,39.97000,0.17999999999999972
11-06-2018,39.79000,0.0799999999999983
08-06-2018,39.71000,0.05000000000000426
07-06-2018,39.66000,0.3399999999999963
06-06-2018,39.32000,0.3999999999999986
05-06-2018,38.92000,-0.18999999999999773
04-06-2018,39.11000,-0.36999999999999744
01-06-2018,39.48000,-0.3400000000000034
31-05-2018,39.82000,0.3200000000000003
30-05-2018,39.50000,0.020000000000003126
29-05-2018,39.48000,-0.37000000000000455
28-05-2018,39.85000,0.3500000000000014
25-05-2018,39.50000,0.5399999999999991
24-05-2018,38.96000,0.28000000000000114
23-05-2018,38.68000,-0.3200000000000003
22-05-2018,39.00000,0.2700000000000031
21-05-2018,38.73000,-0.5800000000000054
18-05-2018,39.31000,-0.12999999999999545
17-05-2018,39.44000,-0.05000000000000426
16-05-2018,39.49000,0.010000000000005116
15-05-2018,39.48000,0.03999999999999915
14-05-2018,39.44000,-0.05000000000000426
11-05-2018,39.49000,0.28000000000000114
10-05-2018,39.21000,-0.18999999999999773
09-05-2018,39.40000,-0.05000000000000426
08-05-2018,39.45000,-0.01999999999999602
07-05-2018,39.47000,0.3100000000000023
04-05-2018,39.16000,-0.12000000000000455
03-05-2018,39.28000,-0.1599999999999966
02-05-2018,39.44000,-0.020000000000003126
30-04-2018,39.46000,0.3500000000000014
27-04-2018,39.11000,0.240000000000002
26-04-2018,38.87000,0.05999999999999517
25-04-2018,38.81000,-0.0899999999999963
24-04-2018,38.90000,0.05999999999999517
23-04-2018,38.84000,0.21000000000000085
20-04-2018,38.63000,-0.22999999999999687
19-04-2018,38.86000,0.10999999999999943
18-04-2018,38.75000,0.00999999999999801
17-04-2018,38.74000,0.240000000000002
16-04-2018,38.50000,0.240000000000002
13-04-2018,38.26000,-0.010000000000005116
12-04-2018,38.27000,-0.01999999999999602
11-04-2018,38.29000,-0.020000000000003126
10-04-2018,38.31000,-0.01999999999999602
09-04-2018,38.33000,0.25
06-04-2018,38.08000,0.21000000000000085
05-04-2018,37.87000,0.6199999999999974
04-04-2018,37.25000,-0.3299999999999983
03-04-2018,37.58000,0.21999999999999886
02-04-2018,37.36000,0.3399999999999963
28-03-2018,37.02000,-0.28999999999999915
27-03-2018,37.31000,0.25
26-03-2018,37.06000,0.5900000000000034
23-03-2018,36.47000,-0.28000000000000114
22-03-2018,36.75000,-0.14000000000000057
21-03-2018,36.89000,0.14000000000000057
20-03-2018,36.75000,0.04999999999999716
19-03-2018,36.70000,-0.3399999999999963
16-03-2018,37.04000,-0.4100000000000037
15-03-2018,37.45000,-0.01999999999999602
14-03-2018,37.47000,-0.00999999999999801
13-03-2018,37.48000,0.12999999999999545
12-03-2018,37.35000,0.490000000000002
09-03-2018,36.86000,0.13000000000000256
08-03-2018,36.73000,0.12999999999999545
07-03-2018,36.60000,-0.29999999999999716
06-03-2018,36.90000,-0.20000000000000284
05-03-2018,37.10000,-0.21000000000000085
01-03-2018,37.31000,-0.21999999999999886
28-02-2018,37.53000,-0.3200000000000003
27-02-2018,37.85000,-0.05999999999999517
26-02-2018,37.91000,0.3999999999999986
23-02-2018,37.51000,0.4099999999999966
22-02-2018,37.10000,-0.10000000000000142
21-02-2018,37.20000,0.12000000000000455
20-02-2018,37.08000,-0.020000000000003126
19-02-2018,37.10000,-0.1700000000000017
16-02-2018,37.27000,-0.45999999999999375
15-02-2018,37.73000,-0.09000000000000341
14-02-2018,37.82000,0.0
12-02-2018,37.82000,0.28999999999999915
09-02-2018,37.53000,-0.259999999999998
08-02-2018,37.79000,0.519999999999996
07-02-2018,37.27000,0.12000000000000455
06-02-2018,37.15000,-0.35999999999999943
05-02-2018,37.51000,-0.4200000000000017
02-02-2018,37.93000,-1.0799999999999983
01-02-2018,39.01000,0.10999999999999943
31-01-2018,38.90000,-0.1700000000000017
30-01-2018,39.07000,-0.3200000000000003
29-01-2018,39.39000,0.00999999999999801
25-01-2018,39.38000,-0.05999999999999517
24-01-2018,39.44000,-0.30000000000000426
23-01-2018,39.74000,0.1700000000000017
22-01-2018,39.57000,0.18999999999999773
19-01-2018,39.38000,0.3400000000000034
18-01-2018,39.04000,-0.03999999999999915
17-01-2018,39.08000,-0.030000000000001137
16-01-2018,39.11000,-0.21999999999999886
15-01-2018,39.33000,0.23999999999999488
12-01-2018,39.09000,0.09000000000000341
11-01-2018,39.00000,0.030000000000001137
10-01-2018,38.97000,-0.03999999999999915
09-01-2018,39.01000,-0.07000000000000028
08-01-2018,39.08000,0.25
05-01-2018,38.83000,0.4099999999999966
04-01-2018,38.42000,0.17999999999999972
03-01-2018,38.24000,0.07000000000000028
02-01-2018,38.17000,-0.17999999999999972
01-01-2018,38.35000,-0.14000000000000057
29-12-2017,38.49000,0.09000000000000341
28-12-2017,38.40000,-0.030000000000001137
27-12-2017,38.43000,-0.17999999999999972
26-12-2017,38.61000,0.10000000000000142
22-12-2017,38.51000,0.10000000000000142
21-12-2017,38.41000,0.09999999999999432
20-12-2017,38.31000,0.10999999999999943
19-12-2017,38.20000,0.25
18-12-2017,37.95000,0.2700000000000031
15-12-2017,37.68000,0.3999999999999986
14-12-2017,37.28000,0.00999999999999801
13-12-2017,37.27000,-0.20999999999999375
12-12-2017,37.48000,-0.14000000000000057
11-12-2017,37.62000,0.12999999999999545
08-12-2017,37.49000,0.39000000000000057
07-12-2017,37.10000,0.3999999999999986
06-12-2017,36.70000,-0.29999999999999716
05-12-2017,37.00000,0.060000000000002274
04-12-2017,36.94000,-0.020000000000003126
01-12-2017,36.96000,-0.3200000000000003
30-11-2017,37.28000,-0.3200000000000003
29-11-2017,37.60000,-0.00999999999999801
28-11-2017,37.61000,0.00999999999999801
27-11-2017,37.60000,0.21000000000000085
24-11-2017,37.39000,0.1600000000000037
23-11-2017,37.23000,0.03999999999999915
22-11-2017,37.19000,0.1599999999999966
21-11-2017,37.03000,0.060000000000002274
20-11-2017,36.97000,-0.00999999999999801
17-11-2017,36.98000,0.3499999999999943
16-11-2017,36.63000,0.2600000000000051
15-11-2017,36.37000,-0.3100000000000023
14-11-2017,36.68000,-0.10999999999999943
13-11-2017,36.79000,-0.21000000000000085
10-11-2017,37.00000,0.14999999999999858
09-11-2017,36.85000,0.1600000000000037
08-11-2017,36.69000,-0.12000000000000455
07-11-2017,36.81000,-0.28999999999999915
06-11-2017,37.10000,-0.03999999999999915
03-11-2017,37.14000,0.14999999999999858
02-11-2017,36.99000,-0.030000000000001137
01-11-2017,37.02000,0.2600000000000051
31-10-2017,36.76000,-0.020000000000003126
30-10-2017,36.78000,0.18999999999999773
27-10-2017,36.59000,0.12000000000000455
26-10-2017,36.47000,0.14000000000000057
25-10-2017,36.33000,-0.23000000000000398
24-10-2017,36.56000,0.1700000000000017
23-10-2017,36.39000,-0.10999999999999943
18-10-2017,36.50000,-0.18999999999999773
17-10-2017,36.69000,-0.05000000000000426
16-10-2017,36.74000,-0.00999999999999801
13-10-2017,36.75000,0.13000000000000256
12-10-2017,36.62000,0.3999999999999986
11-10-2017,36.22000,-0.2700000000000031
10-10-2017,36.49000,0.10000000000000142
09-10-2017,36.39000,0.14000000000000057
06-10-2017,36.25000,0.25
05-10-2017,36.00000,0.020000000000003126
04-10-2017,35.98000,0.0899999999999963
03-10-2017,35.89000,0.240000000000002
29-09-2017,35.65000,0.259999999999998
28-09-2017,35.39000,0.18999999999999773
27-09-2017,35.20000,-0.5700000000000003
26-09-2017,35.77000,0.09000000000000341
25-09-2017,35.68000,-0.46999999999999886
22-09-2017,36.15000,-0.7000000000000028
21-09-2017,36.85000,-0.21000000000000085
20-09-2017,37.06000,-0.12999999999999545
19-09-2017,37.19000,0.03999999999999915
18-09-2017,37.15000,0.259999999999998
15-09-2017,36.89000,-0.060000000000002274
14-09-2017,36.95000,0.12000000000000455
13-09-2017,36.83000,-0.240000000000002
12-09-2017,37.07000,0.1700000000000017
11-09-2017,36.90000,0.3299999999999983
08-09-2017,36.57000,-0.00999999999999801
07-09-2017,36.58000,0.1599999999999966
06-09-2017,36.42000,-0.00999999999999801
05-09-2017,36.43000,0.18999999999999773
04-09-2017,36.24000,-0.21000000000000085
01-09-2017,36.45000,0.17999999999999972
31-08-2017,36.27000,0.19000000000000483
30-08-2017,36.08000,0.3500000000000014
29-08-2017,35.73000,-0.3500000000000014
28-08-2017,36.08000,0.35999999999999943
24-08-2017,35.72000,-0.020000000000003126
23-08-2017,35.74000,0.30000000000000426
22-08-2017,35.44000,0.0
21-08-2017,35.44000,-0.21999999999999886
18-08-2017,35.66000,-0.14000000000000057
17-08-2017,35.80000,-0.12000000000000455
16-08-2017,35.92000,0.45000000000000284
14-08-2017,35.47000,0.490000000000002
11-08-2017,34.98000,-0.2600000000000051
10-08-2017,35.24000,-0.46999999999999886
09-08-2017,35.71000,-0.3500000000000014
08-08-2017,36.06000,-0.35999999999999943
07-08-2017,36.42000,0.17999999999999972
04-08-2017,36.24000,0.17999999999999972
03-08-2017,36.06000,-0.28999999999999915
02-08-2017,36.35000,-0.07000000000000028
01-08-2017,36.42000,0.03999999999999915
31-07-2017,36.38000,0.15000000000000568
28-07-2017,36.23000,0.11999999999999744
27-07-2017,36.11000,0.22999999999999687
26-07-2017,35.88000,0.19000000000000483
25-07-2017,35.69000,0.0899999999999963
24-07-2017,35.60000,0.0799999999999983
21-07-2017,35.52000,0.14000000000000057
20-07-2017,35.38000,-0.01999999999999602
19-07-2017,35.40000,0.29999999999999716
18-07-2017,35.10000,-0.3299999999999983
17-07-2017,35.43000,0.0799999999999983
14-07-2017,35.35000,0.020000000000003126
13-07-2017,35.33000,0.37999999999999545
12-07-2017,34.95000,0.21000000000000085
11-07-2017,34.74000,-0.11999999999999744
10-07-2017,34.86000,0.1700000000000017
07-07-2017,34.69000,-0.060000000000002274
06-07-2017,34.75000,0.1700000000000017
05-07-2017,34.58000,0.14999999999999858
04-07-2017,34.43000,-0.030000000000001137
03-07-2017,34.46000,0.3299999999999983
30-06-2017,34.13000,0.17999999999999972
29-06-2017,33.95000,0.0800000000000054
28-06-2017,33.87000,0.0
27-06-2017,33.87000,-0.45000000000000284
23-06-2017,34.32000,-0.25
22-06-2017,34.57000,0.00999999999999801
21-06-2017,34.56000,0.09000000000000341
20-06-2017,34.47000,-0.10999999999999943
19-06-2017,34.58000,0.14999999999999858
16-06-2017,34.43000,0.18999999999999773
15-06-2017,34.24000,-0.07000000000000028
14-06-2017,34.31000,-0.03999999999999915
13-06-2017,34.35000,0.03999999999999915
12-06-2017,34.31000,-0.22999999999999687
09-06-2017,34.54000,0.060000000000002274
08-06-2017,34.48000,0.11999999999999744
07-06-2017,34.36000,0.18999999999999773
06-06-2017,34.17000,-0.22999999999999687
05-06-2017,34.40000,0.18999999999999773
02-06-2017,34.21000,0.30000000000000426
01-06-2017,33.91000,0.1599999999999966
31-05-2017,33.75000,0.17999999999999972
30-05-2017,33.57000,0.030000000000001137
29-05-2017,33.54000,-0.0799999999999983
26-05-2017,33.62000,0.4299999999999997
25-05-2017,33.19000,0.5300000000000011
24-05-2017,32.66000,-0.28000000000000114
23-05-2017,32.94000,-0.2600000000000051
22-05-2017,33.20000,-0.0899999999999963
19-05-2017,33.29000,-0.05000000000000426
18-05-2017,33.34000,-0.5
17-05-2017,33.84000,-0.09999999999999432
16-05-2017,33.94000,0.14000000000000057
15-05-2017,33.80000,0.3999999999999986
12-05-2017,33.40000,-0.37000000000000455
11-05-2017,33.77000,0.2700000000000031
10-05-2017,33.50000,0.3299999999999983
09-05-2017,33.17000,-0.14000000000000057
08-05-2017,33.31000,0.060000000000002274
05-05-2017,33.25000,-0.35999999999999943
04-05-2017,33.61000,0.18999999999999773
03-05-2017,33.42000,-0.12999999999999545
02-05-2017,33.55000,0.17999999999999972
28-04-2017,33.37000,-0.07000000000000028
27-04-2017,33.44000,0.05999999999999517
26-04-2017,33.38000,0.13000000000000256
25-04-2017,33.25000,0.2700000000000031
24-04-2017,32.98000,0.19999999999999574
21-04-2017,32.78000,-0.00999999999999801
20-04-2017,32.79000,0.10999999999999943
19-04-2017,32.68000,0.0899999999999963
18-04-2017,32.59000,-0.02999999999999403
17-04-2017,32.62000,-0.09000000000000341
13-04-2017,32.71000,-0.04999999999999716
12-04-2017,32.76000,-0.07000000000000028
11-04-2017,32.83000,0.22999999999999687
10-04-2017,32.60000,0.21000000000000085
07-04-2017,32.39000,-0.13000000000000256
06-04-2017,32.52000,-0.00999999999999801
05-04-2017,32.53000,0.21999999999999886
03-04-2017,32.31000,0.030000000000001137
31-03-2017,32.28000,0.0
30-03-2017,32.28000,0.23000000000000398
29-03-2017,32.05000,0.09999999999999787
28-03-2017,31.95000,0.1999999999999993
27-03-2017,31.75000,0.0
24-03-2017,31.75000,0.10999999999999943
23-03-2017,31.64000,0.21999999999999886
22-03-2017,31.42000,-0.29999999999999716
21-03-2017,31.72000,0.019999999999999574
20-03-2017,31.70000,0.05000000000000071
17-03-2017,31.65000,0.04999999999999716
16-03-2017,31.60000,0.21000000000000085
15-03-2017,31.39000,0.120000000000001
14-03-2017,31.27000,0.46999999999999886
10-03-2017,30.80000,0.010000000000001563
09-03-2017,30.79000,0.07000000000000028
08-03-2017,30.72000,0.09999999999999787
07-03-2017,30.62000,0.030000000000001137
06-03-2017,30.59000,0.21000000000000085
03-03-2017,30.38000,-0.060000000000002274
02-03-2017,30.44000,-0.28999999999999915
01-03-2017,30.73000,0.10000000000000142
28-02-2017,30.63000,0.16000000000000014
27-02-2017,30.47000,-0.16000000000000014
23-02-2017,30.63000,0.0
22-02-2017,30.63000,-0.08999999999999986
21-02-2017,30.72000,0.10999999999999943
20-02-2017,30.61000,0.23999999999999844
17-02-2017,30.37000,0.1999999999999993
16-02-2017,30.17000,0.120000000000001
15-02-2017,30.05000,-0.259999999999998
14-02-2017,30.31000,-0.07000000000000028
13-02-2017,30.38000,0.00999999999999801
10-02-2017,30.37000,0.019999999999999574
09-02-2017,30.35000,0.07000000000000028
08-02-2017,30.28000,0.05000000000000071
07-02-2017,30.23000,-0.0799999999999983
06-02-2017,30.31000,0.35999999999999943
03-02-2017,29.95000,0.10999999999999943
02-02-2017,29.84000,0.14000000000000057
01-02-2017,29.70000,0.6999999999999993
31-01-2017,29.00000,-0.14999999999999858
30-01-2017,29.15000,-0.060000000000002274
27-01-2017,29.21000,0.08999999999999986
25-01-2017,29.12000,0.5600000000000023
24-01-2017,28.56000,0.17999999999999972
23-01-2017,28.38000,0.21999999999999886
20-01-2017,28.16000,-0.3200000000000003
19-01-2017,28.48000,0.08000000000000185
18-01-2017,28.40000,0.14999999999999858
17-01-2017,28.25000,0.010000000000001563
16-01-2017,28.24000,0.10999999999999943
13-01-2017,28.13000,0.05000000000000071
12-01-2017,28.08000,-0.020000000000003126
11-01-2017,28.10000,0.38000000000000256
10-01-2017,27.72000,0.16999999999999815
09-01-2017,27.55000,0.08999999999999986
06-01-2017,27.46000,-0.05000000000000071
05-01-2017,27.51000,0.2900000000000027
04-01-2017,27.22000,-0.010000000000001563
03-01-2017,27.23000,0.240000000000002
02-01-2017,26.99000,-0.020000000000003126
30-12-2016,27.01000,0.3200000000000003
29-12-2016,26.69000,0.25
28-12-2016,26.44000,0.08000000000000185
27-12-2016,26.36000,0.41999999999999815
26-12-2016,25.94000,-0.2699999999999996
23-12-2016,26.21000,0.060000000000002274
22-12-2016,26.15000,-0.21000000000000085
21-12-2016,26.36000,-0.14000000000000057
20-12-2016,26.50000,-0.16000000000000014
19-12-2016,26.66000,-0.129999999999999
16-12-2016,26.79000,0.029999999999997584
15-12-2016,26.76000,-0.05999999999999872
14-12-2016,26.82000,-0.28000000000000114
13-12-2016,27.10000,-0.04999999999999716
12-12-2016,27.15000,-0.39000000000000057
09-12-2016,27.54000,0.1999999999999993
08-12-2016,27.34000,0.48999999999999844
07-12-2016,26.85000,-0.16000000000000014
06-12-2016,27.01000,0.0
05-12-2016,27.01000,0.10000000000000142
02-12-2016,26.91000,-0.46999999999999886
01-12-2016,27.38000,-0.26000000000000156
30-11-2016,27.64000,0.26000000000000156
29-11-2016,27.38000,0.05999999999999872
28-11-2016,27.32000,0.019999999999999574
25-11-2016,27.30000,0.39000000000000057
24-11-2016,26.91000,-0.28999999999999915
23-11-2016,27.20000,0.16000000000000014
22-11-2016,27.04000,0.2799999999999976
21-11-2016,26.76000,-0.6499999999999986
18-11-2016,27.41000,-0.16000000000000014
17-11-2016,27.57000,-0.08999999999999986
16-11-2016,27.66000,0.05000000000000071
15-11-2016,27.61000,-1.0899999999999999
11-11-2016,28.70000,-1.0300000000000011
10-11-2016,29.73000,0.3500000000000014
09-11-2016,29.38000,-0.5500000000000007
08-11-2016,29.93000,0.05000000000000071
07-11-2016,29.88000,0.259999999999998
04-11-2016,29.62000,-0.23000000000000043
03-11-2016,29.85000,-0.16999999999999815
02-11-2016,30.02000,-0.4800000000000004
01-11-2016,30.50000,0.019999999999999574
28-10-2016,30.48000,0.3000000000000007
27-10-2016,30.18000,-0.120000000000001
26-10-2016,30.30000,-0.18999999999999773
25-10-2016,30.49000,-0.020000000000003126
24-10-2016,30.51000,0.010000000000001563
21-10-2016,30.50000,0.019999999999999574
20-10-2016,30.48000,0.23000000000000043
19-10-2016,30.25000,-0.05000000000000071
18-10-2016,30.30000,0.46000000000000085
17-10-2016,29.84000,-0.10999999999999943
14-10-2016,29.95000,0.08999999999999986
13-10-2016,29.86000,-0.5
10-10-2016,30.36000,0.05000000000000071
07-10-2016,30.31000,-0.010000000000001563
06-10-2016,30.32000,-0.17999999999999972
05-10-2016,30.50000,-0.05000000000000071
04-10-2016,30.55000,0.10000000000000142
03-10-2016,30.45000,0.6799999999999997
30-09-2016,29.77000,0.19000000000000128
29-09-2016,29.58000,-0.6000000000000014
28-09-2016,30.18000,0.19000000000000128
27-09-2016,29.99000,-0.05000000000000071
26-09-2016,30.04000,-0.25
23-09-2016,30.29000,0.00999999999999801
22-09-2016,30.28000,0.370000000000001
21-09-2016,29.91000,-0.010000000000001563
20-09-2016,29.92000,-0.05999999999999872
19-09-2016,29.98000,0.15000000000000213
16-09-2016,29.83000,-0.05000000000000071
15-09-2016,29.88000,0.14999999999999858
14-09-2016,29.73000,0.19000000000000128
12-09-2016,29.54000,-0.7100000000000009
09-09-2016,30.25000,-0.3999999999999986
08-09-2016,30.65000,0.10999999999999943
07-09-2016,30.54000,-0.03999999999999915
06-09-2016,30.58000,0.4499999999999993
02-09-2016,30.13000,0.0799999999999983
01-09-2016,30.05000,0.03999999999999915
31-08-2016,30.01000,0.240000000000002
30-08-2016,29.77000,0.3200000000000003
29-08-2016,29.45000,0.17999999999999972
26-08-2016,29.27000,0.0
25-08-2016,29.27000,-0.08999999999999986
24-08-2016,29.36000,0.08999999999999986
23-08-2016,29.27000,0.0
22-08-2016,29.27000,-0.08999999999999986
19-08-2016,29.36000,0.05999999999999872
18-08-2016,29.30000,0.21000000000000085
17-08-2016,29.09000,0.120000000000001
16-08-2016,28.97000,0.0799999999999983
12-08-2016,28.89000,0.28000000000000114
11-08-2016,28.61000,-0.08999999999999986
10-08-2016,28.70000,-0.3200000000000003
09-08-2016,29.02000,-0.07000000000000028
08-08-2016,29.09000,0.16000000000000014
05-08-2016,28.93000,0.46000000000000085
04-08-2016,28.47000,-0.010000000000001563
03-08-2016,28.48000,-0.3099999999999987
02-08-2016,28.79000,-0.03999999999999915
01-08-2016,28.83000,0.00999999999999801
29-07-2016,28.82000,0.10000000000000142
28-07-2016,28.72000,0.2099999999999973
27-07-2016,28.51000,0.1700000000000017
26-07-2016,28.34000,-0.10000000000000142
25-07-2016,28.44000,0.3500000000000014
22-07-2016,28.09000,0.03999999999999915
21-07-2016,28.05000,-0.07000000000000028
20-07-2016,28.12000,0.07000000000000028
19-07-2016,28.05000,0.060000000000002274
18-07-2016,27.99000,-0.08999999999999986
15-07-2016,28.08000,0.04999999999999716
14-07-2016,28.03000,0.22000000000000242
13-07-2016,27.81000,-0.21000000000000085
12-07-2016,28.02000,0.21999999999999886
11-07-2016,27.80000,0.3100000000000023
08-07-2016,27.49000,-0.030000000000001137
07-07-2016,27.52000,-0.010000000000001563
05-07-2016,27.53000,-0.04999999999999716
04-07-2016,27.58000,0.129999999999999
01-07-2016,27.45000,0.21000000000000085
30-06-2016,27.24000,0.3299999999999983
29-06-2016,26.91000,0.33999999999999986
28-06-2016,26.57000,0.05999999999999872
27-06-2016,26.51000,0.120000000000001
24-06-2016,26.39000,-0.4299999999999997
23-06-2016,26.82000,0.17999999999999972
22-06-2016,26.64000,-0.05999999999999872
21-06-2016,26.70000,0.05000000000000071
20-06-2016,26.65000,0.00999999999999801
17-06-2016,26.64000,0.120000000000001
16-06-2016,26.52000,-0.10000000000000142
15-06-2016,26.62000,0.22000000000000242
14-06-2016,26.40000,0.08999999999999986
13-06-2016,26.31000,-0.20000000000000284
10-06-2016,26.51000,-0.11999999999999744
09-06-2016,26.63000,-0.08999999999999986
08-06-2016,26.72000,0.08999999999999986
07-06-2016,26.63000,0.23999999999999844
06-06-2016,26.39000,0.0
03-06-2016,26.39000,0.010000000000001563
02-06-2016,26.38000,0.18999999999999773
01-06-2016,26.19000,0.05000000000000071
31-05-2016,26.14000,0.05000000000000071
30-05-2016,26.09000,0.10000000000000142
27-05-2016,25.99000,0.16000000000000014
26-05-2016,25.83000,0.3299999999999983
25-05-2016,25.50000,0.5100000000000016
24-05-2016,24.99000,-0.020000000000003126
23-05-2016,25.01000,-0.16000000000000014
20-05-2016,25.17000,-0.05999999999999872
19-05-2016,25.23000,-0.2699999999999996
18-05-2016,25.50000,-0.10000000000000142
17-05-2016,25.60000,0.07000000000000028
16-05-2016,25.53000,0.030000000000001137
13-05-2016,25.50000,-0.10000000000000142
12-05-2016,25.60000,0.1700000000000017
11-05-2016,25.43000,0.10999999999999943
10-05-2016,25.32000,0.030000000000001137
09-05-2016,25.29000,0.5199999999999996
06-05-2016,24.77000,0.05999999999999872
05-05-2016,24.71000,0.03999999999999915
04-05-2016,24.67000,-0.16999999999999815
03-05-2016,24.84000,-0.07000000000000028
02-05-2016,24.91000,-0.05000000000000071
29-04-2016,24.96000,0.10000000000000142
28-04-2016,24.86000,-0.3000000000000007
27-04-2016,25.16000,-0.03999999999999915
26-04-2016,25.20000,0.34999999999999787
25-04-2016,24.85000,-0.11999999999999744
22-04-2016,24.97000,0.029999999999997584
21-04-2016,24.94000,0.07000000000000028
20-04-2016,24.87000,0.13000000000000256
18-04-2016,24.74000,0.1999999999999993
13-04-2016,24.54000,0.3999999999999986
12-04-2016,24.14000,0.21000000000000085
11-04-2016,23.93000,0.2699999999999996
08-04-2016,23.66000,0.10000000000000142
07-04-2016,23.56000,-0.17999999999999972
06-04-2016,23.74000,0.05999999999999872
05-04-2016,23.68000,-0.5399999999999991
04-04-2016,24.22000,0.10999999999999943
01-04-2016,24.11000,0.08999999999999986
31-03-2016,24.02000,0.14999999999999858
30-03-2016,23.87000,0.40000000000000213
29-03-2016,23.47000,0.0799999999999983
28-03-2016,23.39000,-0.379999999999999
23-03-2016,23.77000,-0.03999999999999915
22-03-2016,23.81000,-0.030000000000001137
21-03-2016,23.84000,0.3000000000000007
18-03-2016,23.54000,0.23999999999999844
17-03-2016,23.30000,0.03999999999999915
16-03-2016,23.26000,0.10000000000000142
15-03-2016,23.16000,-0.1999999999999993
14-03-2016,23.36000,0.10999999999999943
11-03-2016,23.25000,0.03999999999999915
10-03-2016,23.21000,-0.0799999999999983
09-03-2016,23.29000,0.129999999999999
08-03-2016,23.16000,-0.120000000000001
04-03-2016,23.28000,0.10000000000000142
03-03-2016,23.18000,0.17999999999999972
02-03-2016,23.00000,0.5700000000000003
01-03-2016,22.43000,0.7100000000000009
29-02-2016,21.72000,0.05999999999999872
26-02-2016,21.66000,0.14999999999999858
25-02-2016,21.51000,-0.22999999999999687
24-02-2016,21.74000,-0.23000000000000043
23-02-2016,21.97000,-0.3500000000000014
22-02-2016,22.32000,0.05000000000000071
19-02-2016,22.27000,0.03999999999999915
18-02-2016,22.23000,0.15000000000000213
17-02-2016,22.08000,0.04999999999999716
16-02-2016,22.03000,-0.4599999999999973
15-02-2016,22.49000,0.6499999999999986
12-02-2016,21.84000,-0.120000000000001
11-02-2016,21.96000,-0.8099999999999987
10-02-2016,22.77000,-0.39000000000000057
09-02-2016,23.16000,-0.26000000000000156
08-02-2016,23.42000,-0.13999999999999702
05-02-2016,23.56000,0.3299999999999983
04-02-2016,23.23000,-0.05999999999999872
03-02-2016,23.29000,-0.35999999999999943
02-02-2016,23.65000,-0.33999999999999986
01-02-2016,23.99000,-0.020000000000003126
29-01-2016,24.01000,0.33000000000000185
28-01-2016,23.68000,-0.05000000000000071
27-01-2016,23.73000,0.019999999999999574
25-01-2016,23.71000,0.07000000000000028
22-01-2016,23.64000,0.5199999999999996
21-01-2016,23.12000,0.07000000000000028
20-01-2016,23.05000,-0.46999999999999886
19-01-2016,23.52000,0.259999999999998
18-01-2016,23.26000,-0.4599999999999973
15-01-2016,23.72000,-0.5800000000000018
14-01-2016,24.30000,-0.3200000000000003
13-01-2016,24.62000,-0.00999999999999801
12-01-2016,24.63000,-0.23000000000000043
11-01-2016,24.86000,-0.1700000000000017
08-01-2016,25.03000,0.13000000000000256
07-01-2016,24.90000,-0.6000000000000014
06-01-2016,25.50000,-0.0799999999999983
05-01-2016,25.58000,0.04999999999999716
04-01-2016,25.53000,-0.46999999999999886
01-01-2016,26.00000,0.10000000000000142
31-12-2015,25.90000,0.08999999999999986
30-12-2015,25.81000,0.03999999999999915
29-12-2015,25.77000,0.00999999999999801
28-12-2015,25.76000,0.16000000000000014
24-12-2015,25.60000,0.060000000000002274
23-12-2015,25.54000,0.17999999999999972
22-12-2015,25.36000,-0.120000000000001
21-12-2015,25.48000,0.33000000000000185
18-12-2015,25.15000,-0.1700000000000017
17-12-2015,25.32000,0.379999999999999
16-12-2015,24.94000,0.08000000000000185
15-12-2015,24.86000,0.16000000000000014
14-12-2015,24.70000,0.03999999999999915
11-12-2015,24.66000,-0.28999999999999915
10-12-2015,24.95000,0.120000000000001
09-12-2015,24.83000,-0.3200000000000003
08-12-2015,25.15000,-0.21000000000000085
07-12-2015,25.36000,0.07000000000000028
04-12-2015,25.29000,-0.3100000000000023
03-12-2015,25.60000,-0.10999999999999943
02-12-2015,25.71000,-0.0799999999999983
01-12-2015,25.79000,0.019999999999999574
30-11-2015,25.77000,0.0799999999999983
27-11-2015,25.69000,0.240000000000002
26-11-2015,25.45000,0.0799999999999983
24-11-2015,25.37000,0.019999999999999574
23-11-2015,25.35000,-0.00999999999999801
20-11-2015,25.36000,0.00999999999999801
19-11-2015,25.35000,0.4400000000000013
18-11-2015,24.91000,-0.3000000000000007
17-11-2015,25.21000,0.10000000000000142
16-11-2015,25.11000,0.1999999999999993
13-11-2015,24.91000,-0.030000000000001137
10-11-2015,24.94000,-0.23000000000000043
09-11-2015,25.17000,-0.019999999999999574
06-11-2015,25.19000,0.019999999999999574
05-11-2015,25.17000,-0.36999999999999744
04-11-2015,25.54000,-0.05000000000000071
03-11-2015,25.59000,-0.010000000000001563
02-11-2015,25.60000,0.0
30-10-2015,25.60000,-0.10999999999999943
29-10-2015,25.71000,-0.18999999999999773
28-10-2015,25.90000,-0.2900000000000027
27-10-2015,26.19000,-0.04999999999999716
26-10-2015,26.24000,-0.20000000000000284
23-10-2015,26.44000,0.11000000000000298
21-10-2015,26.33000,-0.14000000000000057
20-10-2015,26.47000,0.00999999999999801
19-10-2015,26.46000,0.060000000000002274
16-10-2015,26.40000,0.16999999999999815
15-10-2015,26.23000,0.21000000000000085
14-10-2015,26.02000,0.0
13-10-2015,26.02000,0.019999999999999574
12-10-2015,26.00000,-0.030000000000001137
09-10-2015,26.03000,0.030000000000001137
08-10-2015,26.00000,-0.1700000000000017
07-10-2015,26.17000,0.010000000000001563
06-10-2015,26.16000,0.0
05-10-2015,26.16000,0.4800000000000004
01-10-2015,25.68000,0.07000000000000028
30-09-2015,25.61000,0.08999999999999986
29-09-2015,25.52000,0.120000000000001
28-09-2015,25.40000,-0.08000000000000185
24-09-2015,25.48000,0.07000000000000028
23-09-2015,25.41000,0.23999999999999844
22-09-2015,25.17000,-0.5899999999999999
21-09-2015,25.76000,0.23000000000000043
18-09-2015,25.53000,0.35999999999999943
16-09-2015,25.17000,0.16000000000000014
15-09-2015,25.01000,-0.10999999999999943
14-09-2015,25.12000,0.3500000000000014
11-09-2015,24.77000,0.08999999999999986
10-09-2015,24.68000,-0.05999999999999872
09-09-2015,24.74000,0.4299999999999997
08-09-2015,24.31000,0.4299999999999997
07-09-2015,23.88000,-0.40000000000000213
04-09-2015,24.28000,-0.5199999999999996
03-09-2015,24.80000,0.33999999999999986
02-09-2015,24.46000,-0.1999999999999993
01-09-2015,24.66000,-0.6999999999999993
31-08-2015,25.36000,-0.05000000000000071
28-08-2015,25.41000,0.03999999999999915
27-08-2015,25.37000,0.5199999999999996
26-08-2015,24.85000,-0.18999999999999773
25-08-2015,25.04000,0.2799999999999976
24-08-2015,24.76000,-1.6799999999999997
21-08-2015,26.44000,-0.3099999999999987
20-08-2015,26.75000,-0.4400000000000013
19-08-2015,27.19000,-0.0799999999999983
18-08-2015,27.27000,0.0
17-08-2015,27.27000,-0.05000000000000071
14-08-2015,27.32000,0.5800000000000018
13-08-2015,26.74000,0.0
12-08-2015,26.74000,-0.6600000000000001
11-08-2015,27.40000,-0.28000000000000114
10-08-2015,27.68000,-0.08999999999999986
07-08-2015,27.77000,-0.08000000000000185
06-08-2015,27.85000,0.020000000000003126
05-08-2015,27.83000,0.09999999999999787
04-08-2015,27.73000,0.019999999999999574
03-08-2015,27.71000,0.060000000000002274
31-07-2015,27.65000,0.17999999999999972
30-07-2015,27.47000,0.25
29-07-2015,27.22000,0.25
28-07-2015,26.97000,-0.030000000000001137
27-07-2015,27.00000,-0.370000000000001
24-07-2015,27.37000,-0.1999999999999993
23-07-2015,27.57000,-0.030000000000001137
22-07-2015,27.60000,0.40000000000000213
21-07-2015,27.20000,-0.3200000000000003
20-07-2015,27.52000,0.019999999999999574
17-07-2015,27.50000,0.07000000000000028
16-07-2015,27.43000,0.28000000000000114
15-07-2015,27.15000,0.05999999999999872
14-07-2015,27.09000,0.010000000000001563
13-07-2015,27.08000,0.35999999999999943
10-07-2015,26.72000,0.14000000000000057
09-07-2015,26.58000,0.03999999999999915
08-07-2015,26.54000,-0.5199999999999996
07-07-2015,27.06000,0.08999999999999986
06-07-2015,26.97000,0.2099999999999973
03-07-2015,26.76000,0.1700000000000017
02-07-2015,26.59000,0.10000000000000142
01-07-2015,26.49000,0.22999999999999687
30-06-2015,26.26000,0.3200000000000003
29-06-2015,25.94000,-0.2699999999999996
26-06-2015,26.21000,-0.05000000000000071
25-06-2015,26.26000,0.16000000000000014
24-06-2015,26.10000,-0.0799999999999983
23-06-2015,26.18000,0.03999999999999915
22-06-2015,26.14000,0.41000000000000014
19-06-2015,25.73000,0.08999999999999986
18-06-2015,25.64000,0.10999999999999943
17-06-2015,25.53000,0.26000000000000156
16-06-2015,25.27000,0.14999999999999858
15-06-2015,25.12000,0.05000000000000071
12-06-2015,25.07000,0.17999999999999972
11-06-2015,24.89000,-0.41999999999999815
10-06-2015,25.31000,0.2799999999999976
09-06-2015,25.03000,-0.04999999999999716
08-06-2015,25.08000,-0.3100000000000023
05-06-2015,25.39000,0.0
04-06-2015,25.39000,0.14000000000000057
03-06-2015,25.25000,-0.3500000000000014
02-06-2015,25.60000,-0.6899999999999977
01-06-2015,26.29000,-0.05000000000000071
29-05-2015,26.34000,0.3999999999999986
28-05-2015,25.94000,-0.029999999999997584
27-05-2015,25.97000,0.14999999999999858
26-05-2015,25.82000,0.14000000000000057
25-05-2015,25.68000,-0.10999999999999943
22-05-2015,25.79000,-0.010000000000001563
21-05-2015,25.80000,-0.019999999999999574
20-05-2015,25.82000,0.1700000000000017
19-05-2015,25.65000,0.0
18-05-2015,25.65000,0.33999999999999986
15-05-2015,25.31000,0.23000000000000043
14-05-2015,25.08000,0.0799999999999983
13-05-2015,25.00000,0.4200000000000017
12-05-2015,24.58000,-0.5600000000000023
11-05-2015,25.14000,0.4499999999999993
08-05-2015,24.69000,0.4400000000000013
07-05-2015,24.25000,-0.4200000000000017
06-05-2015,24.67000,-0.8099999999999987
05-05-2015,25.48000,-0.120000000000001
04-05-2015,25.60000,0.4800000000000004
30-04-2015,25.12000,-0.07000000000000028
29-04-2015,25.19000,0.16000000000000014
28-04-2015,25.03000,0.4400000000000013
27-04-2015,24.59000,-0.46999999999999886
24-04-2015,25.06000,-0.45000000000000284
23-04-2015,25.51000,0.16000000000000014
22-04-2015,25.35000,0.10000000000000142
21-04-2015,25.25000,-0.14999999999999858
20-04-2015,25.40000,-0.5700000000000003
17-04-2015,25.97000,-0.4700000000000024
16-04-2015,26.44000,-0.21999999999999886
15-04-2015,26.66000,-0.129999999999999
13-04-2015,26.79000,0.029999999999997584
10-04-2015,26.76000,-0.00999999999999801
09-04-2015,26.77000,0.41000000000000014
08-04-2015,26.36000,0.0799999999999983
07-04-2015,26.28000,0.060000000000002274
06-04-2015,26.22000,0.09999999999999787
01-04-2015,26.12000,0.4400000000000013
31-03-2015,25.68000,-0.08000000000000185
30-03-2015,25.76000,0.41000000000000014
27-03-2015,25.35000,0.14000000000000057
26-03-2015,25.21000,-0.36999999999999744
25-03-2015,25.58000,-0.030000000000001137
24-03-2015,25.61000,-0.14000000000000057
23-03-2015,25.75000,-0.19000000000000128
20-03-2015,25.94000,-0.2799999999999976
19-03-2015,26.22000,-0.25
18-03-2015,26.47000,0.10999999999999943
17-03-2015,26.36000,0.3299999999999983
16-03-2015,26.03000,-0.05999999999999872
13-03-2015,26.09000,-0.39000000000000057
12-03-2015,26.48000,0.21999999999999886
11-03-2015,26.26000,-0.029999999999997584
10-03-2015,26.29000,-0.14000000000000057
09-03-2015,26.43000,-0.5300000000000011
05-03-2015,26.96000,0.16000000000000014
04-03-2015,26.80000,-0.39000000000000057
03-03-2015,27.19000,0.15000000000000213
02-03-2015,27.04000,0.8099999999999987
27-02-2015,26.23000,0.4499999999999993
26-02-2015,25.78000,-0.14999999999999858
25-02-2015,25.93000,-0.129999999999999
24-02-2015,26.06000,0.05999999999999872
23-02-2015,26.00000,-0.26000000000000156
20-02-2015,26.26000,-0.029999999999997584
19-02-2015,26.29000,-0.14000000000000057
18-02-2015,26.43000,0.1999999999999993
16-02-2015,26.23000,-0.14000000000000057
13-02-2015,26.37000,0.26000000000000156
12-02-2015,26.11000,0.3299999999999983
11-02-2015,25.78000,0.20000000000000284
10-02-2015,25.58000,0.18999999999999773
09-02-2015,25.39000,-0.3000000000000007
06-02-2015,25.69000,-0.21999999999999886
05-02-2015,25.91000,-0.07000000000000028
04-02-2015,25.98000,-0.25
03-02-2015,26.23000,-0.23999999999999844
02-02-2015,26.47000,-0.010000000000001563
30-01-2015,26.48000,-0.5199999999999996
29-01-2015,27.00000,0.07000000000000028
28-01-2015,26.93000,0.00999999999999801
27-01-2015,26.92000,0.28000000000000114
23-01-2015,26.64000,0.129999999999999
22-01-2015,26.51000,0.08000000000000185
21-01-2015,26.43000,0.07000000000000028
20-01-2015,26.36000,0.3999999999999986
19-01-2015,25.96000,0.17999999999999972
16-01-2015,25.78000,0.120000000000001
15-01-2015,25.66000,0.4499999999999993
14-01-2015,25.21000,-0.09999999999999787
13-01-2015,25.31000,-0.08999999999999986
12-01-2015,25.40000,0.23999999999999844
09-01-2015,25.16000,-0.03999999999999915
08-01-2015,25.20000,0.46000000000000085
07-01-2015,24.74000,-0.0400000000000027
06-01-2015,24.78000,-0.6699999999999982
05-01-2015,25.45000,-0.060000000000002274
02-01-2015,25.51000,0.2700000000000031
01-01-2015,25.24000,0.05999999999999872
31-12-2014,25.18000,0.21999999999999886
30-12-2014,24.96000,0.17999999999999972
29-12-2014,24.78000,0.060000000000002274
26-12-2014,24.72000,0.00999999999999801
24-12-2014,24.71000,-0.05999999999999872
23-12-2014,24.77000,-0.05999999999999872
22-12-2014,24.83000,0.28999999999999915
19-12-2014,24.54000,0.14999999999999858
18-12-2014,24.39000,0.5800000000000018
17-12-2014,23.81000,-0.120000000000001
16-12-2014,23.93000,-0.629999999999999
15-12-2014,24.56000,0.0799999999999983
12-12-2014,24.48000,-0.21000000000000085
11-12-2014,24.69000,-0.129999999999999
10-12-2014,24.82000,0.21999999999999886
09-12-2014,24.60000,-0.3099999999999987
08-12-2014,24.91000,-0.23000000000000043
05-12-2014,25.14000,-0.03999999999999915
04-12-2014,25.18000,0.16000000000000014
03-12-2014,25.02000,0.259999999999998
02-12-2014,24.76000,0.15000000000000213
01-12-2014,24.61000,0.019999999999999574
28-11-2014,24.59000,0.33999999999999986
27-11-2014,24.25000,0.14999999999999858
26-11-2014,24.10000,0.0
25-11-2014,24.10000,-0.2699999999999996
24-11-2014,24.37000,0.07000000000000028
21-11-2014,24.30000,0.35999999999999943
20-11-2014,23.94000,-0.029999999999997584
19-11-2014,23.97000,-0.05000000000000071
18-11-2014,24.02000,0.08999999999999986
17-11-2014,23.93000,0.16000000000000014
14-11-2014,23.77000,0.129999999999999
13-11-2014,23.64000,-0.07000000000000028
12-11-2014,23.71000,0.25
11-11-2014,23.46000,0.08999999999999986
10-11-2014,23.37000,-0.029999999999997584
07-11-2014,23.40000,0.0799999999999983
05-11-2014,23.32000,0.28000000000000114
03-11-2014,23.04000,0.11999999999999744
31-10-2014,22.92000,0.3000000000000007
30-10-2014,22.62000,0.120000000000001
29-10-2014,22.50000,0.120000000000001
28-10-2014,22.38000,0.09999999999999787
27-10-2014,22.28000,0.05000000000000071
22-10-2014,22.23000,0.16000000000000014
21-10-2014,22.07000,0.25
20-10-2014,21.82000,0.26000000000000156
17-10-2014,21.56000,0.35999999999999943
16-10-2014,21.20000,-0.370000000000001
14-10-2014,21.57000,0.05999999999999872
13-10-2014,21.51000,0.21000000000000085
10-10-2014,21.30000,-0.379999999999999
09-10-2014,21.68000,0.46999999999999886
08-10-2014,21.21000,0.07000000000000028
07-10-2014,21.14000,-0.21999999999999886
01-10-2014,21.36000,-0.10999999999999943
30-09-2014,21.47000,0.03999999999999915
29-09-2014,21.43000,0.030000000000001137
26-09-2014,21.40000,0.21999999999999886
25-09-2014,21.18000,-0.379999999999999
24-09-2014,21.56000,-0.16000000000000014
23-09-2014,21.72000,-0.33999999999999986
22-09-2014,22.06000,0.07000000000000028
19-09-2014,21.99000,0.09999999999999787
18-09-2014,21.89000,0.4499999999999993
17-09-2014,21.44000,0.0400000000000027
16-09-2014,21.40000,-0.5100000000000016
15-09-2014,21.91000,0.05000000000000071
12-09-2014,21.86000,0.0799999999999983
11-09-2014,21.78000,0.13000000000000256
10-09-2014,21.65000,0.04999999999999716
09-09-2014,21.60000,-0.029999999999997584
08-09-2014,21.63000,0.23999999999999844
05-09-2014,21.39000,0.03999999999999915
04-09-2014,21.35000,-0.029999999999997584
03-09-2014,21.38000,0.07000000000000028
02-09-2014,21.31000,0.14999999999999858
01-09-2014,21.16000,0.3099999999999987
28-08-2014,20.85000,0.020000000000003126
27-08-2014,20.83000,0.10999999999999943
26-08-2014,20.72000,0.0
25-08-2014,20.72000,-0.0400000000000027
22-08-2014,20.76000,0.07000000000000028
21-08-2014,20.69000,0.05000000000000071
20-08-2014,20.64000,0.03999999999999915
19-08-2014,20.60000,0.17999999999999972
18-08-2014,20.42000,0.360000000000003
14-08-2014,20.06000,0.1999999999999993
13-08-2014,19.86000,-0.16000000000000014
12-08-2014,20.02000,0.16999999999999815
11-08-2014,19.85000,0.17999999999999972
08-08-2014,19.67000,-0.35999999999999943
07-08-2014,20.03000,0.010000000000001563
06-08-2014,20.02000,-0.1700000000000017
05-08-2014,20.19000,0.13000000000000256
04-08-2014,20.06000,0.08999999999999986
01-08-2014,19.97000,-0.3000000000000007
31-07-2014,20.27000,-0.16000000000000014
30-07-2014,20.43000,0.3000000000000007
28-07-2014,20.13000,-0.16000000000000014
25-07-2014,20.29000,-0.28999999999999915
24-07-2014,20.58000,0.019999999999999574
23-07-2014,20.56000,-0.010000000000001563
22-07-2014,20.57000,0.030000000000001137
21-07-2014,20.54000,0.14999999999999858
18-07-2014,20.39000,0.120000000000001
17-07-2014,20.27000,0.120000000000001
16-07-2014,20.15000,0.2799999999999976
15-07-2014,19.87000,0.33000000000000185
14-07-2014,19.54000,0.019999999999999574
11-07-2014,19.52000,-0.41000000000000014
10-07-2014,19.93000,0.10999999999999943
09-07-2014,19.82000,-0.17999999999999972
08-07-2014,20.00000,-0.5199999999999996
07-07-2014,20.52000,-0.05999999999999872
04-07-2014,20.58000,0.08999999999999986
03-07-2014,20.49000,0.019999999999999574
02-07-2014,20.47000,0.34999999999999787
01-07-2014,20.12000,0.10999999999999943
30-06-2014,20.01000,0.22000000000000242
27-06-2014,19.79000,-0.019999999999999574
26-06-2014,19.81000,-0.120000000000001
25-06-2014,19.93000,0.0799999999999983
24-06-2014,19.85000,0.2700000000000031
23-06-2014,19.58000,0.0799999999999983
20-06-2014,19.50000,0.0
19-06-2014,19.50000,-0.19000000000000128
18-06-2014,19.69000,-0.03999999999999915
17-06-2014,19.73000,0.28000000000000114
16-06-2014,19.45000,-0.03999999999999915
13-06-2014,19.49000,-0.41000000000000014
12-06-2014,19.90000,0.00999999999999801
11-06-2014,19.89000,-0.09999999999999787
10-06-2014,19.99000,-0.0400000000000027
09-06-2014,20.03000,0.22000000000000242
06-06-2014,19.81000,0.28999999999999915
05-06-2014,19.52000,0.05000000000000071
04-06-2014,19.47000,0.14999999999999858
03-06-2014,19.32000,0.03999999999999915
02-06-2014,19.28000,0.33000000000000185
30-05-2014,18.95000,-0.10000000000000142
29-05-2014,19.05000,-0.05999999999999872
28-05-2014,19.11000,0.07000000000000028
27-05-2014,19.04000,-0.13000000000000256
26-05-2014,19.17000,-0.17999999999999972
23-05-2014,19.35000,0.22000000000000242
22-05-2014,19.13000,0.23000000000000043
21-05-2014,18.90000,-0.020000000000003126
20-05-2014,18.92000,0.10000000000000142
19-05-2014,18.82000,0.4800000000000004
16-05-2014,18.34000,0.4400000000000013
15-05-2014,17.90000,-0.060000000000002274
14-05-2014,17.96000,0.07000000000000028
13-05-2014,17.89000,0.1700000000000017
12-05-2014,17.72000,0.28999999999999915
09-05-2014,17.43000,0.5500000000000007
08-05-2014,16.88000,0.03999999999999915
07-05-2014,16.84000,-0.08000000000000185
06-05-2014,16.92000,0.05000000000000071
05-05-2014,16.87000,-0.03999999999999915
02-05-2014,16.91000,0.010000000000001563
30-04-2014,16.90000,-0.05000000000000071
29-04-2014,16.95000,-0.15000000000000213
28-04-2014,17.10000,-0.019999999999999574
25-04-2014,17.12000,-0.0799999999999983
23-04-2014,17.20000,0.129999999999999
22-04-2014,17.07000,-0.03999999999999915
21-04-2014,17.11000,0.09999999999999787
17-04-2014,17.01000,0.21000000000000085
16-04-2014,16.80000,-0.05999999999999872
15-04-2014,16.86000,-0.14000000000000057
11-04-2014,17.00000,-0.1700000000000017
10-04-2014,17.17000,-0.00999999999999801
09-04-2014,17.18000,0.3500000000000014
07-04-2014,16.83000,-0.09000000000000341
04-04-2014,16.92000,-0.04999999999999716
03-04-2014,16.97000,-0.17999999999999972
02-04-2014,17.15000,0.14999999999999858
01-04-2014,17.00000,-0.10000000000000142
31-03-2014,17.10000,0.0400000000000027
28-03-2014,17.06000,0.18999999999999773
27-03-2014,16.87000,0.10999999999999943
26-03-2014,16.76000,0.020000000000003126
25-03-2014,16.74000,0.05999999999999872
24-03-2014,16.68000,0.23999999999999844
21-03-2014,16.44000,0.08000000000000185
20-03-2014,16.36000,-0.129999999999999
19-03-2014,16.49000,0.14999999999999858
18-03-2014,16.34000,0.120000000000001
14-03-2014,16.22000,-0.0400000000000027
13-03-2014,16.26000,0.0400000000000027
12-03-2014,16.22000,0.03999999999999915
11-03-2014,16.18000,-0.03999999999999915
10-03-2014,16.22000,0.18999999999999773
07-03-2014,16.03000,0.370000000000001
06-03-2014,15.66000,0.17999999999999972
05-03-2014,15.48000,0.16000000000000014
04-03-2014,15.32000,0.20000000000000107
03-03-2014,15.12000,-0.05000000000000071
28-02-2014,15.17000,0.02999999999999936
26-02-2014,15.14000,0.0600000000000005
25-02-2014,15.08000,0.0
24-02-2014,15.08000,0.07000000000000028
21-02-2014,15.01000,0.10999999999999943
20-02-2014,14.90000,-0.129999999999999
19-02-2014,15.03000,0.02999999999999936
18-02-2014,15.00000,0.16000000000000014
17-02-2014,14.84000,0.009999999999999787
14-02-2014,14.83000,0.02999999999999936
13-02-2014,14.80000,-0.1999999999999993
12-02-2014,15.00000,0.02999999999999936
11-02-2014,14.97000,0.009999999999999787
10-02-2014,14.96000,-0.06999999999999851
07-02-2014,15.03000,0.049999999999998934
06-02-2014,14.98000,0.0
05-02-2014,14.98000,0.0
04-02-2014,14.98000,0.11000000000000121
03-02-2014,14.87000,-0.16000000000000014
31-01-2014,15.03000,0.1899999999999995
30-01-2014,14.84000,-0.2400000000000002
29-01-2014,15.08000,-0.03999999999999915
28-01-2014,15.12000,-0.08000000000000007
27-01-2014,15.20000,-0.4300000000000015
24-01-2014,15.63000,-0.17999999999999972
23-01-2014,15.81000,0.02000000000000135
22-01-2014,15.79000,0.03999999999999915
21-01-2014,15.75000,0.07000000000000028
20-01-2014,15.68000,0.09999999999999964
17-01-2014,15.58000,-0.15000000000000036
16-01-2014,15.73000,-0.129999999999999
15-01-2014,15.86000,0.1399999999999988
14-01-2014,15.72000,-0.129999999999999
13-01-2014,15.85000,0.09999999999999964
10-01-2014,15.75000,-0.08000000000000007
09-01-2014,15.83000,-0.09999999999999964
08-01-2014,15.93000,0.08000000000000007
07-01-2014,15.85000,-0.019999999999999574
06-01-2014,15.87000,0.019999999999999574
03-01-2014,15.85000,0.0600000000000005
02-01-2014,15.79000,-0.23000000000000043
01-01-2014,16.02000,0.00999999999999801
31-12-2013,16.01000,0.09000000000000163
30-12-2013,15.92000,-0.009999999999999787
27-12-2013,15.93000,0.03999999999999915
26-12-2013,15.89000,0.040000000000000924
24-12-2013,15.85000,-0.05000000000000071
23-12-2013,15.90000,0.0600000000000005
20-12-2013,15.84000,0.3000000000000007
19-12-2013,15.54000,-0.11000000000000121
18-12-2013,15.65000,0.17999999999999972
17-12-2013,15.47000,0.030000000000001137
16-12-2013,15.44000,-0.009999999999999787
13-12-2013,15.45000,-0.20000000000000107
12-12-2013,15.65000,-0.10999999999999943
11-12-2013,15.76000,0.019999999999999574
10-12-2013,15.74000,-0.14000000000000057
09-12-2013,15.88000,0.21000000000000085
06-12-2013,15.67000,0.07000000000000028
05-12-2013,15.60000,0.16999999999999993
04-12-2013,15.43000,-0.08999999999999986
03-12-2013,15.52000,-0.05000000000000071
02-12-2013,15.57000,0.120000000000001
29-11-2013,15.45000,0.1399999999999988
28-11-2013,15.31000,0.07000000000000028
27-11-2013,15.24000,0.02999999999999936
26-11-2013,15.21000,-0.16999999999999993
25-11-2013,15.38000,0.25
22-11-2013,15.13000,0.010000000000001563
21-11-2013,15.12000,-0.2900000000000009
20-11-2013,15.41000,-0.1899999999999995
19-11-2013,15.60000,0.03999999999999915
18-11-2013,15.56000,0.25
14-11-2013,15.31000,0.20000000000000107
13-11-2013,15.11000,-0.13000000000000078
12-11-2013,15.24000,-0.049999999999998934
11-11-2013,15.29000,-0.10000000000000142
08-11-2013,15.39000,-0.14999999999999858
07-11-2013,15.54000,-0.1700000000000017
06-11-2013,15.71000,-0.16999999999999993
05-11-2013,15.88000,0.010000000000001563
01-11-2013,15.87000,0.06999999999999851
31-10-2013,15.80000,0.16000000000000014
30-10-2013,15.64000,0.11000000000000121
29-10-2013,15.53000,0.28999999999999915
28-10-2013,15.24000,-0.16000000000000014
25-10-2013,15.40000,-0.0600000000000005
24-10-2013,15.46000,-0.019999999999999574
23-10-2013,15.48000,-0.009999999999999787
22-10-2013,15.49000,-0.019999999999999574
21-10-2013,15.51000,0.129999999999999
18-10-2013,15.38000,0.3200000000000003
17-10-2013,15.06000,0.07000000000000028
15-10-2013,14.99000,-0.15000000000000036
14-10-2013,15.14000,-0.009999999999999787
11-10-2013,15.15000,0.13000000000000078
10-10-2013,15.02000,0.02999999999999936
09-10-2013,14.99000,0.16000000000000014
08-10-2013,14.83000,0.009999999999999787
07-10-2013,14.82000,-0.03999999999999915
04-10-2013,14.86000,-0.02000000000000135
03-10-2013,14.88000,0.27000000000000135
01-10-2013,14.61000,0.16999999999999993
30-09-2013,14.44000,-0.17999999999999972
27-09-2013,14.62000,-0.040000000000000924
26-09-2013,14.66000,0.08999999999999986
25-09-2013,14.57000,-0.009999999999999787
24-09-2013,14.58000,0.040000000000000924
23-09-2013,14.54000,-0.3000000000000007
20-09-2013,14.84000,-0.3200000000000003
19-09-2013,15.16000,0.4399999999999995
18-09-2013,14.72000,0.13000000000000078
17-09-2013,14.59000,-0.0600000000000005
16-09-2013,14.65000,0.120000000000001
13-09-2013,14.53000,-0.040000000000000924
12-09-2013,14.57000,-0.15000000000000036
11-09-2013,14.72000,0.11000000000000121
10-09-2013,14.61000,0.34999999999999964
06-09-2013,14.26000,0.16999999999999993
05-09-2013,14.09000,0.5199999999999996
04-09-2013,13.57000,0.16999999999999993
03-09-2013,13.40000,-0.4900000000000002
02-09-2013,13.89000,0.20000000000000107
30-08-2013,13.69000,0.1899999999999995
29-08-2013,13.50000,0.28999999999999915
28-08-2013,13.21000,-0.22999999999999865
27-08-2013,13.44000,-0.5500000000000007
26-08-2013,13.99000,0.009999999999999787
23-08-2013,13.98000,0.13000000000000078
22-08-2013,13.85000,0.019999999999999574
21-08-2013,13.83000,-0.019999999999999574
20-08-2013,13.85000,-0.0600000000000005
19-08-2013,13.91000,-0.3000000000000007
16-08-2013,14.21000,-0.5299999999999994
14-08-2013,14.74000,0.09999999999999964
13-08-2013,14.64000,0.25
12-08-2013,14.39000,0.14000000000000057
08-08-2013,14.25000,0.13000000000000078
07-08-2013,14.12000,-0.05000000000000071
06-08-2013,14.17000,-0.4800000000000004
05-08-2013,14.65000,0.009999999999999787
02-08-2013,14.64000,-0.129999999999999
01-08-2013,14.77000,-0.019999999999999574
31-07-2013,14.79000,-0.08000000000000007
30-07-2013,14.87000,-0.21000000000000085
29-07-2013,15.08000,-0.16000000000000014
26-07-2013,15.24000,-0.10999999999999943
25-07-2013,15.35000,-0.07000000000000028
24-07-2013,15.42000,-0.3200000000000003
23-07-2013,15.74000,0.05000000000000071
22-07-2013,15.69000,0.09999999999999964
19-07-2013,15.59000,-0.14000000000000057
18-07-2013,15.73000,0.16000000000000014
17-07-2013,15.57000,-0.129999999999999
16-07-2013,15.70000,-0.27000000000000135
15-07-2013,15.97000,0.16000000000000014
12-07-2013,15.81000,0.040000000000000924
11-07-2013,15.77000,0.21999999999999886
10-07-2013,15.55000,-0.08000000000000007
09-07-2013,15.63000,0.13000000000000078
08-07-2013,15.50000,-0.08999999999999986
05-07-2013,15.59000,0.02999999999999936
04-07-2013,15.56000,0.08000000000000007
03-07-2013,15.48000,-0.1899999999999995
02-07-2013,15.67000,-0.05000000000000071
01-07-2013,15.72000,0.22000000000000064
28-06-2013,15.50000,0.33999999999999986
27-06-2013,15.16000,0.16999999999999993
26-06-2013,14.99000,-0.11999999999999922
25-06-2013,15.11000,0.019999999999999574
24-06-2013,15.09000,-0.25
21-06-2013,15.34000,-0.040000000000000924
20-06-2013,15.38000,-0.3699999999999992
19-06-2013,15.75000,0.08999999999999986
18-06-2013,15.66000,-0.07000000000000028
17-06-2013,15.73000,0.08999999999999986
14-06-2013,15.64000,0.25
13-06-2013,15.39000,-0.09999999999999964
12-06-2013,15.49000,-0.09999999999999964
11-06-2013,15.59000,-0.3200000000000003
10-06-2013,15.91000,-0.14000000000000057
07-06-2013,16.05000,-0.129999999999999
06-06-2013,16.18000,0.00999999999999801
05-06-2013,16.17000,-0.019999999999999574
04-06-2013,16.19000,-0.03999999999999915
03-06-2013,16.23000,-0.019999999999999574
31-05-2013,16.25000,-0.3200000000000003
30-05-2013,16.57000,0.120000000000001
29-05-2013,16.45000,-0.07000000000000028
28-05-2013,16.52000,0.05999999999999872
27-05-2013,16.46000,0.21000000000000085
24-05-2013,16.25000,0.10999999999999943
23-05-2013,16.14000,-0.3099999999999987
22-05-2013,16.45000,-0.05000000000000071
21-05-2013,16.50000,-0.05999999999999872
20-05-2013,16.56000,-0.10000000000000142
17-05-2013,16.66000,0.019999999999999574
16-05-2013,16.64000,0.019999999999999574
15-05-2013,16.62000,0.39000000000000057
14-05-2013,16.23000,0.030000000000001137
13-05-2013,16.20000,-0.1999999999999993
10-05-2013,16.40000,0.129999999999999
09-05-2013,16.27000,-0.03999999999999915
08-05-2013,16.31000,0.0799999999999983
07-05-2013,16.23000,0.19000000000000128
06-05-2013,16.04000,0.05999999999999872
03-05-2013,15.98000,-0.14999999999999858
02-05-2013,16.13000,0.1399999999999988
30-04-2013,15.99000,0.14000000000000057
29-04-2013,15.85000,0.129999999999999
26-04-2013,15.72000,-0.06999999999999851
25-04-2013,15.79000,0.14999999999999858
23-04-2013,15.64000,-0.07000000000000028
22-04-2013,15.71000,0.21000000000000085
18-04-2013,15.50000,0.27999999999999936
17-04-2013,15.22000,0.120000000000001
16-04-2013,15.10000,0.23000000000000043
15-04-2013,14.87000,0.10999999999999943
12-04-2013,14.76000,0.0600000000000005
11-04-2013,14.70000,0.08999999999999986
10-04-2013,14.61000,0.129999999999999
09-04-2013,14.48000,-0.09999999999999964
08-04-2013,14.58000,-0.08000000000000007
05-04-2013,14.66000,-0.10999999999999943
04-04-2013,14.77000,-0.25
03-04-2013,15.02000,-0.13000000000000078
02-04-2013,15.15000,0.11000000000000121
01-04-2013,15.04000,0.08999999999999986
28-03-2013,14.95000,0.16000000000000014
26-03-2013,14.79000,0.09999999999999964
25-03-2013,14.69000,-0.040000000000000924
22-03-2013,14.73000,-0.009999999999999787
21-03-2013,14.74000,-0.009999999999999787
20-03-2013,14.75000,-0.2599999999999998
19-03-2013,15.01000,-0.20000000000000107
18-03-2013,15.21000,-0.049999999999998934
15-03-2013,15.26000,-0.05000000000000071
14-03-2013,15.31000,0.15000000000000036
13-03-2013,15.16000,-0.2599999999999998
12-03-2013,15.42000,-0.07000000000000028
11-03-2013,15.49000,-0.02999999999999936
08-03-2013,15.52000,0.2400000000000002
07-03-2013,15.28000,0.08000000000000007
06-03-2013,15.20000,0.049999999999998934
05-03-2013,15.15000,0.17999999999999972
04-03-2013,14.97000,-0.06999999999999851
01-03-2013,15.04000,0.05999999999999872
28-02-2013,14.98000,-0.3699999999999992
27-02-2013,15.35000,0.11999999999999922
26-02-2013,15.23000,-0.21999999999999886
25-02-2013,15.45000,-0.030000000000001137
22-02-2013,15.48000,-0.019999999999999574
21-02-2013,15.50000,-0.3100000000000005
20-02-2013,15.81000,-0.03999999999999915
19-02-2013,15.85000,0.08000000000000007
18-02-2013,15.77000,0.019999999999999574
15-02-2013,15.75000,-0.02999999999999936
14-02-2013,15.78000,-0.13000000000000078
13-02-2013,15.91000,-0.019999999999999574
12-02-2013,15.93000,0.07000000000000028
11-02-2013,15.86000,0.019999999999999574
08-02-2013,15.84000,-0.08000000000000007
07-02-2013,15.92000,-0.11999999999999922
06-02-2013,16.04000,-0.019999999999999574
05-02-2013,16.06000,-0.11000000000000298
04-02-2013,16.17000,-0.03999999999999915
01-02-2013,16.21000,-0.019999999999999574
31-01-2013,16.23000,0.030000000000001137
30-01-2013,16.20000,0.029999999999997584
29-01-2013,16.17000,-0.06999999999999673
28-01-2013,16.24000,0.029999999999997584
25-01-2013,16.21000,0.14000000000000057
24-01-2013,16.07000,-0.16000000000000014
23-01-2013,16.23000,0.030000000000001137
22-01-2013,16.20000,-0.060000000000002274
21-01-2013,16.26000,-0.029999999999997584
18-01-2013,16.29000,-0.019999999999999574
17-01-2013,16.31000,0.019999999999999574
16-01-2013,16.29000,-0.22000000000000242
15-01-2013,16.51000,0.030000000000001137
14-01-2013,16.48000,0.14000000000000057
11-01-2013,16.34000,-0.21000000000000085
10-01-2013,16.55000,0.07000000000000028
09-01-2013,16.48000,-0.05999999999999872
08-01-2013,16.54000,0.05000000000000071
07-01-2013,16.49000,-0.060000000000002274
04-01-2013,16.55000,0.0
03-01-2013,16.55000,-0.029999999999997584
02-01-2013,16.58000,
