date,nav,dayChange
06-11-2020,10.00000,-2.7935999999999996
05-11-2020,12.79360,0.0008999999999996788
04-11-2020,12.79270,0.0009999999999994458
03-11-2020,12.79170,0.0008999999999996788
02-11-2020,12.79080,0.0038000000000000256
29-10-2020,12.78700,0.0010000000000012221
28-10-2020,12.78600,0.0008999999999996788
27-10-2020,12.78510,0.0009999999999994458
26-10-2020,12.78410,0.0029000000000003467
23-10-2020,12.78120,0.0008999999999996788
22-10-2020,12.78030,0.0010000000000012221
21-10-2020,12.77930,0.0009999999999994458
20-10-2020,12.77830,0.0008999999999996788
19-10-2020,12.77740,0.0030000000000001137
16-10-2020,12.77440,0.0009999999999994458
15-10-2020,12.77340,0.0010000000000012221
14-10-2020,12.77240,0.0009999999999994458
13-10-2020,12.77140,0.0010999999999992127
12-10-2020,12.77030,0.0030999999999998806
09-10-2020,12.76720,0.001200000000000756
08-10-2020,12.76600,0.0008999999999996788
07-10-2020,12.76510,0.001100000000000989
06-10-2020,12.76400,0.0009999999999994458
05-10-2020,12.76300,0.004099999999999326
01-10-2020,12.75890,0.000700000000000145
30-09-2020,12.75820,0.001800000000001134
29-09-2020,12.75640,0.0013999999999985135
28-09-2020,12.75500,0.0038000000000000256
25-09-2020,12.75120,0.001300000000000523
24-09-2020,12.74990,0.00140000000000029
23-09-2020,12.74850,0.0015999999999998238
22-09-2020,12.74690,0.00140000000000029
21-09-2020,12.74550,0.004699999999999704
18-09-2020,12.74080,0.00140000000000029
17-09-2020,12.73940,0.0015999999999998238
16-09-2020,12.73780,0.0015000000000000568
15-09-2020,12.73630,0.0016999999999995907
14-09-2020,12.73460,0.0045999999999999375
11-09-2020,12.73000,0.001300000000000523
10-09-2020,12.72870,0.0015999999999998238
09-09-2020,12.72710,0.0009999999999994458
08-09-2020,12.72610,0.00140000000000029
07-09-2020,12.72470,0.004400000000000404
04-09-2020,12.72030,0.00140000000000029
03-09-2020,12.71890,0.0015999999999998238
02-09-2020,12.71730,0.00140000000000029
01-09-2020,12.71590,0.0020999999999986585
31-08-2020,12.71380,0.004700000000001481
28-08-2020,12.70910,0.0011999999999989797
27-08-2020,12.70790,0.001800000000001134
26-08-2020,12.70610,0.0015999999999998238
25-08-2020,12.70450,0.0011999999999989797
24-08-2020,12.70330,0.004400000000000404
21-08-2020,12.69890,0.003400000000000958
20-08-2020,12.69550,0.0020999999999986585
19-08-2020,12.69340,0.0023999999999997357
18-08-2020,12.69100,0.001800000000001134
17-08-2020,12.68920,0.006399999999999295
14-08-2020,12.68280,0.0023999999999997357
13-08-2020,12.68040,0.002100000000000435
12-08-2020,12.67830,0.0023999999999997357
11-08-2020,12.67590,0.003400000000000958
10-08-2020,12.67250,0.007899999999999352
07-08-2020,12.66460,0.002000000000000668
06-08-2020,12.66260,0.0024999999999995026
05-08-2020,12.66010,0.0017999999999993577
04-08-2020,12.65830,0.0022999999999999687
03-08-2020,12.65600,0.0064000000000010715
31-07-2020,12.64960,0.0034999999999989484
30-07-2020,12.64610,0.0022999999999999687
29-07-2020,12.64380,0.002000000000000668
28-07-2020,12.64180,0.002000000000000668
27-07-2020,12.63980,0.006999999999999673
24-07-2020,12.63280,0.00140000000000029
23-07-2020,12.63140,0.0023999999999997357
22-07-2020,12.62900,0.0018999999999991246
21-07-2020,12.62710,0.002100000000000435
20-07-2020,12.62500,0.0065000000000008384
17-07-2020,12.61850,0.0022999999999999687
16-07-2020,12.61620,0.0022999999999999687
15-07-2020,12.61390,0.0024999999999995026
14-07-2020,12.61140,0.0024999999999995026
13-07-2020,12.60890,0.006899999999999906
10-07-2020,12.60200,0.0029000000000003467
09-07-2020,12.59910,0.002100000000000435
08-07-2020,12.59700,0.0029000000000003467
07-07-2020,12.59410,0.0020999999999986585
06-07-2020,12.59200,0.0057000000000009265
03-07-2020,12.58630,0.0026999999999990365
02-07-2020,12.58360,0.002000000000000668
01-07-2020,12.58160,0.0038000000000000256
30-06-2020,12.57780,0.00280000000000058
29-06-2020,12.57500,0.00709999999999944
26-06-2020,12.56790,0.0038999999999997925
25-06-2020,12.56400,0.0031999999999996476
24-06-2020,12.56080,0.0035000000000007248
23-06-2020,12.55730,0.0030000000000001137
22-06-2020,12.55430,0.007600000000000051
19-06-2020,12.54670,0.0038999999999997925
18-06-2020,12.54280,0.0036000000000004917
17-06-2020,12.53920,0.0035999999999987153
16-06-2020,12.53560,0.0045000000000001705
15-06-2020,12.53110,0.009299999999999642
12-06-2020,12.52180,0.0030000000000001137
11-06-2020,12.51880,0.004000000000001336
10-06-2020,12.51480,-0.0001000000000015433
09-06-2020,12.51490,0.002700000000000813
08-06-2020,12.51220,0.007600000000000051
05-06-2020,12.50460,0.002700000000000813
04-06-2020,12.50190,-0.0035000000000007248
03-06-2020,12.50540,-0.005300000000000082
02-06-2020,12.51070,0.002700000000000813
01-06-2020,12.50800,0.00849999999999973
29-05-2020,12.49950,0.0013999999999985135
28-05-2020,12.49810,0.001300000000000523
27-05-2020,12.49680,0.005000000000000782
26-05-2020,12.49180,0.013099999999999667
22-05-2020,12.47870,0.0038999999999997925
21-05-2020,12.47480,0.0051000000000005485
20-05-2020,12.46970,0.0035999999999987153
19-05-2020,12.46610,0.0038000000000000256
18-05-2020,12.46230,0.012300000000001532
15-05-2020,12.45000,0.004799999999999471
14-05-2020,12.44520,0.006000000000000227
13-05-2020,12.43920,0.006099999999999994
12-05-2020,12.43310,0.010699999999999932
11-05-2020,12.42240,0.00569999999999915
08-05-2020,12.41670,0.0029000000000003467
06-05-2020,12.41380,0.0039999999999995595
05-05-2020,12.40980,0.0063000000000013046
04-05-2020,12.40350,0.013599999999998502
30-04-2020,12.38990,0.002000000000000668
29-04-2020,12.38790,-0.012000000000000455
28-04-2020,12.39990,-0.01249999999999929
27-04-2020,12.41240,-0.005000000000000782
24-04-2020,12.41740,-9.999999999976694e-05
23-04-2020,12.41750,0.0071000000000012164
22-04-2020,12.41040,0.006599999999998829
21-04-2020,12.40380,0.008100000000000662
20-04-2020,12.39570,0.013099999999999667
17-04-2020,12.38260,0.01130000000000031
16-04-2020,12.37130,0.0018999999999991246
15-04-2020,12.36940,0.001800000000001134
13-04-2020,12.36760,0.008199999999998653
09-04-2020,12.35940,-0.0011999999999989797
08-04-2020,12.36060,-0.000700000000000145
07-04-2020,12.36130,0.01130000000000031
03-04-2020,12.35000,0.011899999999998911
31-03-2020,12.33810,0.0045000000000001705
30-03-2020,12.33360,0.013300000000000978
27-03-2020,12.32030,0.08070000000000022
26-03-2020,12.23960,0.02059999999999995
24-03-2020,12.21900,-0.014599999999999724
23-03-2020,12.23360,-0.012600000000000833
20-03-2020,12.24620,-0.0017999999999993577
19-03-2020,12.24800,-0.040500000000001535
18-03-2020,12.28850,-0.006199999999999761
17-03-2020,12.29470,-0.0030999999999998806
16-03-2020,12.29780,0.0051000000000005485
13-03-2020,12.29270,-0.0030999999999998806
12-03-2020,12.29580,-0.002100000000000435
11-03-2020,12.29790,0.0039999999999995595
09-03-2020,12.29390,0.009300000000001418
06-03-2020,12.28460,0.0017999999999993577
05-03-2020,12.28280,0.002700000000000813
04-03-2020,12.28010,0.010699999999999932
03-03-2020,12.26940,0.004399999999998627
02-03-2020,12.26500,0.007699999999999818
28-02-2020,12.25730,0.0004000000000008441
27-02-2020,12.25690,0.0016999999999995907
26-02-2020,12.25520,-0.0023999999999997357
25-02-2020,12.25760,0.001900000000000901
24-02-2020,12.25570,0.009599999999998943
20-02-2020,12.24610,0.005000000000000782
18-02-2020,12.24110,0.0017999999999993577
17-02-2020,12.23930,0.006800000000000139
14-02-2020,12.23250,0.00280000000000058
13-02-2020,12.22970,0.0034999999999989484
12-02-2020,12.22620,0.001800000000001134
11-02-2020,12.22440,0.004199999999999093
10-02-2020,12.22020,0.009299999999999642
07-02-2020,12.21090,0.0038000000000000256
06-02-2020,12.20710,0.00560000000000116
05-02-2020,12.20150,0.0030999999999998806
04-02-2020,12.19840,0.0025999999999992696
03-02-2020,12.19580,0.00820000000000043
31-01-2020,12.18760,0.0037000000000002586
30-01-2020,12.18390,0.0027999999999988034
29-01-2020,12.18110,0.00280000000000058
28-01-2020,12.17830,0.0038999999999997925
27-01-2020,12.17440,0.00849999999999973
24-01-2020,12.16590,0.00730000000000075
23-01-2020,12.15860,0.005499999999999616
22-01-2020,12.15310,0.0036000000000004917
21-01-2020,12.14950,0.0029000000000003467
20-01-2020,12.14660,0.007999999999999119
17-01-2020,12.13860,0.0035000000000007248
16-01-2020,12.13510,0.0024999999999995026
15-01-2020,12.13260,0.0015999999999998238
14-01-2020,12.13100,-0.001300000000000523
13-01-2020,12.13230,0.008600000000001273
10-01-2020,12.12370,0.0019999999999988916
09-01-2020,12.12170,0.0058000000000006935
08-01-2020,12.11590,0.004999999999999005
07-01-2020,12.11090,0.005300000000000082
06-01-2020,12.10560,0.0069000000000016826
03-01-2020,12.09870,0.004399999999998627
02-01-2020,12.09430,0.0051000000000005485
01-01-2020,12.08920,0.006099999999999994
31-12-2019,12.08310,0.0017999999999993577
30-12-2019,12.08130,0.007200000000000983
27-12-2019,12.07410,0.0026999999999990365
26-12-2019,12.07140,0.004000000000001336
24-12-2019,12.06740,0.0008999999999996788
23-12-2019,12.06650,0.042299999999999116
20-12-2019,12.02420,0.0016999999999995907
19-12-2019,12.02250,0.0037000000000002586
18-12-2019,12.01880,0.004900000000001015
17-12-2019,12.01390,0.0029000000000003467
16-12-2019,12.01100,0.008599999999999497
13-12-2019,12.00240,0.0018999999999991246
12-12-2019,12.00050,0.002500000000001279
11-12-2019,11.99800,0.0036999999999984823
10-12-2019,11.99430,0.0037000000000002586
09-12-2019,11.99060,0.005399999999999849
06-12-2019,11.98520,0.000700000000000145
05-12-2019,11.98450,-0.005799999999998917
04-12-2019,11.99030,0.0031999999999996476
03-12-2019,11.98710,0.0038000000000000256
02-12-2019,11.98330,0.008100000000000662
29-11-2019,11.97520,0.006199999999999761
28-11-2019,11.96900,0.0037000000000002586
27-11-2019,11.96530,0.0026999999999990365
26-11-2019,11.96260,0.0037000000000002586
25-11-2019,11.95890,0.009100000000000108
22-11-2019,11.94980,0.004300000000000637
21-11-2019,11.94550,0.005399999999999849
20-11-2019,11.94010,0.0034999999999989484
19-11-2019,11.93660,0.006099999999999994
18-11-2019,11.93050,0.007400000000000517
15-11-2019,11.92310,0.006600000000000605
14-11-2019,11.91650,0.0029999999999983373
13-11-2019,11.91350,0.006099999999999994
11-11-2019,11.90740,-0.014499999999999957
08-11-2019,11.92190,0.0029000000000003467
07-11-2019,11.91900,0.0031999999999996476
06-11-2019,11.91580,0.0005000000000006111
05-11-2019,11.91530,0.00280000000000058
04-11-2019,11.91250,0.004999999999999005
01-11-2019,11.90750,0.004400000000000404
31-10-2019,11.90310,0.006899999999999906
30-10-2019,11.89620,0.00849999999999973
29-10-2019,11.88770,0.010400000000000631
25-10-2019,11.87730,0.004300000000000637
24-10-2019,11.87300,0.0024999999999995026
23-10-2019,11.87050,0.0034999999999989484
22-10-2019,11.86700,0.012600000000000833
18-10-2019,11.85440,0.004400000000000404
17-10-2019,11.85000,0.006099999999999994
16-10-2019,11.84390,0.0045999999999999375
15-10-2019,11.83930,0.00879999999999903
14-10-2019,11.83050,0.008900000000000574
11-10-2019,11.82160,0.006399999999999295
10-10-2019,11.81520,0.00420000000000087
09-10-2019,11.81100,0.0038000000000000256
07-10-2019,11.80720,0.011799999999999145
04-10-2019,11.79540,0.004700000000001481
03-10-2019,11.79070,0.005499999999999616
01-10-2019,11.78520,0.007199999999999207
30-09-2019,11.77800,0.013600000000000279
27-09-2019,11.76440,0.0032999999999994145
26-09-2019,11.76110,0.002100000000000435
25-09-2019,11.75900,0.002100000000000435
24-09-2019,11.75690,-0.0015000000000000568
23-09-2019,11.75840,0.00990000000000002
20-09-2019,11.74850,-0.00590000000000046
19-09-2019,11.75440,0.002200000000000202
18-09-2019,11.75220,0.0023999999999997357
17-09-2019,11.74980,-0.0032999999999994145
16-09-2019,11.75310,0.007699999999999818
13-09-2019,11.74540,0.01180000000000092
12-09-2019,11.73360,0.0007999999999999119
11-09-2019,11.73280,0.00429999999999886
09-09-2019,11.72850,0.011400000000000077
06-09-2019,11.71710,0.0030999999999998806
05-09-2019,11.71400,0.005300000000000082
04-09-2019,11.70870,0.0029000000000003467
03-09-2019,11.70580,0.014200000000000657
30-08-2019,11.69160,0.0027999999999988034
29-08-2019,11.68880,0.0037000000000002586
28-08-2019,11.68510,0.0038000000000000256
27-08-2019,11.68130,0.005300000000000082
26-08-2019,11.67600,0.01159999999999961
23-08-2019,11.66440,0.004300000000000637
22-08-2019,11.66010,0.0025999999999992696
21-08-2019,11.65750,0.0035000000000007248
20-08-2019,11.65400,0.0018999999999991246
19-08-2019,11.65210,0.010000000000001563
16-08-2019,11.64210,0.004499999999998394
14-08-2019,11.63760,-0.0011999999999989797
13-08-2019,11.63880,0.009000000000000341
09-08-2019,11.62980,-0.0015000000000000568
08-08-2019,11.63130,0.012100000000000222
07-08-2019,11.61920,0.006800000000000139
06-08-2019,11.61240,-0.0008000000000016882
05-08-2019,11.61320,0.004600000000001714
02-08-2019,11.60860,0.005799999999998917
01-08-2019,11.60280,0.004400000000000404
31-07-2019,11.59840,0.0023999999999997357
30-07-2019,11.59600,0.0032999999999994145
29-07-2019,11.59270,0.0030999999999998806
26-07-2019,11.58960,0.003200000000001424
25-07-2019,11.58640,-0.001100000000000989
24-07-2019,11.58750,-0.00039999999999906777
23-07-2019,11.58790,-0.0038999999999997925
22-07-2019,11.59180,0.004499999999998394
19-07-2019,11.58730,0.002200000000000202
18-07-2019,11.58510,-0.00039999999999906777
17-07-2019,11.58550,0.014099999999999113
16-07-2019,11.57140,0.012000000000000455
15-07-2019,11.55940,0.010899999999999466
12-07-2019,11.54850,0.0038999999999997925
11-07-2019,11.54460,-0.010499999999998622
10-07-2019,11.55510,0.007600000000000051
09-07-2019,11.54750,0.0031999999999996476
08-07-2019,11.54430,0.010099999999999554
05-07-2019,11.53420,0.00730000000000075
04-07-2019,11.52690,0.004399999999998627
03-07-2019,11.52250,0.0052000000000003155
02-07-2019,11.51730,0.00280000000000058
01-07-2019,11.51450,0.008399999999999963
28-06-2019,11.50610,-0.16830000000000034
27-06-2019,11.67440,0.0030000000000001137
26-06-2019,11.67140,-0.004300000000000637
25-06-2019,11.67570,0.002200000000000202
24-06-2019,11.67350,0.007400000000000517
21-06-2019,11.66610,-0.0008999999999996788
20-06-2019,11.66700,0.0037000000000002586
19-06-2019,11.66330,0.0015000000000000568
18-06-2019,11.66180,0.008399999999999963
17-06-2019,11.65340,0.007199999999999207
14-06-2019,11.64620,0.0057000000000009265
13-06-2019,11.64050,-0.004300000000000637
12-06-2019,11.64480,0.001900000000000901
11-06-2019,11.64290,-0.001800000000001134
10-06-2019,11.64470,0.0037000000000002586
07-06-2019,11.64100,-0.004899999999999238
06-06-2019,11.64590,0.010599999999998388
04-06-2019,11.63530,0.0
03-06-2019,11.63530,0.01150000000000162
31-05-2019,11.62380,0.0035999999999987153
30-05-2019,11.62020,0.002000000000000668
29-05-2019,11.61820,0.0031999999999996476
28-05-2019,11.61500,0.0024999999999995026
27-05-2019,11.61250,0.02059999999999995
24-05-2019,11.59190,0.0052000000000003155
23-05-2019,11.58670,0.008900000000000574
22-05-2019,11.57780,0.0037000000000002586
21-05-2019,11.57410,0.004999999999999005
20-05-2019,11.56910,0.012600000000000833
17-05-2019,11.55650,0.006499999999999062
16-05-2019,11.55000,0.001300000000000523
15-05-2019,11.54870,0.0031999999999996476
14-05-2019,11.54550,0.007200000000000983
13-05-2019,11.53830,0.007199999999999207
10-05-2019,11.53110,0.004900000000001015
09-05-2019,11.52620,0.002200000000000202
08-05-2019,11.52400,0.0021999999999984254
07-05-2019,11.52180,0.003300000000001191
06-05-2019,11.51850,0.00969999999999871
03-05-2019,11.50880,-0.0034999999999989484
02-05-2019,11.51230,0.004400000000000404
30-04-2019,11.50790,-0.3858000000000015
26-04-2019,11.89370,-0.0007999999999999119
25-04-2019,11.89450,-0.006299999999999528
24-04-2019,11.90080,-0.011099999999999
23-04-2019,11.91190,-0.002600000000001046
22-04-2019,11.91450,-0.009100000000000108
18-04-2019,11.92360,0.002100000000000435
16-04-2019,11.92150,0.002200000000000202
15-04-2019,11.91930,0.006099999999999994
12-04-2019,11.91320,0.0018999999999991246
11-04-2019,11.91130,0.003400000000000958
10-04-2019,11.90790,0.006099999999999994
09-04-2019,11.90180,0.0033999999999991815
08-04-2019,11.89840,0.000600000000000378
05-04-2019,11.89780,0.001900000000000901
04-04-2019,11.89590,-0.0036000000000004917
03-04-2019,11.89950,-0.005399999999999849
02-04-2019,11.90490,0.025800000000000267
29-03-2019,11.87910,0.018799999999998818
28-03-2019,11.86030,0.006999999999999673
27-03-2019,11.85330,0.0005000000000006111
26-03-2019,11.85280,0.002200000000000202
25-03-2019,11.85060,0.007699999999999818
22-03-2019,11.84290,0.0058000000000006935
20-03-2019,11.83710,0.0035999999999987153
19-03-2019,11.83350,-0.0008999999999996788
18-03-2019,11.83440,0.014700000000001268
15-03-2019,11.81970,0.00039999999999906777
14-03-2019,11.81930,0.01529999999999987
13-03-2019,11.80400,0.0030000000000001137
12-03-2019,11.80100,0.012100000000000222
11-03-2019,11.78890,0.0127000000000006
08-03-2019,11.77620,0.006299999999999528
07-03-2019,11.76990,0.0015000000000000568
06-03-2019,11.76840,0.006299999999999528
05-03-2019,11.76210,0.01580000000000048
01-03-2019,11.74630,0.004400000000000404
28-02-2019,11.74190,0.0017999999999993577
27-02-2019,11.74010,-0.005599999999999383
26-02-2019,11.74570,9.999999999976694e-05
25-02-2019,11.74560,0.009299999999999642
22-02-2019,11.73630,0.004099999999999326
21-02-2019,11.73220,0.0030000000000001137
20-02-2019,11.72920,0.008100000000000662
18-02-2019,11.72110,-0.0052000000000003155
15-02-2019,11.72630,-0.00140000000000029
14-02-2019,11.72770,-0.0037000000000002586
13-02-2019,11.73140,0.013400000000000745
12-02-2019,11.71800,0.0008999999999996788
11-02-2019,11.71710,0.00990000000000002
08-02-2019,11.70720,0.006199999999999761
07-02-2019,11.70100,0.02069999999999972
06-02-2019,11.68030,0.0007999999999999119
05-02-2019,11.67950,-0.00039999999999906777
04-02-2019,11.67990,-0.001300000000000523
01-02-2019,11.68120,-0.014299999999998647
31-01-2019,11.69550,0.0028999999999985704
30-01-2019,11.69260,0.000600000000000378
29-01-2019,11.69200,0.0015000000000000568
28-01-2019,11.69050,0.010300000000000864
25-01-2019,11.68020,0.0039999999999995595
24-01-2019,11.67620,0.0018999999999991246
23-01-2019,11.67430,0.0023999999999997357
22-01-2019,11.67190,0.009300000000001418
21-01-2019,11.66260,0.0039999999999995595
18-01-2019,11.65860,-0.0023999999999997357
17-01-2019,11.66100,-0.008000000000000895
16-01-2019,11.66900,0.0035000000000007248
15-01-2019,11.66550,0.0030999999999998806
14-01-2019,11.66240,0.014699999999999491
11-01-2019,11.64770,0.00560000000000116
10-01-2019,11.64210,0.00429999999999886
09-01-2019,11.63780,0.004800000000001248
08-01-2019,11.63300,0.005899999999998684
07-01-2019,11.62710,0.009999999999999787
04-01-2019,11.61710,0.00820000000000043
03-01-2019,11.60890,0.005300000000000082
02-01-2019,11.60360,0.006700000000000372
01-01-2019,11.59690,0.0018999999999991246
31-12-2018,11.59500,0.009100000000000108
28-12-2018,11.58590,-0.005599999999999383
27-12-2018,11.59150,0.004300000000000637
26-12-2018,11.58720,0.004399999999998627
24-12-2018,11.58280,0.0071000000000012164
21-12-2018,11.57570,0.0024999999999995026
20-12-2018,11.57320,0.004300000000000637
19-12-2018,11.56890,0.010999999999999233
18-12-2018,11.55790,0.004699999999999704
17-12-2018,11.55320,0.013600000000000279
14-12-2018,11.53960,0.0045000000000001705
13-12-2018,11.53510,0.0025999999999992696
12-12-2018,11.53250,0.009100000000000108
11-12-2018,11.52340,0.010400000000000631
10-12-2018,11.51300,-0.006999999999999673
07-12-2018,11.52000,-0.001800000000001134
06-12-2018,11.52180,0.0065000000000008384
05-12-2018,11.51530,0.012299999999999756
04-12-2018,11.50300,0.0015000000000000568
03-12-2018,11.50150,0.007799999999999585
30-11-2018,11.49370,0.009600000000000719
29-11-2018,11.48410,0.008300000000000196
28-11-2018,11.47580,0.005499999999999616
27-11-2018,11.47030,-0.002000000000000668
26-11-2018,11.47230,0.012000000000000455
22-11-2018,11.46030,0.009199999999999875
20-11-2018,11.45110,0.003400000000000958
19-11-2018,11.44770,0.009199999999999875
16-11-2018,11.43850,0.0045999999999999375
15-11-2018,11.43390,0.00569999999999915
14-11-2018,11.42820,0.004699999999999704
13-11-2018,11.42350,0.005500000000001393
12-11-2018,11.41800,0.005300000000000082
09-11-2018,11.41270,0.00990000000000002
06-11-2018,11.40280,0.0034999999999989484
05-11-2018,11.39930,0.010300000000000864
02-11-2018,11.38900,0.007299999999998974
01-11-2018,11.38170,-0.0002999999999993008
31-10-2018,11.38200,-0.008599999999999497
30-10-2018,11.39060,0.005799999999998917
29-10-2018,11.38480,0.004699999999999704
26-10-2018,11.38010,0.003200000000001424
25-10-2018,11.37690,0.0005999999999986017
24-10-2018,11.37630,0.0022999999999999687
23-10-2018,11.37400,0.0003000000000010772
22-10-2018,11.37370,0.005799999999998917
19-10-2018,11.36790,0.0063000000000013046
17-10-2018,11.36160,0.0031999999999996476
16-10-2018,11.35840,0.0024999999999995026
15-10-2018,11.35590,0.015200000000000102
12-10-2018,11.34070,0.0039999999999995595
11-10-2018,11.33670,0.012199999999999989
10-10-2018,11.32450,0.005499999999999616
09-10-2018,11.31900,-0.016399999999999082
08-10-2018,11.33540,0.007899999999999352
05-10-2018,11.32750,0.026900000000001256
04-10-2018,11.30060,-0.010500000000000398
03-10-2018,11.31110,-0.002100000000000435
01-10-2018,11.31320,0.015700000000000713
28-09-2018,11.29750,0.0129999999999999
27-09-2018,11.28450,0.01959999999999873
26-09-2018,11.26490,0.0077000000000015945
25-09-2018,11.25720,-0.031200000000000117
24-09-2018,11.28840,-0.017400000000000304
21-09-2018,11.30580,-0.004800000000001248
19-09-2018,11.31060,0.002600000000001046
18-09-2018,11.30800,0.004099999999999326
17-09-2018,11.30390,-0.004899999999999238
14-09-2018,11.30880,0.007699999999999818
12-09-2018,11.30110,-0.0038000000000000256
11-09-2018,11.30490,-0.002200000000000202
10-09-2018,11.30710,-0.012900000000000134
07-09-2018,11.32000,0.006199999999999761
06-09-2018,11.31380,0.001100000000000989
05-09-2018,11.31270,-0.010799999999999699
04-09-2018,11.32350,-0.013300000000000978
03-09-2018,11.33680,0.004699999999999704
31-08-2018,11.33210,0.000700000000000145
30-08-2018,11.33140,-0.0031999999999996476
29-08-2018,11.33460,0.0015999999999998238
28-08-2018,11.33300,0.002200000000000202
27-08-2018,11.33080,0.012800000000000367
24-08-2018,11.31800,0.0007999999999999119
23-08-2018,11.31720,0.005799999999998917
21-08-2018,11.31140,0.001700000000001367
20-08-2018,11.30970,0.011799999999999145
16-08-2018,11.29790,0.004100000000001103
14-08-2018,11.29380,0.0019999999999988916
13-08-2018,11.29180,0.0023999999999997357
10-08-2018,11.28940,0.003400000000000958
09-08-2018,11.28600,0.007699999999999818
08-08-2018,11.27830,0.0030000000000001137
07-08-2018,11.27530,0.0010999999999992127
06-08-2018,11.27420,0.008100000000000662
03-08-2018,11.26610,0.0002999999999993008
02-08-2018,11.26580,0.004900000000001015
01-08-2018,11.26090,0.007199999999999207
31-07-2018,11.25370,0.0064000000000010715
30-07-2018,11.24730,0.00969999999999871
27-07-2018,11.23760,0.0038000000000000256
26-07-2018,11.23380,0.00730000000000075
25-07-2018,11.22650,0.004899999999999238
24-07-2018,11.22160,0.001100000000000989
23-07-2018,11.22050,0.008099999999998886
20-07-2018,11.21240,0.0022999999999999687
19-07-2018,11.21010,9.999999999976694e-05
18-07-2018,11.21000,-0.0020999999999986585
17-07-2018,11.21210,0.008099999999998886
16-07-2018,11.20400,0.002700000000000813
13-07-2018,11.20130,0.011200000000000543
12-07-2018,11.19010,0.00879999999999903
11-07-2018,11.18130,0.000600000000000378
10-07-2018,11.18070,0.00569999999999915
09-07-2018,11.17500,0.009600000000000719
06-07-2018,11.16540,-0.0017999999999993577
05-07-2018,11.16720,0.0038999999999997925
04-07-2018,11.16330,0.011899999999998911
03-07-2018,11.15140,0.004700000000001481
02-07-2018,11.14670,0.013599999999998502
29-06-2018,11.13310,0.004100000000001103
28-06-2018,11.12900,-0.0058000000000006935
27-06-2018,11.13480,-0.0024999999999995026
26-06-2018,11.13730,0.0026999999999990365
25-06-2018,11.13460,0.006600000000000605
22-06-2018,11.12800,0.0065000000000008384
21-06-2018,11.12150,0.014699999999999491
20-06-2018,11.10680,0.006700000000000372
19-06-2018,11.10010,0.00569999999999915
18-06-2018,11.09440,0.013199999999999434
15-06-2018,11.08120,0.006600000000000605
14-06-2018,11.07460,-0.000700000000000145
13-06-2018,11.07530,0.011000000000001009
12-06-2018,11.06430,0.00429999999999886
11-06-2018,11.06000,0.006000000000000227
08-06-2018,11.05400,0.0038999999999997925
07-06-2018,11.05010,-0.013199999999999434
06-06-2018,11.06330,-0.009399999999999409
05-06-2018,11.07270,0.0004999999999988347
04-06-2018,11.07220,0.0071000000000012164
01-06-2018,11.06510,-0.0005000000000006111
31-05-2018,11.06560,-0.00730000000000075
30-05-2018,11.07290,0.009100000000000108
29-05-2018,11.06380,0.005300000000000082
28-05-2018,11.05850,0.013099999999999667
25-05-2018,11.04540,0.01150000000000162
24-05-2018,11.03390,0.0021999999999984254
23-05-2018,11.03170,-0.006399999999999295
22-05-2018,11.03810,0.004400000000000404
21-05-2018,11.03370,-0.002200000000000202
18-05-2018,11.03590,0.01019999999999932
17-05-2018,11.02570,-0.01130000000000031
16-05-2018,11.03700,-0.014899999999999025
15-05-2018,11.05190,-0.010300000000000864
14-05-2018,11.06220,-0.0024999999999995026
11-05-2018,11.06470,-0.007500000000000284
10-05-2018,11.07220,-0.0029000000000003467
09-05-2018,11.07510,-0.007899999999999352
08-05-2018,11.08300,-0.0005000000000006111
07-05-2018,11.08350,0.009800000000000253
04-05-2018,11.07370,0.001800000000001134
03-05-2018,11.07190,0.004099999999999326
02-05-2018,11.06780,0.02120000000000033
27-04-2018,11.04660,-0.00019999999999953388
26-04-2018,11.04680,-0.01580000000000048
25-04-2018,11.06260,-0.008100000000000662
24-04-2018,11.07070,0.0005000000000006111
23-04-2018,11.07020,0.00039999999999906777
20-04-2018,11.06980,-0.016899999999999693
19-04-2018,11.08670,-0.013299999999999201
18-04-2018,11.10000,-0.0051000000000005485
17-04-2018,11.10510,0.0022999999999999687
16-04-2018,11.10280,0.004799999999999471
13-04-2018,11.09800,-0.0021999999999984254
12-04-2018,11.10020,0.0013999999999985135
11-04-2018,11.09880,-0.008199999999998653
10-04-2018,11.10700,-0.0064000000000010715
09-04-2018,11.11340,0.007500000000000284
06-04-2018,11.10590,0.0038000000000000256
05-04-2018,11.10210,0.01720000000000077
04-04-2018,11.08490,0.0021999999999984254
03-04-2018,11.08270,0.026100000000001344
28-03-2018,11.05660,0.007999999999999119
27-03-2018,11.04860,0.03310000000000102
26-03-2018,11.01550,0.008300000000000196
23-03-2018,11.00720,0.013799999999999812
22-03-2018,10.99340,0.004199999999999093
21-03-2018,10.98920,-0.000600000000000378
20-03-2018,10.98980,0.0015000000000000568
19-03-2018,10.98830,-0.0002999999999993008
16-03-2018,10.98860,0.010099999999999554
15-03-2018,10.97850,0.009600000000000719
14-03-2018,10.96890,0.000700000000000145
13-03-2018,10.96820,0.008899999999998798
12-03-2018,10.95930,0.019000000000000128
09-03-2018,10.94030,0.002000000000000668
08-03-2018,10.93830,0.011100000000000776
07-03-2018,10.92720,0.015199999999998326
06-03-2018,10.91200,0.009000000000000341
05-03-2018,10.90300,0.010200000000001097
01-03-2018,10.89280,0.0005999999999986017
28-02-2018,10.89220,0.002200000000000202
27-02-2018,10.89000,-0.0017999999999993577
26-02-2018,10.89180,0.005000000000000782
23-02-2018,10.88680,0.006199999999999761
22-02-2018,10.88060,-0.007800000000001361
21-02-2018,10.88840,0.0010000000000012221
20-02-2018,10.88740,-0.004100000000001103
16-02-2018,10.89150,0.001300000000000523
15-02-2018,10.89020,-0.006099999999999994
14-02-2018,10.89630,0.006099999999999994
12-02-2018,10.89020,0.006999999999999673
09-02-2018,10.88320,0.002600000000001046
08-02-2018,10.88060,0.005399999999999849
07-02-2018,10.87520,0.011699999999999378
06-02-2018,10.86350,0.0023999999999997357
05-02-2018,10.86110,0.003400000000000958
02-02-2018,10.85770,0.006599999999998829
01-02-2018,10.85110,-0.018299999999999983
31-01-2018,10.86940,0.0023999999999997357
30-01-2018,10.86700,-0.006199999999999761
29-01-2018,10.87320,0.0063000000000013046
25-01-2018,10.86690,-0.002100000000000435
24-01-2018,10.86900,0.000700000000000145
23-01-2018,10.86830,0.004699999999999704
22-01-2018,10.86360,-0.00019999999999953388
19-01-2018,10.86380,0.0023999999999997357
18-01-2018,10.86140,0.000600000000000378
17-01-2018,10.86080,0.007999999999999119
16-01-2018,10.85280,-0.00849999999999973
15-01-2018,10.86130,0.008699999999999264
12-01-2018,10.85260,0.001100000000000989
11-01-2018,10.85150,0.0034999999999989484
10-01-2018,10.84800,-0.009599999999998943
09-01-2018,10.85760,9.999999999976694e-05
08-01-2018,10.85750,0.00709999999999944
05-01-2018,10.85040,0.007400000000000517
04-01-2018,10.84300,9.999999999976694e-05
03-01-2018,10.84290,0.0023999999999997357
02-01-2018,10.84050,0.006999999999999673
01-01-2018,10.83350,0.021500000000001407
29-12-2017,10.81200,0.01440000000000019
28-12-2017,10.79760,-0.010600000000000165
27-12-2017,10.80820,-0.0010000000000012221
26-12-2017,10.80920,0.0036000000000004917
22-12-2017,10.80560,-0.002100000000000435
21-12-2017,10.80770,-0.0045000000000001705
20-12-2017,10.81220,-0.007399999999998741
19-12-2017,10.81960,0.0038999999999997925
18-12-2017,10.81570,0.004199999999999093
15-12-2017,10.81150,-0.0034999999999989484
14-12-2017,10.81500,-0.0037000000000002586
13-12-2017,10.81870,-0.006800000000000139
12-12-2017,10.82550,-0.0037000000000002586
11-12-2017,10.82920,-0.006099999999999994
08-12-2017,10.83530,0.004799999999999471
07-12-2017,10.83050,0.010600000000000165
06-12-2017,10.81990,-0.00019999999999953388
05-12-2017,10.82010,0.0
04-12-2017,10.82010,0.00849999999999973
30-11-2017,10.81160,0.0015000000000000568
29-11-2017,10.81010,0.001300000000000523
28-11-2017,10.80880,0.002100000000000435
27-11-2017,10.80670,0.005899999999998684
24-11-2017,10.80080,-0.0002999999999993008
23-11-2017,10.80110,-0.006199999999999761
22-11-2017,10.80730,-0.006999999999999673
21-11-2017,10.81430,0.006499999999999062
20-11-2017,10.80780,0.012600000000000833
17-11-2017,10.79520,0.007699999999999818
16-11-2017,10.78750,-0.00820000000000043
15-11-2017,10.79570,0.002100000000000435
14-11-2017,10.79360,-0.01389999999999958
13-11-2017,10.80750,0.00569999999999915
10-11-2017,10.80180,0.002100000000000435
09-11-2017,10.79970,0.0031999999999996476
08-11-2017,10.79650,0.0002999999999993008
07-11-2017,10.79620,-0.0030000000000001137
06-11-2017,10.79920,0.0058000000000006935
03-11-2017,10.79340,0.007200000000000983
02-11-2017,10.78620,0.0
01-11-2017,10.78620,0.0019999999999988916
31-10-2017,10.78420,0.0008999999999996788
30-10-2017,10.78330,0.00420000000000087
27-10-2017,10.77910,0.0008999999999996788
26-10-2017,10.77820,0.002100000000000435
25-10-2017,10.77610,0.0010999999999992127
24-10-2017,10.77500,0.002000000000000668
23-10-2017,10.77300,0.00590000000000046
18-10-2017,10.76710,0.0011999999999989797
17-10-2017,10.76590,0.004100000000001103
16-10-2017,10.76180,0.007299999999998974
13-10-2017,10.75450,0.00849999999999973
12-10-2017,10.74600,0.001300000000000523
11-10-2017,10.74470,0.0017999999999993577
10-10-2017,10.74290,0.0038999999999997925
09-10-2017,10.73900,0.0035000000000007248
06-10-2017,10.73550,0.001200000000000756
05-10-2017,10.73430,-0.0001000000000015433
04-10-2017,10.73440,-0.005399999999999849
03-10-2017,10.73980,0.01890000000000036
29-09-2017,10.72090,0.0030000000000001137
28-09-2017,10.71790,0.0032999999999994145
27-09-2017,10.71460,0.0001000000000015433
26-09-2017,10.71450,0.0028999999999985704
25-09-2017,10.71160,0.009600000000000719
22-09-2017,10.70200,-0.0033999999999991815
21-09-2017,10.70540,-0.015600000000000946
20-09-2017,10.72100,0.002100000000000435
19-09-2017,10.71890,0.0023999999999997357
18-09-2017,10.71650,0.0029000000000003467
15-09-2017,10.71360,-0.0015000000000000568
14-09-2017,10.71510,0.0004999999999988347
13-09-2017,10.71460,-0.0008999999999996788
12-09-2017,10.71550,-0.0009999999999994458
11-09-2017,10.71650,0.00569999999999915
08-09-2017,10.71080,0.0007999999999999119
07-09-2017,10.71000,0.001300000000000523
06-09-2017,10.70870,0.002200000000000202
05-09-2017,10.70650,0.001200000000000756
04-09-2017,10.70530,0.004999999999999005
01-09-2017,10.70030,0.01810000000000045
31-08-2017,10.68220,0.005300000000000082
30-08-2017,10.67690,0.002000000000000668
29-08-2017,10.67490,0.0031999999999996476
28-08-2017,10.67170,0.007699999999999818
24-08-2017,10.66400,0.0008999999999996788
23-08-2017,10.66310,0.0
22-08-2017,10.66310,0.0015999999999998238
21-08-2017,10.66150,0.006800000000000139
18-08-2017,10.65470,0.005300000000000082
16-08-2017,10.64940,0.001300000000000523
14-08-2017,10.64810,0.008300000000000196
11-08-2017,10.63980,-0.002000000000000668
10-08-2017,10.64180,0.0
09-08-2017,10.64180,0.002700000000000813
08-08-2017,10.63910,0.006799999999998363
07-08-2017,10.63230,0.0071000000000012164
04-08-2017,10.62520,0.0011999999999989797
03-08-2017,10.62400,0.013799999999999812
02-08-2017,10.61020,0.004000000000001336
01-08-2017,10.60620,0.005799999999998917
31-07-2017,10.60040,0.006099999999999994
28-07-2017,10.59430,0.002000000000000668
27-07-2017,10.59230,0.005399999999999849
26-07-2017,10.58690,-0.001200000000000756
25-07-2017,10.58810,0.0022999999999999687
24-07-2017,10.58580,0.004800000000001248
21-07-2017,10.58100,0.010500000000000398
20-07-2017,10.57050,0.0017999999999993577
19-07-2017,10.56870,0.00569999999999915
18-07-2017,10.56300,0.0057000000000009265
17-07-2017,10.55730,0.009700000000000486
14-07-2017,10.54760,0.0015999999999998238
13-07-2017,10.54600,0.007799999999999585
12-07-2017,10.53820,0.005300000000000082
11-07-2017,10.53290,0.005499999999999616
10-07-2017,10.52740,0.013999999999999346
07-07-2017,10.51340,0.003900000000001569
06-07-2017,10.50950,0.008899999999998798
05-07-2017,10.50060,-0.000600000000000378
04-07-2017,10.50120,0.00560000000000116
03-07-2017,10.49560,-0.0038000000000000256
30-06-2017,10.49940,0.00140000000000029
29-06-2017,10.49800,-0.00140000000000029
28-06-2017,10.49940,-0.001200000000000756
27-06-2017,10.50060,0.006199999999999761
23-06-2017,10.49440,0.001800000000001134
22-06-2017,10.49260,0.004699999999999704
21-06-2017,10.48790,0.0032999999999994145
20-06-2017,10.48460,0.0035000000000007248
19-06-2017,10.48110,0.006000000000000227
16-06-2017,10.47510,-0.002100000000000435
15-06-2017,10.47720,0.004799999999999471
14-06-2017,10.47240,-0.00140000000000029
13-06-2017,10.47380,0.004300000000000637
12-06-2017,10.46950,0.00849999999999973
09-06-2017,10.46100,0.00709999999999944
08-06-2017,10.45390,0.022700000000000387
07-06-2017,10.43120,0.01410000000000089
06-06-2017,10.41710,0.0032999999999994145
05-06-2017,10.41380,0.005599999999999383
02-06-2017,10.40820,0.004800000000001248
01-06-2017,10.40340,0.006099999999999994
31-05-2017,10.39730,-0.00020000000000131024
30-05-2017,10.39750,0.0016000000000016001
29-05-2017,10.39590,0.0028999999999985704
26-05-2017,10.39300,0.007400000000000517
25-05-2017,10.38560,0.006899999999999906
24-05-2017,10.37870,0.0030999999999998806
23-05-2017,10.37560,0.0035000000000007248
22-05-2017,10.37210,0.007400000000000517
19-05-2017,10.36470,0.0022999999999999687
18-05-2017,10.36240,0.0025999999999992696
17-05-2017,10.35980,0.00140000000000029
16-05-2017,10.35840,0.0034999999999989484
15-05-2017,10.35490,0.013700000000000045
12-05-2017,10.34120,-0.0015999999999998238
11-05-2017,10.34280,0.006899999999999906
09-05-2017,10.33590,0.001900000000000901
08-05-2017,10.33400,0.004899999999999238
05-05-2017,10.32910,0.005499999999999616
04-05-2017,10.32360,0.0015000000000000568
03-05-2017,10.32210,0.0001000000000015433
02-05-2017,10.32200,0.0021999999999984254
28-04-2017,10.31980,0.005300000000000082
27-04-2017,10.31450,-0.0005999999999986017
26-04-2017,10.31510,-0.004800000000001248
25-04-2017,10.31990,0.003400000000000958
24-04-2017,10.31650,0.007500000000000284
21-04-2017,10.30900,-0.006800000000000139
20-04-2017,10.31580,0.004399999999998627
19-04-2017,10.31140,0.00560000000000116
18-04-2017,10.30580,0.00140000000000029
17-04-2017,10.30440,0.005799999999998917
13-04-2017,10.29860,0.010400000000000631
12-04-2017,10.28820,0.016899999999999693
11-04-2017,10.27130,0.0007999999999999119
10-04-2017,10.27050,0.010600000000000165
07-04-2017,10.25990,0.009499999999999176
06-04-2017,10.25040,-0.004899999999999238
05-04-2017,10.25530,0.0029000000000003467
03-04-2017,10.25240,0.02319999999999922
31-03-2017,10.22920,0.006199999999999761
30-03-2017,10.22300,0.006099999999999994
29-03-2017,10.21690,0.005500000000001393
27-03-2017,10.21140,0.004799999999999471
24-03-2017,10.20660,0.0016999999999995907
23-03-2017,10.20490,0.0030999999999998806
22-03-2017,10.20180,0.017699999999999605
21-03-2017,10.18410,0.00420000000000087
20-03-2017,10.17990,0.001200000000000756
17-03-2017,10.17870,-0.0029000000000003467
16-03-2017,10.18160,0.009499999999999176
15-03-2017,10.17210,0.0127000000000006
14-03-2017,10.15940,0.006700000000000372
10-03-2017,10.15270,-0.0057000000000009265
09-03-2017,10.15840,-0.012000000000000455
08-03-2017,10.17040,-0.006699999999998596
07-03-2017,10.17710,-0.008300000000000196
06-03-2017,10.18540,-0.006000000000000227
03-03-2017,10.19140,0.01159999999999961
02-03-2017,10.17980,0.002000000000000668
01-03-2017,10.17780,-0.003400000000000958
28-02-2017,10.18120,0.0045000000000001705
27-02-2017,10.17670,0.008900000000000574
23-02-2017,10.16780,-0.0015999999999998238
22-02-2017,10.16940,-0.0022999999999999687
20-02-2017,10.17170,0.005799999999998917
17-02-2017,10.16590,0.004700000000001481
16-02-2017,10.16120,0.0027999999999988034
15-02-2017,10.15840,0.0038999999999997925
14-02-2017,10.15450,0.005500000000001393
13-02-2017,10.14900,0.01729999999999876
10-02-2017,10.13170,0.013500000000000512
09-02-2017,10.11820,-0.017699999999999605
08-02-2017,10.13590,-0.0625
07-02-2017,10.19840,0.0052000000000003155
06-02-2017,10.19320,0.00429999999999886
03-02-2017,10.18890,0.004300000000000637
02-02-2017,10.18460,0.0038999999999997925
01-02-2017,10.18070,0.0058000000000006935
31-01-2017,10.17490,0.0039999999999995595
30-01-2017,10.17090,0.013099999999999667
27-01-2017,10.15780,0.0038999999999997925
25-01-2017,10.15390,0.002100000000000435
24-01-2017,10.15180,-0.0003000000000010772
23-01-2017,10.15210,0.0064000000000010715
20-01-2017,10.14570,0.0025999999999992696
19-01-2017,10.14310,0.002500000000001279
18-01-2017,10.14060,0.00709999999999944
17-01-2017,10.13350,0.0032999999999994145
16-01-2017,10.13020,0.00849999999999973
13-01-2017,10.12170,0.004100000000001103
12-01-2017,10.11760,0.007600000000000051
11-01-2017,10.11000,0.0025999999999992696
10-01-2017,10.10740,0.012100000000000222
09-01-2017,10.09530,0.016000000000000014
06-01-2017,10.07930,0.00849999999999973
05-01-2017,10.07080,0.009299999999999642
04-01-2017,10.06150,0.010699999999999932
03-01-2017,10.05080,0.004000000000001336
02-01-2017,10.04680,0.019499999999998963
30-12-2016,10.02730,0.0058000000000006935
29-12-2016,10.02150,0.004199999999999093
28-12-2016,10.01730,0.001300000000000523
27-12-2016,10.01600,0.001300000000000523
26-12-2016,10.01470,0.004099999999999326
23-12-2016,10.01060,0.001300000000000523
22-12-2016,10.00930,0.001300000000000523
21-12-2016,10.00800,
