,Date,Open,High,Low,Close,Volume,Dividends,Stock Splits,SMA_50,EMA_50,RSI,EMA_12,EMA_26,MACD,Signal_Line,SMA,STD_DEV,Upper_Band,Lower_Band,Volume_MA_20,Support,Resistance,Trend
1774,2025-01-13,666.0,671.25,630.2000122070312,635.7999877929688,1051179,0.0,0.0,717.9633972167969,713.9968742399094,23.222982734838226,704.4096513296814,718.2229354745688,-13.813284144887348,-0.7427533778733242,731.0650024414062,36.25112713976658,803.5672567209394,658.5627481618731,722853.75,635.7999877929688,784.25,-6.8624999999999545
1773,2025-01-10,675.0,679.8499755859375,663.0499877929688,667.5999755859375,1074873,0.0,0.0,718.8283410644531,717.1885838908049,26.79022697324669,716.8841356090837,724.8167712890968,-7.93263568001305,2.5248793138801817,737.9275024414062,29.65962878460472,797.2467600106156,678.6082448721968,749975.05,667.5999755859375,784.25,-5.4800018310547784
1772,2025-01-09,701.4000244140625,701.5,674.5,677.6500244140625,726697,0.0,0.0,718.7408508300781,719.212608719575,28.43545195432347,725.8448919769285,729.3941149453494,-3.5492229684209633,5.139258062353489,743.407504272461,25.86395439449258,795.1354130614461,691.6795954834759,745998.7,677.6500244140625,784.25,-5.602499389648415
1771,2025-01-08,722.75,726.2000122070312,698.0499877929688,701.5,774679,0.0,0.0,718.5927770996094,720.9090407320449,32.06976967979574,734.6075951701768,733.5336421878525,1.073952982324272,7.311378320047102,749.0100036621094,22.82787855465049,794.6657607714104,703.3542465528084,822898.85,701.5,789.7000122070312,-5.220001220703125
1770,2025-01-07,737.0,737.5,719.25,722.75,458492,0.0,0.0,718.0418676757813,721.70124647621,35.34195030903419,740.6271579283907,736.0963335628807,4.530824365510057,8.87073465447781,754.2300048828125,23.32316953398883,800.8763439507902,707.5836658148348,1277524.1,716.9500122070312,805.9000244140625,-0.5899993896483693
1769,2025-01-06,761.5999755859375,768.2999877929688,718.0499877929688,729.9500122070312,1070991,0.0,0.0,717.019482421875,721.6584402099328,31.887924930404026,743.8775502790072,737.1640402479111,6.713510031096121,9.955712226719747,754.8200042724609,22.623677495225422,800.0673592629117,709.57264928201,1351633.05,716.9500122070312,805.9000244140625,0.5425018310546648
1768,2025-01-03,760.0,770.9000244140625,754.0,758.25,453417,0.0,0.0,716.0686669921874,721.3200086998471,44.42771492718754,746.4098299284575,737.7411624911815,8.668667437275985,10.766262775625652,754.2775024414062,23.3692360346821,801.0159745107704,707.539030372042,1341325.65,716.9500122070312,805.9000244140625,2.5575012207031023
1767,2025-01-02,746.0,764.0499877929688,738.7000122070312,757.8499755859375,783082,0.0,0.0,713.9526049804688,719.8126621161674,42.91466922339406,744.2570717336315,736.1004554904761,8.15661624315544,11.290661610213068,751.7200012207031,25.603684682931448,802.927370586566,700.5126318548403,1377836.0,707.0999755859375,805.9000244140625,2.5074981689452898
1766,2025-01-01,718.7999877929688,756.8499755859375,718.7999877929688,753.9500122070312,647742,0.0,0.0,712.6672717285156,718.260118709238,37.685155361042966,741.7856346695759,734.3604938828391,7.425140786736733,12.074172951977472,749.2125030517578,27.36676492160823,803.9460328949743,694.4789732085413,1426126.35,707.0999755859375,805.9000244140625,3.5800018310546875
1765,2024-12-31,720.5999755859375,730.7999877929688,705.4000244140625,727.0,559702,0.0,0.0,711.4994921875,716.8033883623892,20.64731767793971,739.5739296627657,732.7933324169037,6.7805972458620545,13.236430993287655,745.6325012207031,31.13779388048776,807.9080889816787,683.3569134597276,1436598.85,682.3499755859375,805.9000244140625,2.4399993896485057
1764,2024-12-30,735.0,748.0999755859375,709.0499877929688,716.9500122070312,1391071,0.0,0.0,710.9537756347656,716.3872001322826,45.503329330859074,741.8600986923595,733.256799010256,8.603299682103511,14.850389430144055,743.1925018310546,34.414333366033276,812.0211685631211,674.3638350989881,1455277.45,678.2000122070312,805.9000244140625,1.5725006103515398
1763,2024-12-27,742.2000122070312,768.0,728.2999877929688,731.25,395308,0.0,0.0,710.8285864257813,716.3642282108643,53.08611084239326,746.3892053260556,734.561341954514,11.827863371541639,16.41216186715419,741.6200012207031,36.341133590355454,814.302268401414,668.9377340399922,1406251.15,678.2000122070312,805.9000244140625,2.0100006103515398
1762,2024-12-26,746.0,764.6500244140625,736.5,740.7999877929688,626214,0.0,0.0,710.1869934082031,715.7566456888588,58.454589470660416,749.1417881126112,734.8262493108751,14.315538801736011,17.558236491057325,739.6100006103516,38.0179106721949,815.6458219547413,663.5741792659618,1402419.9,678.2000122070312,805.9000244140625,2.2024993896484375
1761,2024-12-24,742.2000122070312,759.4500122070312,735.2999877929688,752.2000122070312,500457,0.0,0.0,709.1576184082031,714.7344684601196,61.803705883914766,750.6584790798189,734.3483502323077,16.310128847511237,18.368910913387655,737.4075012207031,39.202854768027066,815.8132107567573,659.001791684649,1392433.95,678.2000122070312,805.9000244140625,2.317501831054642
1760,2024-12-23,761.0,761.0,732.9000244140625,745.7999877929688,541669,0.0,0.0,707.9625402832031,713.2052625928987,65.29283469207203,750.3782003294166,732.9202172743297,17.457983055086856,18.88360642985676,735.0899993896485,39.649819383319254,814.389638156287,655.79036062301,1400771.35,678.2000122070312,805.9000244140625,2.5824981689453352
1759,2024-12-20,751.9000244140625,771.8499755859375,745.7000122070312,750.25,1057374,0.0,0.0,705.7296020507813,711.874865645957,67.3907695081862,751.2106026087707,731.8898356328386,19.320766975932088,19.240012273549233,732.5075012207031,40.586520402337165,813.6805420253775,651.3344604160288,1414309.05,678.2000122070312,805.9000244140625,3.5524993896484602
1758,2024-12-19,744.7000122070312,753.0,734.4500122070312,750.1500244140625,633517,0.0,0.0,703.4828161621094,710.3085336315063,65.08047468159795,751.3852576285473,730.4210224834658,20.96423514508149,19.219823597953518,728.9550018310547,42.03540751416582,813.0258168593863,644.8841868027231,1392627.05,678.2000122070312,805.9000244140625,3.7600006103515398
1757,2024-12-18,766.0,775.0,753.0,754.9500122070312,488230,0.0,0.0,701.007626953125,708.682350334259,64.8535554168322,751.6098454857264,728.842702329018,22.767143156708357,18.783720711171522,725.1950012207031,43.38147315141856,811.9579475235403,638.432054917866,1388267.1,674.9500122070312,805.9000244140625,3.372500610351608
1756,2024-12-17,778.0,779.2000122070312,757.25,762.4000244140625,622666,0.0,0.0,698.3889733886718,706.7938743394519,65.38551543572245,751.0025424454891,726.754117538777,24.248424906712103,17.787865099787314,721.8225006103515,43.567956159166336,808.9584129286842,634.6865882920189,1394300.1,674.9500122070312,805.9000244140625,4.247500610351494
1755,2024-12-16,775.0,790.0,772.4000244140625,784.25,599715,0.0,0.0,696.1790344238282,704.5242355608963,69.54137244449637,748.9302729966575,723.9024449887542,25.027828007903395,16.172725148056116,717.575,43.54472977611175,804.6644595522235,630.4855404477765,1386646.95,674.9500122070312,805.9000244140625,5.214999389648483
1754,2024-12-13,776.1500244140625,803.0999755859375,763.4500122070312,773.0499877929688,1593605,0.0,0.0,693.5281396484374,701.2701227266472,69.61709323991,742.5085044505953,719.0746405878544,23.43386386274085,13.958949433094293,712.3600006103516,41.32852082811443,795.0170422665805,629.7029589541227,1379657.5,674.9500122070312,805.9000244140625,5.149999999999977
1753,2024-12-12,789.4500122070312,790.9500122070312,774.25,777.2000122070312,995346,0.0,0.0,691.6194055175781,698.3403323157769,73.12411248440998,736.9555074792547,714.7566128114453,22.19889466780944,11.590220825682653,707.2100006103516,39.755369503832554,786.7207396180168,627.6992616026864,1333389.35,670.0499877929688,805.9000244140625,4.26000061035154
1752,2024-12-11,812.8499755859375,816.25,784.0499877929688,789.7000122070312,2264700,0.0,0.0,688.9611828613281,695.1215698712359,78.17333322943522,729.6383248014771,709.7611408597984,19.87718394167871,8.938052365150956,702.95,36.273151572187395,775.4963031443748,630.4036968556253,1344085.55,670.0499877929688,805.9000244140625,4.6075012207031705
1751,2024-12-10,740.25,813.0,732.2000122070312,805.9000244140625,9867184,0.0,0.0,686.1765661621093,691.2612252861014,79.60000610351562,718.7180180004673,703.3660311520197,15.35198684844761,6.2032694710190155,698.3424987792969,29.98078607387293,758.3040709270427,638.380926631551,1255092.15,670.0499877929688,805.9000244140625,5.13500061035154
1750,2024-12-09,716.25,743.0,706.7000122070312,734.5499877929688,1940671,0.0,0.0,683.3932836914063,686.5820906278174,70.58399267753887,702.8667441070863,695.1633116910563,7.7034324160300685,3.916090126661867,693.2074981689453,16.231406575882904,725.6703113207111,660.7446850171796,794508.85,670.0499877929688,734.5499877929688,0.7749999999999773
1749,2024-12-06,707.7000122070312,724.0,699.1500244140625,719.0999755859375,864843,0.0,0.0,682.3158581542968,684.6242172741377,65.56659339208566,697.1061543460168,692.0123776029034,5.093776743113381,2.969254554319816,692.4324981689454,14.422812615064457,721.2781233990743,663.5868729388164,743775.65,670.0499877929688,719.0999755859375,-0.8850006103515398
1748,2024-12-05,708.9000244140625,719.0,703.0,707.0999755859375,1183624,0.0,0.0,681.4317370605469,683.2170434654928,64.981802978556,693.1072777569402,689.8453697642606,3.261907992679653,2.438124007121425,693.3174987792969,16.533838050624887,726.3851748805466,660.2498226780472,773918.15,670.0499877929688,736.7999877929688,-0.1374999999999318
1747,2024-12-04,682.3499755859375,710.0,681.0999755859375,707.7000122070312,1748889,0.0,0.0,681.0229650878906,682.2422299095563,55.41379959161149,690.5631508789407,688.4650012985264,2.098149580414315,2.2321780107318676,693.4549987792968,16.665400985966567,726.78580075123,660.1241968073637,762480.65,670.0499877929688,736.7999877929688,0.6168365478515625
1746,2024-12-03,681.9000244140625,691.9500122070312,676.5999755859375,682.3499755859375,857192,0.0,0.0,680.0256884765626,681.2031367545572,43.929702258351504,687.4473579101971,686.9262004258461,0.5211574843509652,2.2656851183112554,692.8381622314453,16.335443541630944,725.5090493147071,660.1672751481834,719549.05,670.0499877929688,736.7999877929688,-1.1574523925781932
1745,2024-12-02,685.4500122070312,694.7999877929688,673.0,678.2000122070312,933274,0.0,0.0,679.2792993164062,681.1563270063376,40.13417141491783,688.3741546964261,687.2922984130388,1.0818562833873102,2.701817026801328,693.9956146240235,16.373259690374905,726.7421340047732,661.2490952432737,685578.65,670.0499877929688,736.7999877929688,-1.105377197265625
1744,2024-11-29,694.4000244140625,696.4500122070312,678.5,685.5,410545,0.0,0.0,678.94025390625,681.2769929165133,37.59704142946431,690.223998785407,688.0196813095195,2.204317475887592,3.1068072126548323,695.1009918212891,15.992582820362896,727.0861574620149,663.1158261805633,704430.6,670.0499877929688,736.7999877929688,0.32264099121096024
1743,2024-11-28,696.9000244140625,706.9500122070312,688.0499877929688,691.0499877929688,318683,0.0,0.0,678.2505151367187,681.1046252804526,34.486261393646885,691.0829076554811,688.221255814281,2.861651841200114,3.3324296468466423,694.7783508300781,16.259337851912356,727.2970265339028,662.2596751262535,733040.75,670.0499877929688,736.7999877929688,1.3912261962890398
1742,2024-11-27,705.8499755859375,716.9000244140625,695.0999755859375,696.75,426495,0.0,0.0,677.6307373046875,680.6986921166764,46.11737422123171,691.0888930850289,687.9949572559859,3.093935829042948,3.450124098258274,693.3871246337891,17.719939792047043,728.8270042178832,657.947245049695,761211.55,663.2254638671875,736.7999877929688,1.3251831054687955
1741,2024-11-26,697.0,708.0,691.2999877929688,705.8499755859375,667205,0.0,0.0,677.0264990234375,680.0435366928672,53.011917667401995,690.0596009186704,687.2945538364648,2.7650470822055695,3.5391711655621054,692.0619415283203,18.431943001706877,728.9258275317341,655.1980555249065,781798.95,663.2254638671875,736.7999877929688,1.5947723388671875
1740,2024-11-25,698.8499755859375,704.2999877929688,688.0,694.1500244140625,812423,0.0,0.0,676.206640625,678.9902126564153,46.710863338673065,687.18862370644,685.810120096507,1.3785036099329773,3.732702186401239,690.4671691894531,18.555601324153326,727.5783718377597,653.3559665411465,978349.4,663.2254638671875,736.7999877929688,1.1259643554686818
1739,2024-11-22,675.6500244140625,686.0,674.2000122070312,679.2000122070312,623734,0.0,0.0,675.6811022949219,678.3714448295726,43.51590190810897,685.9229144868724,685.1429277511025,0.7799867357698531,4.321251830518304,689.3412048339844,18.99832166890122,727.3378481717868,651.344561496182,984930.8,663.2254638671875,736.7999877929688,-0.16046142578125
1738,2024-11-21,687.9000244140625,689.9000244140625,669.1500244140625,674.9500122070312,546318,0.0,0.0,675.4308312988281,678.3376257529417,48.860468890366135,687.1452603559344,685.6183609946282,1.5268993613061639,5.206568104205417,689.5016662597657,18.92155785233547,727.3447819644366,651.6585505550947,1014751.45,663.2254638671875,736.7999877929688,1.125155639648483
1737,2024-11-19,677.4000244140625,702.0,675.0,687.5,608890,0.0,0.0,675.2289721679688,678.475895693591,56.63071944024493,689.3625782011895,686.471828897636,2.890749303553548,6.12648528993023,688.3765106201172,20.440500670658505,729.2575119614341,647.4955092788002,1051519.2,652.4468994140625,736.7999877929688,-0.304165649414017
1736,2024-11-18,672.5999755859375,688.4000244140625,660.9000244140625,677.4500122070312,469603,0.0,0.0,675.0698034667969,678.1075649055742,52.00083271258498,689.7012287832239,686.3895752094468,3.3116535737771073,6.935419286524399,688.6806762695312,20.472008451676654,729.6246931728845,647.736659366178,1044151.65,652.4468994140625,736.7999877929688,-0.905551147460983
1735,2024-11-14,666.0,687.8499755859375,665.25,679.9500122070312,459926,0.0,0.0,675.5160766601563,678.134403791229,51.65415372262891,691.928722706168,687.10474024964,4.823982456527915,7.841360714711222,689.5862274169922,20.34927974462723,730.2847869062466,648.8876679277378,1065699.2,652.4468994140625,736.7999877929688,-0.9882080078125455
1734,2024-11-13,689.7999877929688,700.0,661.1500244140625,670.0499877929688,668242,0.0,0.0,675.5177966308594,678.0602973252778,49.54484311946695,694.1066700696473,687.6771184930487,6.429551576598556,8.595705279257048,690.5744354248047,20.336586242928202,731.2476079106611,649.9012629389483,1073879.2,652.4468994140625,736.7999877929688,-2.0320281982421875
1733,2024-11-12,701.2000122070312,718.0,686.9000244140625,692.0,1209270,0.0,0.0,675.779814453125,678.3872487347597,52.95141412809553,698.4806123017706,689.0872889490552,9.39332335271547,9.137243704921671,692.6064636230469,20.207841721870338,733.0221470667876,652.1907801793062,1251311.7,652.4468994140625,736.7999877929688,-0.358517456054642
1732,2024-11-11,703.2000122070312,711.1500244140625,695.0,697.5499877929688,484832,0.0,0.0,675.4683471679688,677.8316262341377,62.06676614409989,699.6589054475471,688.8542720649796,10.804633382567545,9.07322379297322,692.9649810791016,20.260054779172798,733.4850906374471,652.444871520756,1241543.8,652.4468994140625,736.7999877929688,0.4109375000000455
1731,2024-11-08,722.7000122070312,722.7000122070312,698.3499755859375,703.2000122070312,655518,0.0,0.0,674.8283325195313,677.0267951501038,52.16226008052896,700.0423450211069,688.1586148067404,11.883730214366551,8.64037139557464,692.5540435791015,20.245507603795865,733.0450587866933,652.0630283715097,1274655.45,652.4468994140625,736.7999877929688,0.5376953124999773
1730,2024-11-07,734.8499755859375,738.7000122070312,710.0499877929688,719.0499877929688,926007,0.0,0.0,674.1494812011719,675.9585005763516,55.63273847839966,699.4682237145752,686.9553030147172,12.512920699858,7.82953169087666,692.0163482666015,20.09009138080589,732.1965310282134,651.8361655049897,1429119.95,652.4468994140625,736.7999877929688,4.244845581054619
1729,2024-11-06,715.4000244140625,745.0,709.0,736.7999877929688,1467693,8.0,0.0,673.5432397460937,674.1996643634285,59.51372161450212,695.9079029730491,684.3877282324571,11.520174740591983,6.658684438631324,687.7715026855469,22.856059859155224,733.4836224038573,642.0593829672365,1422808.75,634.153076171875,736.7999877929688,4.944464111328216
1728,2024-11-05,696.9454219448032,711.9266085801731,692.4461409897278,709.8499755859375,954874,0.0,0.0,672.6116638183594,671.6445491214064,49.76511472743621,688.4729784603364,680.1947474676161,8.278230992720296,5.443311863141159,682.8270385742187,22.382961334442484,727.5929612431037,638.0611159053337,1424266.35,634.153076171875,710.6905517578125,4.172970581054642
1727,2024-11-04,707.6250546755634,707.6250546755634,687.6007284513386,695.36328125,890257,0.0,0.0,672.2566650390625,670.0851439595888,48.91824292474509,684.5862517102271,677.8223292181505,6.763922492076631,4.7345820807463745,678.6540679931641,24.735979629162273,728.1260272514886,629.1821087348395,1423317.15,626.3905639648438,710.6905517578125,3.5672973632812273
1726,2024-11-01,704.0651707799487,711.9760153954538,702.0874596260725,705.4990234375,177784,0.0,0.0,672.3397290039062,669.0533832538578,54.601743253812046,682.6267917939048,676.4190530556025,6.207738738302282,4.2272469779138095,675.0867706298828,27.21935047176982,729.5254715734225,620.6480696863432,1424105.65,624.017333984375,710.6905517578125,2.6797973632812955
1725,2024-10-31,678.7010248275686,702.0874841820957,678.305518795933,700.3075561523438,1310313,0.0,0.0,672.4059826660156,667.565806103505,52.264325680922084,678.468204222342,674.0926554250507,4.375548797291344,3.732124037816691,672.4069732666015,26.700995498609597,725.8089642638207,619.0049822693824,1476649.5,624.017333984375,710.6905517578125,2.43011474609375
1724,2024-10-30,664.115423796238,689.1829504875245,660.5555676336093,679.0471801757812,982748,0.0,0.0,672.8578894042969,666.2294081423279,60.657289212295574,674.4974129623417,671.9954633668673,2.501949595474457,3.5712678479480275,669.9768585205078,26.235702125155477,722.4482627708187,617.5054542701969,1465231.65,624.017333984375,710.6905517578125,0.07169494628908524
1723,2024-10-29,672.3229474701975,675.833372783844,656.5012578492953,663.2254638671875,882099,0.0,0.0,673.2000329589844,665.7062337736155,56.37451613666731,673.6701825598982,671.4313260221542,2.2388565377440273,3.8385974110664196,669.9051635742187,26.211558988821366,722.3282815518614,617.482045596576,1470260.0,624.017333984375,710.6905517578125,0.9468292236327898
1722,2024-10-28,676.426685614526,695.610509091498,663.0771345308998,670.246337890625,838243,0.0,0.0,674.0791259765625,665.8074896881635,60.798645249310255,675.5692223222093,672.0877949945515,3.481427327657798,4.238532629397017,668.9583343505859,26.8009392837057,722.5602129179973,615.3564557831745,1450039.35,624.017333984375,710.6905517578125,0.988858032226517
1721,2024-10-25,690.1717849517872,731.7531512741442,662.5332585860494,673.9545288085938,4598214,0.0,0.0,674.2581079101562,665.626312210512,62.37745027589289,676.5370194915882,672.2351115628655,4.301907928722699,4.427808954831821,667.9694763183594,27.113940633096163,722.1973575845517,613.7415950521671,1490325.45,624.017333984375,710.6905517578125,0.360931396484375
1720,2024-10-24,682.3103657409458,686.2163574419034,655.7101258910917,671.6307373046875,944051,0.0,0.0,673.416591796875,665.2863850024269,54.33978518185533,677.0065632521327,672.0975581832073,4.909005068925353,4.459284211359102,667.608544921875,27.07809872634574,721.7647423745665,613.4523474691836,1294996.95,624.017333984375,710.6905517578125,-0.45239868164060226
1719,2024-10-23,652.6447106370988,687.1557959930738,647.7992939464465,682.4092407226562,1220147,0.0,0.0,672.7491137695313,665.0274318472325,57.08419001053361,677.9839861516681,672.1349038534889,5.849082298179155,4.346853996967539,668.0609436035156,27.22402489560069,722.508993394717,613.6128938123143,1278211.35,624.017333984375,710.6905517578125,0.375765991210983
1718,2024-10-22,697.0937529794305,699.8131058236014,647.7004047025008,652.4468994140625,1281673,0.0,0.0,671.7553137207032,664.3179702604805,44.08277111483723,677.1793944114885,671.3129569039555,5.8664375075329644,3.971296921664635,667.6851776123046,27.066968649609777,721.8191149115241,613.5512403130851,1241879.45,624.017333984375,710.6905517578125,-1.710723876953125
1717,2024-10-21,695.5610241056074,708.3172245993894,690.2211799468453,693.5833129882812,461539,0.0,0.0,671.7543249511718,664.8025037644159,62.03233970636347,681.6762116837477,672.822241503147,8.853970180600754,3.4975117751975526,669.3959014892578,27.134319442953,723.6645403751638,615.1272626033517,1248551.7,624.017333984375,710.6905517578125,1.7873565673827443
1716,2024-10-18,699.0714603742848,707.9217298359179,681.2720600355631,695.56103515625,900554,0.0,0.0,670.6003308105469,663.6277768573193,60.78525490828114,679.5112841738326,671.1613557843363,8.349928389496313,2.1583971738467524,667.608544921875,26.629878272137784,720.8683014661506,614.3487883775995,1292286.3,624.017333984375,710.6905517578125,2.5265258789062273
1715,2024-10-17,711.9760054886789,718.8485637237618,692.1000328107681,699.7141723632812,623526,0.0,0.0,669.2535095214844,662.3243785594037,57.455830720259115,676.5931476315749,669.2093814345832,7.383766196991701,0.6105143699343624,665.0820190429688,26.23237941641204,717.5467778757928,612.6172602101448,1294135.7,624.017333984375,710.6905517578125,1.9233215332031932
1714,2024-10-16,699.2197902625683,740.2572988155154,696.1543619584277,710.6905517578125,4216892,0.0,0.0,667.15021484375,660.7982645265923,56.69536454861157,672.3893249530828,666.7689981602873,5.620326792795481,-1.0827985868299723,663.1586975097656,24.93776378763629,713.0342250850382,613.283169934493,1284035.7,624.017333984375,710.6905517578125,2.983874511718682
1713,2024-10-15,694.1766403462891,707.0317633156649,689.4301454747417,699.1703491210938,1013912,0.0,0.0,664.8382690429687,658.7618446396037,55.55808018772084,665.4254655340411,663.2552738724854,2.170191661555691,-2.7585799317363358,660.1748229980469,22.39139679131035,704.9576165806676,615.3920294154262,1091159.55,624.017333984375,699.1703491210938,1.9554626464844205
1712,2024-10-14,692.4461571796732,701.93914711684,677.1188948643787,689.3312377929688,1147065,0.0,0.0,663.5191357421875,657.1125179260735,50.605913610457236,659.290032154577,660.3820678525967,-1.0920356980196857,-3.9907728300593424,658.2193603515625,20.428313102407184,699.0759865563768,617.3627341467482,1055434.8,624.017333984375,692.4461059570312,1.1396575927734602
1711,2024-10-11,639.0479057118621,700.5547336208069,637.1196252986847,692.4461059570312,3744808,0.0,0.0,662.7507946777343,655.7974681355879,57.033757381395915,653.8279947657785,658.0661342573669,-4.238139491588413,-4.715457113069256,657.079702758789,19.200163701137942,695.480030161065,618.6793753565131,1026507.4,624.017333984375,692.4461059570312,1.379452514648392
1710,2024-10-10,642.6572704370681,646.909337392187,631.878720391691,634.153076171875,799783,0.0,0.0,661.6581103515625,654.3016053673657,47.28796102805963,646.8065200037325,655.3157365213938,-8.50921651766123,-4.834786518439467,655.7002502441406,17.435484680882666,690.571219605906,620.8292808823753,869205.0,624.017333984375,686.661376953125,-1.686001586914017
1709,2024-10-09,640.7784108681374,650.6175358837856,634.2519882327584,637.9107055664062,1496845,0.0,0.0,661.7649072265625,655.1239943141204,44.521809945830455,649.1071461549794,657.0087493493553,-7.901603194375866,-3.9161790186340255,657.3862518310547,16.863183381374675,691.112618593804,623.6598850683054,850639.25,624.017333984375,686.661376953125,-1.4387878417968523
1708,2024-10-08,622.979000225949,632.8675557850911,618.034722446378,626.3905639648438,935890,0.0,0.0,661.8786254882813,655.8265775283128,44.18496374602412,651.1428626256292,658.5365928519911,-7.393730226361981,-2.9198229746985653,658.8250396728515,16.333315850244798,691.4916713733411,626.1584079723619,807114.35,624.017333984375,686.661376953125,-1.9233245849609375
1707,2024-10-07,661.5444172586011,661.5444172586011,621.0013363802713,624.017333984375,906027,0.0,0.0,662.2504357910157,657.0280474696789,41.74780182572623,655.6432805639538,661.108275162963,-5.464994599009174,-1.8013461617827113,660.7483642578125,14.471702660338645,689.6917695784897,631.8049589371352,797648.2,624.017333984375,686.661376953125,-2.7762115478516307
1706,2024-10-04,658.5778516958192,673.3612554828055,645.1788699372637,651.903076171875,1228661,0.0,0.0,662.40865234375,658.3754235303036,46.28515530833304,661.3934526693317,664.0755504572501,-2.6820977879183374,-0.8854340524760957,663.5245758056641,12.202334064287289,687.9292439342387,639.1199076770895,780180.9,644.2888793945312,686.661376953125,-2.3930297851562727
1705,2024-10-03,664.115386751365,671.3340808059089,646.2171248046491,651.7052612304688,1081956,0.0,0.0,661.8806030273438,658.6396009735047,46.68659312595587,663.1189756688693,665.0493484000801,-1.9303727312108094,-0.43626811861553516,665.9176055908204,14.313635705056448,694.5448770009333,637.2903341807074,763425.8,644.2888793945312,699.763671875,-1.4165374755858693
1704,2024-10-01,648.0959665443896,682.9036344224107,645.969902920923,677.61328125,1083315,0.0,0.0,661.2744360351562,658.9226352487306,52.773850441551566,665.1941964758512,666.116875373649,-0.9226788977978231,-0.06274196546671656,667.3341430664062,14.234742964884731,695.8036289961757,638.8646571366368,728599.05,644.2888793945312,699.763671875,-0.27687988281252274
1703,2024-09-30,654.0785743607164,657.2923551868433,640.1356736405448,644.2888793945312,477686,0.0,0.0,660.3548010253907,658.1597517384746,42.19235103080149,662.9361810623695,665.1971629035409,-2.260981841171315,0.15224226761606008,667.6110229492188,14.496651954104182,696.6043268574272,638.6177190410103,699258.55,644.2888793945312,699.763671875,-1.6068878173828125
1702,2024-09-27,666.7358633278265,679.9865520135127,643.052760523871,650.4691772460938,1643965,0.0,0.0,660.0314453125,658.7259097933294,44.82758166716475,666.326599547431,666.8698255842615,-0.5432260368305606,0.7555482948129038,669.2179107666016,13.523967650973947,696.2658460685494,642.1699754646537,724356.65,645.030517578125,699.763671875,-0.7540039062499773
1701,2024-09-26,682.7553739721272,682.7553739721272,660.5555532623054,666.7359008789062,691644,0.0,0.0,659.9147619628907,659.0629192850533,45.34341142254466,669.2097672385831,668.181877451315,1.0278897872681227,1.08024187772377,669.9719146728515,12.826021874632245,695.6239584221161,644.319870923587,699427.1,645.030517578125,699.763671875,-0.12607727050783524
1700,2024-09-25,682.3103467782995,690.2211913786276,677.712144212377,680.6787109375,608339,0.0,0.0,659.6804028320313,658.7497363628553,43.36312788450763,669.6595611221608,668.2975555771077,1.36200554505308,1.0933299003376815,670.0979919433594,12.804914097158177,695.7078201376758,644.488163749043,697325.7,645.030517578125,699.763671875,-0.40296020507810226
1699,2024-09-24,686.315190565728,688.2434709821429,673.0150711891197,674.8939208984375,493509,0.0,0.0,659.3422155761718,657.8546761761351,48.36989498972187,667.6560793375537,667.3070631482763,0.3490161892774495,1.026160989158832,670.5009521484375,13.273634840539343,697.0482218295161,643.9536824673588,689657.5,645.030517578125,699.763671875,-0.7663635253906023
1698,2024-09-23,663.5715616673676,690.1718023857042,659.7644916153375,686.661376953125,1415118,0.0,0.0,658.9595300292968,657.1591967997146,51.177465766773494,666.3401081446658,666.7001145282634,-0.36000638359757886,1.1954471891291776,671.2673156738281,13.965072326504446,699.197460326837,643.3371710208191,697023.2,645.030517578125,699.763671875,-0.27193298339852845
1697,2024-09-20,652.5458283729457,663.0771041997659,643.8933419552749,657.836181640625,1336231,0.0,0.0,658.3899475097656,655.955026181208,42.67914330021892,662.6453319976733,665.1032135342743,-2.4578815366010076,1.5843105823108665,671.5392486572266,14.32882234308141,700.1968933433894,642.8816039710638,655119.6,645.030517578125,699.763671875,-2.084014892578125
1696,2024-09-19,665.9448383659443,669.7519084124465,632.6203914502872,645.030517578125,937542,0.0,0.0,658.4255456542969,655.8782443257217,41.79518506893988,663.5197229716821,665.6845760857663,-2.164853114084167,2.594858612038835,673.6232635498047,15.233406646566717,704.0900768429382,643.1564502566713,614176.95,645.030517578125,699.763671875,-3.1890594482421193
1695,2024-09-18,651.3097551418806,664.1648777456894,650.2219777855083,661.2477416992188,421526,0.0,0.0,658.6401281738281,656.3210086827663,46.44113724365021,666.8813966796016,667.3369007663775,-0.4555040867759317,3.7847865435695853,676.8123229980469,15.60424415601021,708.0208113100673,645.6038346860264,600590.2,651.0130615234375,708.8117065429688,-3.0827575683593977
1694,2024-09-17,661.4949671190396,663.3243258410065,647.4532054977349,651.0130615234375,359369,0.0,0.0,658.6154064941406,656.1199175392376,34.51075679479392,667.9056975851258,667.8240334917502,0.08166409337559344,4.844859201155964,679.8950805664062,18.235842167555752,716.3667649015177,643.4233962312948,631371.75,651.0130615234375,722.9028930664062,-2.2570648193359375
1693,2024-09-16,666.587518843227,671.0868599926152,657.3911740684051,660.0610961914062,299417,0.0,0.0,658.6124401855469,656.3283606419233,36.796537953243345,670.9770859599784,669.1689112492153,1.808174710763069,6.035657978101057,682.1521453857422,17.239304991804893,716.630755369352,647.6735354021324,679447.25,660.0610961914062,722.9028930664062,-2.3559509277343977
1692,2024-09-13,666.1920106294365,676.6244248383798,664.0165163010187,666.5380859375,568517,0.0,0.0,658.2732629394532,656.1760040888831,38.34008843343856,672.961811372446,669.8975364538401,3.0642749186059746,7.092528794935553,684.5080963134766,17.28104193332763,719.0701801801318,649.9460124468213,859889.6,664.8570556640625,722.9028930664062,-0.6328674316406477
1691,2024-09-12,671.8285361078154,676.0311725161974,659.5172714993281,664.8570556640625,598760,0.0,0.0,657.9657299804687,655.7530619726131,34.97642198300858,674.1297614515272,670.1662924951472,3.963468956379984,8.099592264017947,685.1409637451172,16.81375764052362,718.7684790261644,651.51344846407,1010010.2,664.8570556640625,722.9028930664062,1.6489166259766534
1690,2024-09-11,670.1474637584228,678.6021672133684,663.9176854418816,667.8731079101562,428468,0.0,0.0,657.538544921875,655.3814703933701,33.1707459049546,675.8157079583389,670.591031441634,5.224676516704903,9.133623090927436,683.4920471191406,20.18649535529384,723.8650378297283,643.1190564085529,1021135.45,631.8787231445312,722.9028930664062,1.4808135986327216
1689,2024-09-10,673.0645931393648,680.5798716116187,665.6481760858419,666.6864624023438,626347,0.0,0.0,657.3081408691406,654.8716076375829,29.106951177795864,677.2598170580085,670.8084653241522,6.451351733856313,10.110859734483068,682.0112335205079,22.36163795692182,726.7345094343515,637.2879576066642,1077830.45,631.8787231445312,722.9028930664062,1.6983612060547557
1688,2024-09-09,679.4921672054533,681.3709566809318,655.1168518948541,664.8570556640625,746567,0.0,0.0,656.7197717285156,654.3893686675926,40.186038001482885,679.1822451772202,671.1382255578968,8.044019619323421,11.025736734639755,680.3128723144531,24.749245346635046,729.8113630077232,630.814381621183,1077408.4,631.8787231445312,722.9028930664062,0.6229797363281477
1687,2024-09-06,702.1368907457122,706.0428823478995,676.8716428111165,679.5415649414062,556681,0.0,0.0,656.3024755859375,653.9621161371244,41.12978799090472,681.7868250887034,671.6407191494036,10.146105939299787,11.77116601346884,679.689892578125,25.30924899414746,730.3083905664199,629.07139458983,1099936.75,631.8787231445312,722.9028930664062,2.1828979492187273
1686,2024-09-05,682.3103468321664,702.087458334548,678.7504909037195,699.763671875,893559,0.0,0.0,655.5564819335938,652.9180570022558,56.28779787693762,682.1950542063937,671.0086514860434,11.186402720350316,12.177431032011103,677.5069946289062,27.139281576822324,731.7855577825509,623.2284314752616,1109918.4,631.8787231445312,722.9028930664062,3.5771850585937273
1685,2024-09-04,682.3103665597287,691.2100669931165,676.4760943558587,680.0360107421875,385421,0.0,0.0,654.63845703125,651.0059910890825,62.59700300121371,679.0007600848289,668.7082498549269,10.292510229902064,12.4251881099263,673.9298095703125,28.720245446988663,731.3703004642898,616.4893186763352,1104319.5,628.219970703125,722.9028930664062,4.274328613281227
1684,2024-09-03,680.3326645396022,688.3423708958327,671.82853037484,683.15087890625,496505,0.0,0.0,653.7055908203125,649.8210923277312,61.546283778904794,678.812532692582,667.802028983946,11.010503708635952,12.958357579932358,669.6554809570313,33.694257977563964,737.0439969121592,602.2669650019034,1116823.85,594.5494384765625,722.9028930664062,4.4028808593750455
1683,2024-09-02,669.0596497274672,677.168277414375,663.1265163499669,676.4266357421875,979648,0.0,0.0,652.965205078125,648.4606928755468,61.31012623840877,678.023742471915,666.5741209901618,11.449621481753297,13.445321047756458,665.2526000976562,37.38874652479134,740.0300931472389,590.4751070480736,1145750.75,594.5494384765625,722.9028930664062,2.1606475830077443
1682,2024-08-30,676.2783749385683,680.036014180674,659.7150434926803,665.5492553710938,1145374,0.0,0.0,652.13564453125,647.3192258197655,53.25501994139486,678.3141255136837,665.7859198099998,12.528205703683966,13.944245939257248,663.0919525146485,37.953374494252635,738.9987015031537,587.1852035261433,1126734.2,594.5494384765625,722.9028930664062,0.731753540039108
1681,2024-08-29,692.1989078783059,694.1766190436725,665.499807145857,669.2574462890625,649616,0.0,0.0,651.4876513671875,646.5751429809359,57.76753906590711,680.6350109941546,665.8048529651122,14.830158029042423,14.298255998150568,662.3601989746094,38.044478473733705,738.4491559220768,586.271242027142,1147894.2,594.5494384765625,722.9028930664062,1.5722778320312045
1680,2024-08-28,693.8799761526998,707.8228157609701,687.3534930779065,688.7379150390625,454975,0.0,0.0,650.833564453125,645.649334682645,64.90501029719044,682.7036591223532,665.5286454991963,17.17501362315693,14.165280490427602,660.7879211425782,38.39261909812747,737.5731593388331,584.0026829463233,1150551.85,594.5494384765625,722.9028930664062,2.462249755859375
1679,2024-08-27,697.093749724051,705.4495914044729,688.8367694591553,690.22119140625,640823,0.0,0.0,649.6323352050781,643.8906171170769,70.33843985191666,681.6065216829516,663.671903936007,17.934617746944582,13.412847207245271,658.3256713867188,38.083628382005934,734.4929281507307,582.1584146227069,1197704.55,594.5494384765625,722.9028930664062,2.3312286376954034
1678,2024-08-26,705.8450928119785,710.7893706550926,688.9356867305099,692.1000366210938,577046,0.0,0.0,648.2886389160157,641.9995732685392,70.73996909411731,680.0402180968973,661.5479609383876,18.492257158509688,12.282404572320441,655.9944427490234,37.450191849657806,730.894826448339,581.0940590497078,1226144.3,594.5494384765625,722.9028930664062,2.3559478759765398
1677,2024-08-23,707.0317579522144,715.7336752098659,696.1543462914111,699.5164794921875,517378,0.0,0.0,647.0678161621094,639.9546563970063,62.53037416542417,677.8475238197707,659.1037948837712,18.743728935999457,10.729941425773129,653.6384948730469,36.530082040651145,726.6986589543492,580.5783307917445,1295066.2,594.5494384765625,722.9028930664062,3.3794158935546648
1676,2024-08-22,728.6877410039076,731.209310800195,704.1146422803902,708.8117065429688,665807,0.0,0.0,644.9742041015625,637.5235615767948,60.60496838497638,673.907713697513,655.870780115098,18.03693358241503,8.726494548216547,650.2590789794922,35.16325163516593,720.585582249824,579.9325757091603,1312638.05,594.5494384765625,722.9028930664062,4.165554809570267
1675,2024-08-21,699.0220659197363,727.1055294754534,699.0220659197363,722.9028930664062,1037157,0.0,0.0,642.4544958496094,634.6138413740938,65.64260960635268,667.5615331801575,651.6355060008684,15.926027179289122,6.398884789666926,646.0935241699219,32.710987758328145,711.5154996865782,580.6715486532656,1317282.7,594.5494384765625,722.9028930664062,5.075299072265693
1674,2024-08-20,713.0143341948013,715.3381811195497,685.8702352990459,696.1543579101562,1320879,0.0,0.0,639.8124438476563,631.0102066111423,61.473774135203854,657.4994677462942,645.9341150356255,11.565352710668662,4.0170991922613775,641.0182250976562,27.6493418500108,696.3169087976778,585.7195413976347,1399725.2,594.5494384765625,707.1801147460938,3.2261413574218523
1673,2024-08-19,695.3632781170109,718.4036017952691,684.436435680311,707.1801147460938,3908264,0.0,0.0,637.8308056640625,628.3512616601621,63.246831193668484,650.4713058983193,641.916495605663,8.55481029265627,2.1300358126595555,637.7920837402344,24.457474498352624,686.7070327369396,588.8771347435292,1452921.95,594.5494384765625,707.1801147460938,3.9529510498047102
1672,2024-08-16,638.7018466392828,683.4969925790175,638.7018466392828,679.1954345703125,3570929,0.0,0.0,634.3051745605469,625.133757452573,58.01667609578458,640.1606133805423,636.6954060744285,3.4652073061137116,0.5238421926603767,633.8391326904297,18.254784345324776,670.3487013810792,597.3295639997801,1279048.75,594.5494384765625,679.1954345703125,1.7280212402343977
1671,2024-08-14,638.3062844910718,656.9461882540573,627.9233007774293,631.8787231445312,821265,0.0,0.0,631.3479895019532,622.9271583865428,49.986200476747975,633.0633731642204,633.2954037947578,-0.23203063053745154,-0.21149908570295703,632.1111114501953,15.098172722937903,662.307456896071,601.9147660043195,1128407.75,594.5494384765625,652.3974609375,-1.1569610595703352
1670,2024-08-13,637.7129774482203,661.4455109872956,635.8341277343952,638.2568359375,1562368,0.0,0.0,630.8405163574218,622.5617883964208,53.55960123909372,633.2787640768912,633.4087382467759,-0.12997416988469013,-0.20636619949433338,633.2680725097656,15.942395287450417,665.1528630846665,601.3832819348647,1121314.6,594.5494384765625,655.0179443359375,-1.2756256103515398
1669,2024-08-12,647.7004249233687,648.6892805339387,630.9887409627524,632.71923828125,617906,0.0,0.0,629.711484375,621.9211742110706,53.18496216435611,632.373660102235,633.020890431518,-0.6472303292829338,-0.22546420689674418,634.5436981201171,17.32344779008381,669.1905937002848,599.8968025399495,1063752.6,594.5494384765625,663.7693481445312,-1.1520202636719432
1668,2024-08-09,637.9107027254397,654.127958181366,624.9567189276241,652.3974609375,1197134,0.0,0.0,628.7437719726563,621.4804369020836,56.16920830164676,632.3108277060505,633.0450226035393,-0.7341948974888055,-0.12002267630019674,635.6957183837891,17.95048701377183,671.5966924113327,599.7947443562455,1117088.05,594.5494384765625,663.7693481445312,-0.28923950195314774
1667,2024-08-08,631.4337555859464,642.756164712254,621.9901963138581,635.8836059570312,756314,0.0,0.0,627.580869140625,620.2185175536994,52.49920512617958,628.6587125730598,631.4968275368225,-2.8381149637626777,0.03352037899695548,635.9849578857422,18.277398252207053,672.5397543901563,599.4301613813282,1077942.1,594.5494384765625,663.7693481445312,-1.1866241455077216
1666,2024-08-07,612.1016359785584,629.4066095320718,597.5654461226156,628.219970703125,781581,0.0,0.0,626.6548913574219,619.5791261902981,44.99998512697105,627.345095594156,631.1458852632059,-3.800789669049891,0.7514292146868637,637.17158203125,19.02555205993488,675.2226861511197,599.1204779113802,1078305.45,594.5494384765625,663.7693481445312,-1.376983642578125
1665,2024-08-06,605.1796363370582,617.0459037162162,590.3468021131107,594.5494384765625,635508,0.0,0.0,625.9035803222656,619.2264386591622,28.53630678785106,627.1860273925251,631.3799584280124,-4.193931035487253,1.8894839356210524,638.5485656738281,19.337615374828488,677.223796423485,599.8733349241711,1084449.95,594.5494384765625,663.7693481445312,-3.2731109619140852
1664,2024-08-05,627.9232782593641,630.840414221481,592.3739089388866,595.09326171875,1075043,0.0,0.0,625.8947229003907,620.2336631564111,26.965137422354843,633.1199526499729,634.3264000241284,-1.2064473741554593,3.4103376783981285,641.8216766357422,16.88256655745509,675.5868097506524,608.056543520832,1108103.35,595.09326171875,663.7693481445312,-2.78857421875
1663,2024-08-02,651.4580826865329,658.2317800244153,631.0876806718601,633.2136840820312,599317,0.0,0.0,626.0519702148438,621.2598019906013,40.52365616279303,640.0338964556498,637.4650510885587,2.5688453670911713,4.564533941536525,644.6102508544922,12.892489529035103,670.3952299125624,618.8252717964219,1078604.35,621.3969116210938,663.7693481445312,-0.4944274902344432
1662,2024-08-01,641.1739812637298,665.845879664201,639.8389900197355,650.9141845703125,1568574,0.0,0.0,624.9285046386718,620.7718884358491,46.49499562610305,641.273935069035,637.8051604490809,3.4687746199541607,5.063456085147863,645.1046783447266,12.619143037430018,670.3429644195867,619.8663922698665,1088525.4,621.3969116210938,663.7693481445312,-0.012362670898369288
1661,2024-07-31,639.5918177346042,652.5952935802728,635.2408891189699,637.8118896484375,702769,0.0,0.0,623.5754992675782,619.5415906344424,38.15154244868122,639.521162432439,636.7564385193823,2.7647239130567414,5.462126451446288,645.117041015625,12.625253654701018,670.367548325027,619.866533706223,1038077.4,621.3969116210938,663.7693481445312,-0.28429565429689774
1660,2024-07-30,646.0193426514188,652.5952564442566,633.5103556939672,639.492919921875,1398029,0.0,0.0,622.3590954589844,618.7958641440752,41.36477922212573,639.8319393022575,636.6720024290579,3.1599368731996265,6.136477086043675,645.4013366699219,12.515640284309079,670.43261723854,620.3700561013037,1029698.6,621.3969116210938,663.7693481445312,-0.8429992675780795
1659,2024-07-29,664.5109379392895,664.5109379392895,640.4817598437256,643.5966186523438,1209618,0.0,0.0,620.842626953125,617.9510863572261,41.29974573145877,639.8935791895998,636.4463290296325,3.447250159967325,6.880612139254685,646.2443359375,12.66366184237888,671.5716596222577,620.9170122527422,990856.8,621.3969116210938,663.7693481445312,0.31643066406240905
1658,2024-07-26,630.7415340104611,657.5395575651793,628.170533536631,644.9810791015625,1955484,0.0,0.0,618.9037329101562,616.9043299370172,47.11864609424972,639.2202992872827,635.8743058598155,3.3459934274671923,7.738952634076525,645.9279052734375,12.811507635954815,671.5509205453471,620.304890001528,954091.65,621.3969116210938,663.7693481445312,0.049441528320357975
1657,2024-07-25,613.0904744372001,640.7290006380618,611.2611157119103,631.9281616210938,868815,0.0,0.0,616.911865234375,615.7583401751991,44.22878081749586,638.1728847755955,635.1457640004758,3.0271207751197835,8.837192435728857,645.8784637451172,12.817260623924895,671.512984992967,620.2439424972674,879421.45,621.3969116210938,663.7693481445312,-0.51568603515625
1656,2024-07-24,618.0347624916548,633.7575909914253,614.277123206697,625.5006103515625,758700,0.0,0.0,615.2238439941407,615.0983474631219,36.96629248315864,639.308288985505,635.4031721908264,3.9051167946786336,10.289710350881125,646.3941497802734,12.428016697160015,671.2501831745934,621.5381163859535,860749.1,621.3969116210938,663.7693481445312,-1.4180908203125
1655,2024-07-23,637.9602436791381,655.1168649823528,573.1407078486152,621.3969116210938,2686007,0.0,0.0,613.8471899414062,614.6737653044099,39.16624929465626,641.8187760098581,636.1953771379674,5.623398871890686,11.885858739931747,647.8122406005859,11.502109465873728,670.8164595323334,624.8080216688385,863343.1,621.3969116210938,663.7693481445312,-0.599789428710892
1654,2024-07-22,628.9121777917074,668.1697581934077,628.9121777917074,631.6315307617188,2384814,0.0,0.0,612.6031774902344,614.3993511690351,38.18523369338518,645.5318422623607,637.3792543793173,8.152587883043338,13.45147370694201,648.4120300292968,10.302351582252658,669.0167331938021,627.8073268647915,767376.2,628.12109375,663.7693481445312,-0.7250030517578807
1653,2024-07-19,644.6349944608519,646.4643531921473,618.9247486742426,628.12109375,430800,0.0,0.0,611.2478247070312,613.695996899946,46.19497409455348,648.0591716261138,637.8390722687252,10.220099357388563,14.776195162916679,649.1370330810547,9.54141435152996,668.2198617841146,630.0542043779948,766827.95,628.12109375,663.7693481445312,-0.34137573242185226
1652,2024-07-18,659.2700610283194,666.4886950611054,642.7561599253984,644.635009765625,558109,0.0,0.0,609.860576171875,613.1072174366784,50.29109124249606,651.6842766944982,638.6165105502231,13.067766144275083,15.915219114298706,649.4784088134766,8.846777914550067,667.1719646425767,631.7848529843765,784158.5,633.3927001953125,663.7693481445312,0.5742706298827898
1651,2024-07-16,666.4886446417971,673.3117721191322,651.1613835261475,655.0179443359375,679402,0.0,0.0,608.3569836425781,611.8203687701908,56.276751225076424,652.9659615906569,638.1350306129909,14.830930977665957,16.62708235680461,648.9041381835938,9.524538806928026,667.9532157974498,629.8550605697377,789609.4,633.1495971679688,663.7693481445312,0.9232421875000227
1650,2024-07-15,658.8745006570548,670.9385515323121,650.0737216767541,663.7693481445312,411128,0.0,0.0,606.9005090332031,610.0572024205686,54.73372004514554,652.5928738187877,636.7843975151552,15.80847630363246,17.076120201589273,647.9808959960938,9.791892273292627,667.564680542679,628.3971114495085,805073.7,633.1495971679688,663.7693481445312,1.7546447753906023
1649,2024-07-12,658.2317826612723,666.4887031352823,652.1502963170901,655.7596435546875,1684615,0.0,0.0,604.9694982910156,607.8648699420395,59.55019284895236,650.5607875777434,634.6256014648052,15.935186112938254,17.393031176078473,646.2262512207031,9.956623497528865,666.1394982157609,626.3130042256454,816380.05,628.6764526367188,660.0116577148438,1.6361633300781477
1648,2024-07-11,664.1153844662128,669.4057980407907,656.600106187971,658.1822509765625,414215,0.0,0.0,603.3027319335938,605.9099812231559,54.72877752773251,649.6155410364809,632.9348780976146,16.68066293886625,17.757492441863526,644.590087890625,10.946993743196147,666.4840753770173,622.6961004042327,799410.15,623.036376953125,660.0116577148438,1.356167602539017
1647,2024-07-10,660.5555137196658,666.0436500036813,650.8153106009605,659.6160888671875,763581,0.0,0.0,601.5563952636719,603.7764191924045,58.99173783190172,648.0579574110114,630.9150882672988,17.142869143712687,18.026699817612844,643.233920288086,10.854199125301017,664.942318538688,621.5255220374839,934946.7,623.036376953125,660.0116577148438,3.2390106201172557
1646,2024-07-09,667.1314834449779,678.2561094246098,653.8313629805596,655.7596435546875,904471,0.0,0.0,599.6462145996094,601.497249001597,58.367270603254454,645.9564789644339,628.6190082193077,17.33747074512621,18.24765748608788,639.9949096679687,14.694486142767651,669.383881953504,610.6059373824335,939452.95,594.8358764648438,660.0116577148438,3.64666748046875
1645,2024-07-08,644.7832578999049,667.4775051458548,644.7832578999049,660.0116577148438,1108576,0.0,0.0,597.8394177246093,599.2824573871851,58.73614211854941,644.1740854025696,626.4477573924772,17.726328010092402,18.475204171328297,636.3482421875,18.996385600622766,674.3410133887455,598.3554709862544,917021.95,582.8262939453125,660.0116577148438,3.460568237304642
1644,2024-07-05,640.8278379494424,653.6335296096078,635.8835601157842,650.86474609375,485063,0.0,0.0,596.0039819335938,596.8037145166684,58.34201114400698,641.2945268003381,623.7626453666879,17.531881433650142,18.662423211637268,632.8876739501953,20.68757374924268,674.2628214486807,591.51252645171,941098.45,582.8262939453125,656.3529052734375,2.6896148681640852
1643,2024-07-04,656.6001373584347,656.6001373584347,641.2234444054449,643.1022338867188,797738,0.0,0.0,593.9294506835937,594.5971417992365,57.6664000503695,639.5544869288087,621.594477308523,17.960009620285746,18.945058656134048,630.1980590820312,21.699397416907562,673.5968539158464,586.7992642482161,1015140.4,582.8262939453125,656.3529052734375,5.6101837158203125
1642,2024-07-03,646.662156903849,654.5235713013507,637.3668897594513,651.1614379882812,559614,0.0,0.0,592.3038427734375,592.6173421221963,57.68256829545699,638.9094420273706,619.8738567822674,19.03558524510322,19.19132091509612,624.5878753662109,30.78858534746444,686.1650460611398,563.010704671282,1188177.55,530.8985595703125,656.3529052734375,5.99126281738279
1641,2024-07-02,656.3529259545776,661.8904933536048,636.8230272161928,643.497802734375,535193,0.0,0.0,590.1942041015625,590.2277871888867,65.26490242472538,636.6818063981142,617.3708502857862,19.310956112327972,19.230254832594344,618.5966125488281,36.47827205884738,691.5531566665229,545.6400684311334,1227282.05,530.8985595703125,656.3529052734375,1.8496368408203807
1640,2024-07-01,645.7227075609111,664.1648886646254,639.6907125357855,656.3529052734375,621193,0.0,0.0,588.0919738769531,588.0535008400913,73.18778203723565,635.4425343369759,615.2806940898992,20.161840247076725,19.210079512660936,616.7469757080078,36.08494030099242,688.9168563099926,544.577095106023,1281843.85,530.8985595703125,656.3529052734375,3.727383422851517
1639,2024-06-28,646.7115643079634,659.2206118268507,633.7080889876174,637.2680053710938,474315,11.0,0.0,585.7248608398437,585.2657700468934,65.75869864632756,631.6406487121648,611.9949171952161,19.645731516948672,18.972139329056986,613.0195922851562,35.6258060890563,684.2712044632689,541.7679801070436,1285015.65,530.8985595703125,653.8624267578125,2.6467193603515398
1638,2024-06-27,648.3195771379723,656.3907402963088,637.6228391479584,643.9922485351562,462080,0.0,0.0,583.3942333984374,583.1432298295791,65.96095790579568,630.6174929559959,609.9730701411459,20.64442281485003,18.803741282084065,610.3728729248047,35.69576138559285,681.7643956959904,538.981350153619,1282403.25,530.8985595703125,653.8624267578125,2.4869964599610057
1637,2024-06-26,654.4458760168944,657.2659488521567,636.9421230179285,642.2418823242188,495368,0.0,0.0,581.0701232910156,580.6595964130249,76.33393336865217,628.1857192143303,607.251535869625,20.93418334470539,18.343570898892573,607.8858764648437,34.955209716970955,677.7962958987856,537.9754570309018,1309750.1,530.8985595703125,653.8624267578125,2.6328582763671875
1636,2024-06-25,632.0799553256077,659.5997322792922,632.0799553256077,653.8624267578125,810580,0.0,0.0,578.844228515625,578.146033722772,80.5973484238815,625.6300531943506,604.4523081532574,21.177745041093203,17.69591778743937,605.2530181884765,34.20635943744152,673.6657370633595,536.8402993135935,1320200.65,530.8985595703125,653.8624267578125,3.160400390625
1635,2024-06-24,641.804249325179,641.804249325179,621.3832050284688,633.3927001953125,766669,0.0,0.0,575.9911169433594,575.0555687009336,55.273681929678176,620.4968943646303,600.4994986648929,19.997395699737353,16.825460974025912,602.0926177978515,32.34835664834839,666.7893310945483,537.3959045011547,1298119.05,530.8985595703125,646.131591796875,1.9643066406249545
1634,2024-06-21,634.9972483887849,656.1962258213182,632.5661716338508,646.131591796875,2373849,0.0,0.0,573.3723620605468,572.6744612929997,62.0513819737032,618.1522023954154,597.8680425424594,20.28415985295601,16.032477292598053,600.1283111572266,31.530118609206408,663.1885483756394,537.0680739388138,1304201.9,530.8985595703125,646.131591796875,2.1587982177734375
1633,2024-06-20,639.5676540122023,641.8042326494286,625.2243018431432,634.9486083984375,777411,0.0,0.0,570.795419921875,569.6762110683518,59.80040304186464,613.0650406860592,594.0069586021062,19.058082083952968,14.969556652508563,597.9695129394531,29.635773993392387,657.2410609262379,538.6979649526684,1272352.3,530.8985595703125,636.5531005859375,2.8954101562500227
1632,2024-06-19,640.8318233435717,649.3892015268333,624.7867169927844,633.1495971679688,667127,0.0,0.0,568.2388995361329,567.0120315854911,57.30194307377942,609.0862101928996,590.7316266183998,18.35458357449977,13.947425294647461,595.0741027832031,28.645022485621976,652.364147754447,537.7840578119592,1244264.8,530.8985595703125,636.5531005859375,2.4942840576171648
1631,2024-06-18,628.7736551312853,645.9856900701951,627.7526147858539,636.5531005859375,988688,0.0,0.0,565.3916235351562,564.3125391127369,58.77543293869182,604.7110489247052,587.3381889744342,17.37285995027105,12.845635724684382,592.5798187255859,27.29518670742743,647.1701921404408,537.9894453107311,1231659.95,530.8985595703125,636.5531005859375,2.9780700683593295
1630,2024-06-14,627.023308562851,637.9145443614656,624.5436221282794,628.6764526367188,637255,0.0,0.0,562.111615600586,561.363944766892,57.2893334846696,598.9215849862993,583.4009960455139,15.520588940785387,11.713829668287714,589.6017486572266,25.43048218184495,640.4627130209165,538.7407842935368,1211517.3,530.8985595703125,631.0588989257812,3.250347900390693
1629,2024-06-13,636.6504070938412,636.6504070938412,617.979725316081,623.036376953125,1345217,0.0,0.0,559.0017822265625,558.6164954660827,55.59315377756716,593.5116090498594,579.7789595182174,13.732649531641982,10.762139850163294,586.3514007568359,24.302732285696585,634.9568653282291,537.7459361854427,1223519.65,530.8985595703125,631.0588989257812,3.8192230224609602
1628,2024-06-12,595.0789639214732,638.8869539954161,593.668927571083,631.0588989257812,3124946,0.0,0.0,555.7042694091797,555.9871125482442,55.41604520624644,588.1434694310839,576.3183661234249,11.825103307658992,10.019512429793622,582.532177734375,24.236081644365925,631.0043410231068,534.0600144456431,1172862.1,530.8985595703125,631.0588989257812,4.28356018066404
1627,2024-06-11,584.9656810291847,599.8438590038677,582.4859945921476,594.8358764648438,853706,0.0,0.0,552.123779296875,552.9229580022222,53.57142594657284,580.3406640684116,571.9391234992363,8.401540569175268,9.56811471032728,578.2486175537109,22.732144600182174,623.7129067540752,532.7843283533466,1031221.95,530.8985595703125,606.5050659179688,2.3654388427734148
1626,2024-06-10,595.5165615754493,597.5586422261259,578.5962443035719,582.8262939453125,455851,0.0,0.0,549.0761810302735,551.2122266364009,49.910084077031236,577.7051709054239,570.1073832619877,7.597787643436163,9.85975824561528,575.8831787109375,23.36779841508109,622.6187755410997,529.1475818807753,1005548.95,530.8985595703125,606.5050659179688,1.307919311523392
1625,2024-06-07,607.7692215036238,607.7692215036238,578.8394065600513,590.80029296875,1590106,0.0,0.0,546.1452752685547,549.9218565421597,52.85716017676405,576.7740576254441,569.0898704073217,7.684187218122474,10.425250896160058,574.5752593994141,23.688585730569056,621.9524308605522,527.198087938276,999442.1,530.8985595703125,606.5050659179688,1.5802001953125
1624,2024-06-06,539.6990375332413,604.8518943165335,538.8238261638252,597.0724487304688,1965902,0.0,0.0,543.0043237304687,548.2533489329112,56.715539168190716,574.2238330175703,567.3530366024074,6.870796415162886,11.110516815669452,572.9950592041016,23.603248154625938,620.2015555133535,525.7885628948497,959907.7,530.8985595703125,606.5050659179688,1.6604278564453807
1623,2024-06-05,549.3261334499842,559.1476599091432,484.31910468211447,530.8985595703125,4258481,0.0,0.0,539.643603515625,546.2607326146435,46.05263439621914,570.0695392515888,564.9754836321625,5.094055619426285,12.170446915796093,571.3346313476562,22.980163376704162,617.2949581010646,525.3743045942479,902930.4,530.8985595703125,606.5050659179688,-1.39300537109375
1622,2024-06-04,611.6589372600175,611.6589372600175,499.2459671261885,531.336181640625,1341704,0.0,0.0,537.4809167480469,546.8877600858407,46.49359550390666,577.1915355572754,567.7016375571105,9.489898000164885,13.939544739888545,572.72763671875,21.17339438638906,615.0744254915281,530.3808479459718,740048.9,531.336181640625,606.5050659179688,-1.9059600830078125
1621,2024-06-03,606.7481736035738,618.6604501982213,601.5456335201484,606.5050659179688,1626429,0.0,0.0,535.524384765625,547.522518389727,73.15771436514271,585.52887263303,570.6108740304293,14.917998602600733,15.051956424819458,574.6335968017578,18.83828880816436,612.3101744180865,536.9570191854291,694817.85,545.3876953125,606.5050659179688,1.215542602539017
1620,2024-05-31,585.4032420349528,592.8909697919374,577.6237969580762,581.8052368164062,684629,0.0,0.0,532.4262194824219,545.115067470207,61.24403194031285,581.7150193084957,567.739338679426,13.975680629069643,15.085445880374138,573.4180541992188,17.4032103656483,608.2244749305154,538.6116334679222,688131.15,545.3876953125,602.9556274414062,0.7293212890625682
1619,2024-05-30,593.1827135930743,599.0172976612029,581.5621551202264,584.3336181640625,422067,0.0,0.0,529.9795849609375,543.6175095377091,61.24403194031285,581.6986161252393,566.6140668284676,15.084549296771684,15.36288719320026,572.6887329101562,17.338746513135657,607.3662259364276,538.0112398838849,675580.05,545.3876953125,602.9556274414062,0.5956146240233693
1618,2024-05-29,588.3205163828114,599.017253044317,585.8894398688328,594.2523193359375,1009017,0.0,0.0,526.951435546875,541.95562755296,64.26289488490198,581.2195248454533,565.1965027216199,16.023022123833357,15.432471667307404,572.0931182861328,17.120906734365327,606.3349317548635,537.8513048174021,686248.6,545.3876953125,602.9556274414062,1.169345092773483
1617,2024-05-28,592.2102915362468,599.6980197365073,583.4584153066471,589.584716796875,704379,0.0,0.0,524.6720593261718,539.8210687046752,64.4091016985516,578.8499258471834,562.8720373924746,15.977888454708818,15.284834053175913,570.9237731933594,16.307107265355846,603.5379877240711,538.3095586626476,701926.9,545.3876953125,602.9556274414062,1.2738830566405568
1616,2024-05-27,594.106535989828,600.0383393985753,585.5977675373455,590.6544189453125,368948,0.0,0.0,522.6756591796875,537.7898993947895,59.09094002400694,576.8981456745122,560.7350230401225,16.16312263438965,15.111570452792686,569.6498901367188,15.75853062341549,601.1669513835498,538.1328288898878,710017.9,545.3876953125,602.9556274414062,1.2617309570313182
1615,2024-05-24,599.9897614389092,604.7060267465124,589.6333504056646,594.1065673828125,888326,0.0,0.0,520.4351788330079,535.6321639029314,54.73159383524515,574.3970050798213,558.3414713677074,16.055533712113856,14.848682407393442,568.3881591796875,14.979211198332706,598.346581576353,538.429736783022,863000.75,545.3876953125,602.9556274414062,1.2933349609375
1614,2024-05-23,578.5962509323107,606.7481308103492,577.0403855951566,602.9556274414062,1736857,0.0,0.0,518.4280810546875,533.2454535568139,63.535921820152325,570.8134482974592,555.4802636864989,15.333184610960302,14.546969581213338,567.09482421875,13.704186370863738,594.5031969604775,539.6864514770225,1043600.75,545.3876953125,602.9556274414062,2.7908721923828352
1613,2024-05-22,586.3757163196317,589.2930084406249,573.7341171286612,577.0404052734375,215661,0.0,0.0,516.3908392333984,530.4001403370346,52.07515858665794,564.9694157258325,551.6822345861063,13.287181139726158,14.350415823776595,564.3039520263671,11.527497338828052,587.3589467040232,541.2489573487111,1023246.6,545.3876953125,583.263916015625,0.7609283447264943
1612,2024-05-21,574.5606494692734,584.8198407311648,570.9140343816225,583.263916015625,415030,0.0,0.0,514.8398120117188,528.4964560539161,55.81395748198173,562.7746903535407,549.6535809311198,13.121109422420886,14.616224494789204,563.5430236816406,11.13823219216498,585.8194880659706,541.2665592973107,1066892.5,545.3876953125,583.263916015625,1.8792205810547102
1611,2024-05-17,567.6077791100562,579.0824488455729,558.3696879865752,576.99169921875,585835,0.0,0.0,513.211962890625,526.2610495248667,56.014500764127824,559.0493765967981,546.9647541243594,12.084622472438696,14.990003262881283,561.6638031005859,10.801331394523844,583.2664658896337,540.0611403115382,1126493.25,545.3876953125,582.1942138671875,1.930270385742233
1610,2024-05-16,543.6859957077121,570.8168367311481,543.6859957077121,563.6694946289062,877302,0.0,0.0,511.7008068847656,524.1904107618511,49.079791217825424,555.7871361200796,544.5625985168081,11.224537603271528,15.716348460491929,559.7335327148437,11.353380459894352,582.4402936346324,537.026771795055,1130377.85,538.3862915039062,582.1942138671875,1.2836120605468295
1609,2024-05-15,545.14460150654,551.8057871054303,542.9080228703076,546.6519165039062,332066,0.0,0.0,510.6953137207031,522.579019583604,36.65865248606822,554.3539800275656,543.0340468278403,11.31993319972537,16.83930117479703,558.4499206542969,12.296996964424645,583.0439145831461,533.8559267254476,1160085.8,537.9972534179688,582.1942138671875,1.2957641601562955
1608,2024-05-14,548.4508755392064,550.7360637796377,539.1155652284575,545.3876953125,292143,0.0,0.0,510.049619140625,521.5964523623671,49.131216587583545,555.7543552136855,542.744617253755,13.009737959930476,18.21914316856494,557.1541564941406,14.730251004435226,586.614658503011,527.6936544852701,1216044.15,520.7366333007812,582.1942138671875,0.8800476074218295
1607,2024-05-13,550.5416704230314,560.0228698492435,542.6649460574713,547.527099609375,340246,0.0,0.0,509.2862615966797,520.6253812215454,43.690968579970246,557.6392024684465,542.5331710090554,15.106031459391033,19.521494470723553,556.2741088867188,15.945847965690938,588.1658048181006,524.3824129553369,1280687.1,520.7366333007812,582.1942138671875,0.8289978027344205
1606,2024-05-10,560.0228051485504,561.7731683545203,549.7636148573329,556.6679077148438,333714,0.0,0.0,508.14073852539065,519.5273518995931,54.56748503923743,559.4777666246413,542.1336567210299,17.34410990361141,20.62536022355668,555.4451110839843,16.83094195388658,589.1069949917575,521.7832271762112,1356667.95,520.7366333007812,582.1942138671875,2.2730529785155795
1605,2024-05-09,563.8639447765278,563.9612234626828,547.6730084542007,559.1962890625,799418,0.0,0.0,506.7307147216797,518.0114108459094,58.32038729282064,559.9886500627863,540.9709166415248,19.017733421261482,21.445672803542998,553.1720581054688,19.513186922375706,592.1984319502202,514.1456842607173,1371216.55,511.2068481445313,582.1942138671875,2.837066650390625
1604,2024-05-08,558.1751960103837,572.6644365119148,549.2288221132451,563.8638916015625,826356,0.0,0.0,505.36444885253906,516.3303954084975,60.708544468359186,560.132715699202,539.5128868478467,20.619828851355237,22.052657649113375,550.3349914550781,22.48915405457122,595.3132995642205,505.35668334593566,1361676.35,502.4549560546875,582.1942138671875,2.3289703369140398
1603,2024-05-07,569.309575897181,578.5962773864205,555.0634421331529,558.7586669921875,1000851,0.0,0.0,503.8649615478516,514.3902527067396,64.30140733710661,559.4543200805911,537.5648064675495,21.889513613041572,22.410864848552905,548.0060211181641,23.40749063858215,594.8210023953284,501.1910398409998,1370158.35,502.4549560546875,582.1942138671875,2.5818038940429915
1602,2024-05-06,578.5962554471482,581.9997628321314,564.0097952257915,569.4553833007812,437083,0.0,0.0,502.6221954345703,512.5792970216193,66.11509694329658,559.5808024603008,535.8692976255784,23.711504834722405,22.541202657430738,545.4242172241211,24.955563807791695,595.3353448397045,495.5130896085377,1382719.85,502.4549560546875,582.1942138671875,3.9334793090820312
1601,2024-05-03,569.7471140196931,586.3756535894573,568.9205123956983,582.1942138671875,1492695,0.0,0.0,500.85139892578127,510.25782411226567,71.40537938798653,557.785424125668,533.1824107715622,24.60301335410577,22.248627113107823,541.4907379150391,27.078091701201995,595.646921317443,487.33455451263507,1477752.45,490.7857971191406,582.1942138671875,5.482075500488236
1600,2024-05-02,574.7065392375073,574.7551489016379,564.0098016205656,567.2188110351562,433607,0.0,0.0,498.71496948242185,507.3216449385954,72.50001471069938,553.3474623544827,529.2614665239122,24.085995830570482,21.660030552858334,536.0086624145508,29.402698142102636,594.8140586987561,477.2032661303456,1490796.05,472.5527038574219,572.4213256835938,4.701701354980514
1599,2024-04-30,572.7616526700041,577.6238059184761,566.7811804334009,572.4213256835938,635438,0.0,0.0,496.8848553466797,504.87686264893983,77.32627408539274,550.8253989579966,526.2248789630127,24.600519994983983,21.053539233430296,531.3069610595703,31.586556867616697,594.4800747948037,468.1338473243369,1530467.9,472.5527038574219,572.4213256835938,5.7130294799804915
1598,2024-04-29,569.3095521371125,575.87345921167,563.4263584074453,570.8654174804688,1322583,0.0,0.0,494.67938232421875,502.11994579038253,68.96080277844973,546.8988668260698,522.5291632253661,24.3697036007037,20.16679404304187,525.5939315795898,33.999772486260454,593.5934765521107,457.59438660706894,1538928.4,458.1607360839844,570.8654174804688,5.941551208496094
1597,2024-04-26,562.0649748252328,574.8037939392832,561.5787594490864,564.1070556640625,866199,0.0,0.0,492.5993536376953,499.314008170379,69.69089815830483,542.5413121616336,518.662262884958,23.879049276675687,19.11606665362641,519.6523803710937,35.9964644993818,591.6453093698574,447.6594513723301,1569544.95,452.0343933105469,568.2398681640625,6.082554626464798
1596,2024-04-25,571.9350968745235,597.9962258014122,558.1751797647756,565.4197998046875,3428605,0.0,0.0,490.72450744628907,496.6693939869633,73.36378947810893,538.6202678884647,515.0266794626297,23.593588425835037,17.92532099786409,513.5698257446289,38.2940719169934,590.1579695786157,436.9816819106421,1567748.75,442.4559631347656,568.2398681640625,6.456939697265625
1595,2024-04-24,549.4233574507598,605.8243392775635,542.9080597485506,568.2398681640625,4500326,0.0,0.0,489.04123046875,493.86325497399497,77.31818570717374,533.7476257218788,510.995229835265,22.752395886613783,16.50825414087135,507.1128860473633,39.94310651271614,586.9990990727956,427.226673021931,1421561.5,436.281005859375,568.2398681640625,6.724357604980469
1594,2024-04-23,563.8153352949445,568.7747677166044,542.3246395251393,547.13818359375,1329774,0.0,0.0,487.3900433349609,490.82747484378814,73.90761476627847,527.476308914209,506.4156587689612,21.06065014524779,14.947218704435745,500.38852844238284,40.428266748240425,581.2450619388637,419.531994945902,1233504.55,433.7527160644531,561.8218383789062,5.905087280273449
1593,2024-04-22,549.4233469218209,565.7601708536062,549.3747372571871,561.8218383789062,1088579,0.0,0.0,486.25910522460936,488.5290785682795,83.43791314208987,523.9014226088378,503.15785678297806,20.743565825859775,13.418860844232732,494.4834411621094,41.84095181864705,578.1653447994034,410.8015375248153,1198429.15,429.0364379882813,561.8218383789062,6.952880859375
1592,2024-04-19,536.1010265048104,553.2644518915841,532.1140844243923,545.6795043945312,1607045,0.0,0.0,484.5602685546875,485.53753735151923,82.29378967971238,517.0068015597344,498.4647382553038,18.5420633044306,11.587684598825971,487.5305603027344,41.6153915487138,570.761343400162,404.2997772053068,1175503.3,422.7642211914063,545.6795043945312,5.608496093750034
1591,2024-04-18,539.2128338743614,542.8108394064138,533.8644649179881,538.3862915039062,663527,0.0,0.0,483.47503540039065,483.0827631864983,82.56853187586215,511.7935828624986,494.68755696416565,17.106025898332973,9.849089922424813,481.92206420898435,40.918942489224534,563.7599491874334,400.08417923053526,1126750.65,422.7642211914063,538.3862915039062,4.339474487304642
1590,2024-04-16,520.2990038390147,540.6714376871046,515.4368506224041,537.9972534179688,1471461,0.0,0.0,482.5735906982422,480.8254763164,83.22746788646205,506.95854492769723,491.1916582009864,15.766886726710823,8.034855928447772,477.5825897216797,39.18084187893058,555.9442734795409,399.22090596381855,1175983.7,422.7642211914063,537.9972534179688,3.9261871337890852
1589,2024-04-15,510.5261110791973,532.6975188898592,510.5261110791973,520.7366333007812,1451233,0.0,0.0,482.01930541992186,478.49193439388694,81.44114692734213,501.3151433840115,487.4472105836278,13.867932800383699,6.101848228882009,473.6564025878906,36.66156547627496,546.9795335404406,400.3332716353407,1167454.1,422.7642211914063,530.9471435546875,4.390524291992165
1588,2024-04-12,534.8368654817768,546.1170374491368,525.1125588366536,527.7867431640625,1585002,0.0,0.0,481.72757629394533,476.76766096911575,86.30677460167287,497.7839633991443,484.7840567662555,12.99990663288878,4.1603270860065855,469.26587829589846,35.97821619273255,541.2223106813635,397.30944591043334,1172799.3,422.7642211914063,530.9471435546875,2.3751617431640852
1587,2024-04-10,511.2554225712032,535.9065162095449,503.7676945736584,530.9471435546875,1859863,0.0,0.0,481.3531903076172,474.68524945095464,88.88502774103105,492.32891253279547,481.34384185443093,10.985070678364536,1.9504321992860367,466.8907165527344,33.38615963452039,533.6630358217751,400.1183972836936,1150651.55,422.7642211914063,530.9471435546875,2.0591217041015852
1586,2024-04-09,505.031877379278,514.4158576925367,499.4404006652287,511.2068481445313,624686,0.0,0.0,480.7794567871094,472.38884560998594,79.85802221844858,485.30741598336056,477.3755777184104,7.931838264950159,-0.3082274204835882,464.8315948486328,30.360354615925306,525.5523040804834,404.1108856167822,1118888.55,422.7642211914063,517.2844848632812,1.6288223266601562
1585,2024-04-08,518.3055646413319,518.3055646413319,499.44038526424697,502.4549560546875,608614,0.0,0.0,480.2251708984375,470.8044373432698,68.23571842506563,480.5984283176931,474.6690760843207,5.929352233372413,-2.368243841842025,463.20277252197263,28.56198542972531,520.3267433814233,406.078801662522,1133285.6,422.7642211914063,517.2844848632812,0.4351638793945085
1584,2024-04-05,509.8939764728904,518.7431308064887,500.8017738345464,517.2844848632812,995996,0.0,0.0,479.6349053955078,469.51257943668134,71.8164970423033,476.6245141836941,472.44620568669137,4.178308497002718,-4.442642860645634,462.7676086425781,27.993107809987595,518.7538242625533,406.7813930226029,1121973.35,422.7642211914063,517.2844848632812,0.8095474243164062
1583,2024-04-04,491.56369855374186,511.4985270806493,486.4098279270328,507.1225891113281,1252081,0.0,0.0,478.9522595214844,467.5627057457997,74.91834022654221,469.2317922419509,468.85914335256416,0.37264888938676677,-6.597880700057722,461.9580612182617,26.52937519406597,515.0168116063936,408.89931083012976,1127185.8,422.7642211914063,507.1225891113281,0.38167724609377274
1582,2024-04-03,469.87853660230695,497.59281217113295,465.40534934718016,490.7857971191406,2337735,0.0,0.0,478.74513244628906,465.94801662883935,52.918928134311436,462.3425564475187,465.798067691863,-3.4555112443443363,-8.340513097418844,461.57638397216795,25.892666883176254,513.3617177385205,409.79105020581545,1084237.05,422.7642211914063,501.0935363769531,-0.5542831420898438
1581,2024-04-02,474.4489258898867,476.7341439378382,461.9045759724082,472.5527038574219,1753567,0.0,0.0,478.3882501220703,464.93422967005154,44.971597702139356,457.1710581435874,463.79904933768086,-6.627991194093454,-9.56176356068747,462.1306671142578,26.658199592401083,515.44706629906,408.81426792945564,1008405.9,422.7642211914063,501.8714599609375,-1.4440597534180029
1580,2024-04-01,465.79430468997975,476.9772577253341,459.52211481270206,473.1847839355469,1227044,0.0,0.0,478.68873107910156,464.62327153995477,48.50106933274645,454.3743952865266,463.0987569761016,-8.724361689575005,-10.295206652335976,463.5747268676758,28.000894265966792,519.5765153996094,407.5729383357422,999191.3,422.7642211914063,501.8714599609375,-2.01050262451173
1579,2024-03-28,455.7782985826083,462.8770310965802,446.8319239262156,458.1607360839844,804648,0.0,0.0,479.23329162597656,464.2738220544204,40.20867447480444,450.9543246230684,462.291874819346,-11.337550196277618,-10.687917893026217,465.5852294921875,30.09266322339231,525.7705559389722,405.3999030454029,981703.95,422.7642211914063,513.3948364257812,-2.8103225708007358
1578,2024-03-27,447.31809872569335,471.4343669604133,447.31809872569335,452.0343933105469,1934914,0.0,0.0,480.0783331298828,464.5233357674994,36.593139388917294,449.64406799381095,462.6223659181749,-12.978297924363972,-10.525509817213365,468.39555206298826,31.93117374944038,532.2578995618691,404.5332045641075,1033688.55,422.7642211914063,514.3671875,-2.7592712402343977
1577,2024-03-26,438.9552067219699,450.5757653165506,433.0233735886535,442.4559631347656,830275,0.0,0.0,480.7668145751953,465.0330885208444,33.70379955758909,449.20946339076806,463.4694037267852,-14.25994033601711,-9.912312790425712,471.15482330322266,32.81508145458609,536.7849862123949,405.52466039405044,997001.2,422.7642211914063,514.3671875,-2.3897491455078352
1576,2024-03-22,436.6699721847286,442.5531954320291,432.0023169280291,436.281005859375,504860,0.0,0.0,481.331796875,465.95460384272513,30.843501025533698,450.437372528223,465.1504789741467,-14.7131064459237,-8.825405904027864,473.5445724487305,32.352158600217976,538.2488896491665,408.8402552482945,976319.6,422.7642211914063,514.3671875,-2.4942855834960938
1575,2024-03-21,434.6279274640892,448.2905673758768,432.6344266580892,433.7527160644531,739187,0.0,0.0,482.16808715820315,467.16577110735165,29.988488163236696,453.0112573771045,467.46003682332844,-14.44877944622391,-7.353480768553906,476.0388580322266,31.231644795332212,538.502147622891,413.57556844156215,969989.2,422.7642211914063,514.3671875,-2.8565139770507812
1574,2024-03-20,425.535681522609,437.9341729845352,418.14520224535215,429.0364379882813,628266,0.0,0.0,482.6270739746094,468.5295692723679,26.082147963381033,456.51281034304117,470.15662248403845,-13.643812140997284,-5.579656099136405,478.89537200927737,29.73738942951242,538.3701508683022,419.42059315025256,957142.75,422.7642211914063,514.3671875,-2.9926544189452784
1573,2024-03-19,436.3782501659426,438.1286134493204,419.11760628751256,422.7642211914063,630062,0.0,0.0,483.39140380859374,470.1415338145755,23.22340133238656,461.508514407543,473.44623724369904,-11.93772283615607,-3.5636170886711844,481.88802642822264,27.37342591654408,536.6348782613109,427.1411745951345,941784.6,422.7642211914063,514.3671875,-3.692807006835949
1572,2024-03-18,451.5967989878736,453.6875190013459,430.83539816651967,433.5095825195313,631992,0.0,0.0,484.1061407470703,472.07530167674565,27.990693047906532,468.5529313559315,477.50079852788247,-8.947867171950975,-1.4700906517999628,485.5808334350586,23.71482476148295,533.0104829580245,438.1511839120927,959978.4,432.9261474609375,514.3671875,-2.370298767089821
1571,2024-03-15,461.9045728988,475.22688508237286,438.08002124401975,451.5968017578125,1648188,0.0,0.0,484.3842565917969,473.6494126627544,38.38056962425933,474.9244493261861,481.02009580855054,-6.09564648236443,0.3993534782377901,487.9511322021484,20.3695446752391,528.6902215526267,447.2120428516702,967471.95,432.9261474609375,514.3671875,-1.1887969970703125
1570,2024-03-14,428.84194335937497,465.9401690322019,425.73015321507336,459.4735107421875,1300869,0.0,0.0,484.4309332275391,474.549519230303,41.78880743980234,479.1658397931631,483.37395933260956,-4.208119539446443,2.023103468388345,489.1399291992187,18.76693965298661,526.6738085051919,451.6060498932455,899606.3,432.9261474609375,514.3671875,-0.8119796752930029
1569,2024-03-13,482.617331106908,485.340154796862,420.3331583759439,432.9261474609375,1558137,0.0,0.0,484.1080859375,475.1648665155322,29.40564353012769,482.7462632569769,485.2859952198433,-2.5397319628664263,3.580909220347041,489.95190887451173,17.738983948797046,525.4298767721058,454.4739409769176,898669.0,432.9261474609375,514.3671875,-1.4610763549804346
1568,2024-03-12,490.7371381409053,499.2459362916543,467.7877680915266,480.2835083007813,1142047,0.0,0.0,484.15962463378906,476.8888958646993,45.486983079187226,491.804466128984,489.47478304055574,2.3296830884282826,5.111069516150408,491.41298522949216,13.489181977195786,518.3913491838838,464.4346212751006,855727.9,462.1476745605469,514.3671875,0.6709762573241846
1567,2024-03-11,483.2980513406679,495.8910406052474,478.9221132500582,489.76470947265625,1224603,0.0,0.0,483.00534912109373,476.7503402550633,46.33764617885712,493.8991857341118,490.2100850197377,3.689100714374149,5.80641612308094,490.742008972168,14.376491485622909,519.4949919434138,461.98902600092214,818660.7,462.1476745605469,514.3671875,0.9699981689453239
1566,2024-03-07,494.8699764684752,496.1341541821023,476.6855402145754,478.6304016113281,912627,0.0,0.0,481.7402166748047,476.2191415114881,48.83608436896126,494.65090869074015,490.24571506350424,4.405193627235917,6.3357449752576365,489.77201080322266,15.083009682275764,519.9380301677742,459.60599143867114,785145.55,462.1476745605469,514.3671875,-0.13127746582028976
1565,2024-03-06,503.7190929508632,506.1987793178709,489.32713073704457,493.7516784667969,382369,0.0,0.0,480.79306884765623,476.1207227319028,60.37323178753648,497.5637281597241,491.1749401396783,6.3887880200458085,6.818382812263065,489.90328826904295,14.99208490362798,519.8874580762989,459.919118461787,756806.6,462.1476745605469,514.3671875,0.4035583496093409
1564,2024-03-05,499.4890613060925,512.0333819383421,497.98174621344367,501.0935363769531,1100245,0.0,0.0,479.7729888916016,475.40109188558057,65.5542530286867,498.2568281038927,490.9688010735088,7.288027030383887,6.925781510317379,489.4997299194336,14.991671609517894,519.4830731384694,459.5163867003978,770761.4,462.1476745605469,514.3671875,0.5251129150390739
1563,2024-03-04,502.8438825646793,506.8308839774564,497.4955434830646,499.4890441894531,393106,0.0,0.0,478.6439971923828,474.352420681851,69.95845854923972,497.7410629633363,490.1588222492333,7.582240714102966,6.835220130300751,488.97461700439453,14.746122403851642,518.4668618120978,459.48237219669124,753988.05,462.1476745605469,514.3671875,1.1304519653320426
1562,2024-03-01,504.1080980503736,507.900542164605,494.4810103902868,501.8714599609375,821112,0.0,0.0,477.5927990722656,473.3264360488876,68.25557179864471,497.42324819495144,489.41240449401573,8.010843700935709,6.6484649843501975,487.8441650390625,14.764257023139809,517.3726790853422,458.3156509927829,789111.85,462.1476745605469,514.3671875,0.5226806640624773
1561,2024-02-29,513.8323899732092,517.6248339762417,498.85693390827385,501.4338989257813,1569275,0.0,0.0,476.28876953125,472.16133303206925,65.70024156258177,496.61448241931765,488.41568005666204,8.198802362655613,6.30787030520382,487.321484375,14.422615135471926,516.1667146459439,458.4762541040562,783227.15,462.1476745605469,514.3671875,0.4059921264648665
1560,2024-02-28,516.7983441176905,517.0900614779329,507.02542675855807,513.3948364257812,877297,0.0,0.0,474.89722106933596,470.9665344241626,66.41831695285347,495.7382248726879,487.3742225471325,8.364002325555418,5.835137290840872,486.91549224853514,14.115461478776222,515.1464152060876,458.6845692909827,768882.15,462.1476745605469,514.3671875,0.1555923461913835
1559,2024-02-27,509.6508633890412,527.8839374849922,509.6022537286096,514.3671875,1844340,0.0,0.0,473.3568896484375,469.2347669955251,64.15545254590484,492.52793186303455,485.29257343684054,7.235358426194011,5.2029210321622354,486.75989990234376,13.822329156087052,514.4045582145179,459.11524159016966,782781.5,462.1476745605469,514.3671875,0.41085052490234375
1558,2024-02-26,488.16020055947337,513.4433981980118,488.16020055947337,507.2198181152344,1201167,0.0,0.0,471.6726403808594,467.39262738309753,58.39056557983914,488.557158110859,482.96660431178776,5.590553799071245,4.694811683654292,486.3490493774414,13.059627296021418,512.4683039694843,460.22979478539855,815912.85,462.1476745605469,510.2829895019531,-0.09238128662110512
1557,2024-02-23,489.1326566419211,493.5085949220178,481.5477088269124,490.2509460449219,416643,0.0,0.0,470.4677990722656,465.7670277613777,56.976160246654814,485.1639472009726,481.026347207512,4.137599993460583,4.470876154800054,486.4414306640625,13.220576487677834,512.8825836394182,460.00027768870683,805408.55,462.1476745605469,510.2829895019531,-0.6004760742187045
1556,2024-02-22,490.882982462072,494.6754857551486,482.3256045739925,486.1667175292969,378252,0.0,0.0,469.26879150390624,464.7676841579677,47.529733952796065,484.23903832025456,480.28837930051924,3.950659019735326,4.554195195134922,487.0419067382812,13.667878787135404,514.377664312552,459.7061491640104,842532.2,462.1476745605469,510.2829895019531,0.13370819091795738
1555,2024-02-21,488.8895245810997,496.8634680310345,486.31258921323285,490.8829956054688,482258,0.0,0.0,468.07464599609375,463.89425422444407,48.8251958842554,483.88855119133774,479.81811224221707,4.070438949120671,4.705079238984821,486.90819854736327,13.689953468475606,514.2881054843144,459.52829161041205,855714.65,462.1476745605469,510.2829895019531,0.8970657348632471
1554,2024-02-20,500.8018022458509,500.8018022458509,486.215341986263,488.8895263671875,321103,0.0,0.0,466.6889318847656,462.7926729435859,40.96881021954795,482.6168340251321,478.93292157315693,3.683912451975175,4.863739311450859,486.0111328125,14.000097289267377,514.0113273910348,458.01093823396525,867157.35,462.1476745605469,510.2829895019531,0.286866760253929
1553,2024-02-19,486.4098391638306,505.0805201347464,486.3125901603534,496.620361328125,993938,0.0,0.0,465.5035388183594,461.72749525282666,45.850976732370306,481.4763445083948,478.13639318963453,3.3399513187602565,5.158696026319779,485.7242660522461,13.996793439574114,513.7178529313943,457.7306791730979,894544.95,462.1476745605469,510.2829895019531,-0.007293701171875
1552,2024-02-16,477.7065486417071,486.8473906601145,475.1782230597064,480.9155578613281,781863,0.0,0.0,464.35509826660154,460.3032966375083,36.20770237567312,478.72288690480747,476.65767573855527,2.0652111662521975,5.613382203209659,485.73155975341797,14.002806927252822,513.7371736079236,457.7259458989123,918889.8,462.1476745605469,510.2829895019531,0.39869384765626137
1551,2024-02-15,480.3807537432804,484.1246177795619,471.3857699940388,475.3727416992188,290875,0.0,0.0,463.3816961669922,459.46197985286256,36.98822044929532,478.32421945816736,476.31704516873344,2.0071742894339195,6.500424962449024,485.3328659057617,14.258333529930326,513.8495329656223,456.81619884590106,907541.75,462.1476745605469,510.2829895019531,-0.610200500488304
1550,2024-02-14,461.9045766135296,484.8539467763108,460.25143257410514,475.7131042480469,1282123,0.0,0.0,462.45983154296874,458.8125610019909,46.80510857770513,478.86085177797617,476.3925894462946,2.468262331681558,7.6237376307027995,485.94306640625,14.069536861109325,514.0821401284686,457.80399268403136,942431.6,462.1476745605469,510.2829895019531,-1.2349853515625
1549,2024-02-13,466.8639692314448,469.2950458993066,458.5010595587541,462.1476745605469,699315,0.0,0.0,461.2919415283203,458.12274291031514,45.454531434977966,479.4331695106906,476.4469482621544,2.9862212485361965,8.912606455458109,487.1780517578125,14.207676014260072,515.5934037863326,458.76269972929236,878325.45,462.1476745605469,510.2829895019531,-1.9132568359374886
1548,2024-02-12,477.2203641329916,477.4634718070277,460.9321499725685,466.8639831542969,400703,0.0,0.0,460.18142578125,457.9584599858159,43.444223352249004,482.57598677435305,477.59089015828306,4.985096616069995,10.394202757188586,489.09130859375,13.200341182485154,515.4919909587203,462.6906262287797,925698.35,466.8639831542969,510.2829895019531,-0.9797241210937386
1547,2024-02-09,483.2980626606557,488.1602162085497,464.4815224950602,470.36474609375,554300,0.0,0.0,458.81904968261716,457.59496924424525,40.17371740527005,485.43271470527236,478.44904271860196,6.983671986670402,11.746479292468232,490.07103271484374,12.149099638376956,514.3692319915976,465.77283343808983,947601.25,470.36474609375,510.2829895019531,-0.01701660156248863
1546,2024-02-08,485.6805284500345,487.86849754064207,476.1020800514618,481.2559509277344,345848,0.0,0.0,457.31567138671875,457.0737538626328,52.822711324662876,488.1723453619128,479.0957864485901,9.076558913322685,12.937181118917687,490.0880493164062,12.12024945880507,514.3285482340164,465.8475503987961,970231.6,470.705078125,510.2829895019531,0.15802154541012214
1545,2024-02-07,492.97374152172296,499.0514332276509,473.5737377259092,485.6805114746094,661465,0.0,0.0,455.60905517578124,456.086725410996,49.39796181355574,489.4298716226725,478.92297329025854,10.506898332413982,13.902336670316437,489.9300277709961,12.261243760948517,514.4525152928932,465.40754024909904,1033215.45,470.705078125,510.2829895019531,1.4489227294922102
1544,2024-02-06,480.1862579293372,493.50857011626806,475.61585153892406,490.5912780761719,764778,0.0,0.0,454.04830444335937,454.8788157757465,47.031161038241265,490.1115734677749,478.38237023551045,11.729203232264467,14.75119625479205,488.4811050415039,14.327882261125415,517.1368695637548,459.8253405192531,1028589.05,456.7020568847656,510.2829895019531,1.1669174194335596
1543,2024-02-05,494.91861200477166,495.5506860186117,472.9902821192068,476.8800048828125,1095582,0.0,0.0,452.1967962646484,453.42116425328015,42.243588905373805,490.0243544480664,477.40565760825757,12.61869683980882,15.506694510423944,487.31418762207034,15.077736576320527,517.4696607747114,457.1587144694293,1036666.35,456.7020568847656,510.2829895019531,0.918946838378929
1542,2024-02-02,496.6203567170066,498.0790027269337,483.2980446225141,491.4178466796875,703418,0.0,0.0,450.6739697265625,452.46366055411556,51.6409232686189,492.41423618720347,477.4477098262932,14.96652636091028,16.228693928077725,486.3952407836914,16.260800597687048,518.9168419790655,453.8736395883173,1004416.55,456.7020568847656,510.2829895019531,2.2001235961914176
1541,2024-02-01,514.1727056892636,516.7982803122106,486.7015398533833,493.3140563964844,1282375,0.0,0.0,448.9692987060547,450.87369377348,56.85233730195214,492.59539791584274,476.33009887802166,16.26529903782108,16.544235819869584,484.1951171875,18.383705018973508,520.962527225447,447.427707149553,1010371.6,447.4153747558594,510.2829895019531,1.969171142578091
1540,2024-01-31,505.6153341983438,522.3897631052685,504.740122862217,510.2829895019531,1155284,0.0,0.0,447.29185607910154,449.1414340745818,60.35671143463643,492.4647327375443,474.97138227654466,17.493350460999636,16.61397001538171,482.2259460449219,19.43475293649247,521.0954519179069,443.356440171937,1009738.25,447.4153747558594,510.2829895019531,3.347592163085949
1539,2024-01-30,509.1646884169848,526.4740022786541,488.69503414743616,506.1501770019531,2506967,0.0,0.0,445.20015808105467,446.64586038366866,64.31992895872351,489.2250496894699,472.146453698512,17.078595990957922,16.39412490397723,478.87835388183595,20.10232129936812,519.0829964805722,438.6737112830997,975610.35,443.3311462402344,509.06744384765625,3.532354736328159
1538,2024-01-29,502.260429316742,512.422341451241,496.912060756738,509.06744384765625,991081,0.0,0.0,442.9538427734375,444.2171127665958,61.5965552718201,486.147753814473,469.42615583423674,16.721597980236254,16.223007132232055,475.3459991455078,21.233134932050287,517.8122690096084,432.8797292814072,894729.85,435.5030822753906,509.06744384765625,4.32488555908202
1537,2024-01-25,486.2153606285546,512.6654881172401,483.4439271377257,502.2604675292969,1159116,0.0,0.0,440.60445068359377,441.57016047757287,62.00641589007915,481.9805374448033,466.2548527931632,15.725684651640108,16.098359420231006,471.02111358642577,22.757509033216603,516.536131652859,425.5060955199926,891383.35,422.5697326660156,502.2604675292969,3.7876190185546648
1536,2024-01-24,472.9902843929776,492.0499319615154,471.43438934480986,483.4925537109375,641901,0.0,0.0,438.2890930175781,439.09300508770656,60.33426968895009,478.2932774294409,463.37440361427247,14.91887381516841,16.19152811237873,467.2334945678711,23.573816051064657,514.3811266700004,420.0858624657418,857675.55,422.5697326660156,500.4128112792969,2.6109771728515625
1535,2024-01-23,496.523125584042,496.62037459011617,470.6564628084944,472.9416809082031,711112,0.0,0.0,436.40549438476563,437.280778613289,55.574578332099016,477.34795446916877,461.7649516065393,15.583002862629485,16.50969168668131,464.62251739501954,24.549870460493775,513.7222583160071,415.522776474032,868507.25,422.5697326660156,500.4128112792969,1.5097000122070199
1534,2024-01-19,499.3431561114912,502.45494617001947,479.408327094382,483.1521911621094,868855,0.0,0.0,434.7183270263672,435.8252315808435,61.65008392557408,478.14909511661705,460.87081326240616,17.27828185421089,16.741363892694267,463.1128173828125,24.936701730606373,512.9862208440253,413.23941392159975,881385.7,422.5697326660156,500.4128112792969,1.9254119873046989
1533,2024-01-18,475.4213693444586,498.37074009173375,469.3436773921204,496.7662353515625,1480835,0.0,0.0,432.83366455078124,433.89351894487345,68.5512618274666,477.2394412901639,459.08830303042987,18.15113825973401,16.60713440231511,461.1874053955078,24.794227949941327,510.7758612953905,411.59894949562516,882974.1,422.5697326660156,500.4128112792969,2.491854858398426
1532,2024-01-17,487.0905358432144,487.0905358432144,471.0454291565612,472.9416809082031,554902,0.0,0.0,430.6441064453125,431.32728562215146,66.33041944135431,473.6891150971823,456.0740684447393,17.615046652443027,16.221133437960386,458.6955505371094,23.500928630227044,505.69740779756347,411.6936932766553,1124856.8,422.5697326660156,500.4128112792969,1.8135848999023665
1531,2024-01-16,494.5296253452506,504.69153812795287,484.6108499161041,487.5767517089844,988672,0.0,0.0,428.73439819335937,429.628738875782,71.2737380326466,473.8250122224513,454.72465944766213,19.100352774789144,15.872655134339725,456.88196563720703,23.742002396523198,504.3659704302534,409.39796084416065,1133420.7,422.5697326660156,500.4128112792969,2.786013793945301
1530,2024-01-15,500.4128112792969,500.4128112792969,500.4128112792969,500.4128112792969,0,0.0,0.0,426.3737158203125,427.26351386218187,75.52046899827582,471.3246959521726,452.09649206675635,19.228203885416235,15.06573072422737,454.09595184326173,23.213923531757395,500.5237989067765,407.66810477974695,1116573.2,422.5697326660156,500.4128112792969,3.201727294921909
1529,2024-01-12,489.03538996778383,506.1015664493979,484.8053105145856,500.4128112792969,1646773,0.0,0.0,423.7304132080078,424.27782825332,69.62277706018955,466.0359477108773,448.23118652975313,17.80476118112415,14.025112433930152,450.8942245483398,20.777622655622146,492.4494698595841,409.33897923709554,1172353.1,422.5697326660156,500.4128112792969,3.512904357910145
1528,2024-01-11,473.28204124764926,488.25746833563767,473.28204124764926,486.4584655761719,838761,0.0,0.0,421.23195373535157,421.1702779257291,65.50108380358492,459.7856088802555,444.0566565497896,15.728952330465916,13.080200247131652,447.3813201904297,17.672025122616073,482.72537043566183,412.0372699451975,1134257.95,422.5697326660156,486.4584655761719,1.9740356445312273
1527,2024-01-10,486.2153599788164,489.5702578331624,467.3502099468844,470.705078125,1006907,0.0,0.0,418.61833923339844,418.50545393999676,59.79175998556164,454.935998571907,440.664511827679,14.271486744228014,12.418012226298085,445.40728454589845,15.094286488721028,475.5958575233405,415.2187115684564,1204520.65,422.5697326660156,478.0955200195313,2.0202255249023438
1526,2024-01-09,459.4734791287137,484.27046054200935,459.4734791287137,478.0955200195313,1605525,0.0,0.0,416.33705810546877,416.3748570344864,66.66666666666669,452.06889319861733,438.2612665238933,13.80762667472402,11.954643596815604,443.3870590209961,14.20807872514268,471.8032164712815,414.97090157071074,1177285.9,422.5697326660156,478.0955200195313,2.5818038940429915
1525,2024-01-08,470.7050525562656,474.4975558990757,454.1737312149685,456.7020568847656,568937,0.0,0.0,413.63842529296875,413.8556463004029,61.53498267499838,447.33677923117847,435.0745262442423,12.262252986936176,11.491397827338501,440.8052551269531,12.104964709223289,465.0151845453997,416.59532570850655,1113265.85,422.5697326660156,467.2529296875,1.7552383422851676
1524,2024-01-05,461.4183457579995,469.6840063247919,459.9596997756244,467.2529296875,926324,0.0,0.0,411.4137042236328,412.10681321532684,65.18412591780799,445.6340014759808,433.3443237930004,12.289677682980425,11.298684037439081,439.05001678466795,12.223130845257083,463.4962784751821,414.60375509415377,1103819.8,421.5972900390625,467.2529296875,1.88165283203125
1523,2024-01-04,449.6519429438302,460.8348958246896,448.33915558344,458.5010681152344,450586,0.0,0.0,408.93959716796877,409.8559513185034,64.29622652254282,441.70328725570465,430.6316353214404,11.071651934264253,11.050935626053743,437.1683639526367,10.416092288403352,458.0005485294434,416.33617937583,1118773.8,421.5972900390625,458.5010681152344,0.9651367187499886
1522,2024-01-03,454.514107054875,460.7376576518001,446.0053383585473,447.4153747558594,822519,0.0,0.0,406.8534759521484,407.8704363472082,50.2086366858368,438.6491452812447,428.40208069793687,10.24706458330786,11.045756549001116,436.2032272338867,9.153116597158167,454.50946042820306,417.89699403957036,1147378.0,421.5972900390625,453.9306335449219,0.7584960937500114
1521,2024-01-02,444.40082466761794,458.6955676598034,441.4835326019662,453.9306335449219,1269708,0.0,0.0,404.91904418945313,406.25635722848773,60.270502140555635,437.05528537676935,426.8810171733031,10.174268203466227,11.24542954042443,435.4447311401367,8.796700112968878,453.0381313660745,417.8513309141989,1144306.75,421.5972900390625,453.9306335449219,1.2325561523437045
1520,2024-01-01,435.5030910455527,445.51911529571765,434.8223776911327,443.3311462402344,472726,0.0,0.0,402.97996643066404,404.31046839924556,57.79076492253371,433.987040255287,424.7170478635736,9.269992391713402,11.51321987466398,434.212174987793,7.732890074376686,449.67795513654636,418.7463948390396,1120040.1,421.5972900390625,446.9777526855469,1.3006271362305029
1519,2023-12-29,424.8063448862166,436.6213716126494,421.4514471982113,435.5030822753906,889357,0.0,0.0,401.4543157958984,402.71778767104195,56.60204750188138,432.2881118943875,423.22791999344076,9.060191900946734,12.074026745401625,432.9115478515625,8.286192353224038,449.48393255801057,416.3391631451144,1149072.55,417.318603515625,446.9777526855469,1.444059753417946
1518,2023-12-28,427.48052531908775,429.66849431047456,420.3331540119784,422.5697326660156,924151,0.0,0.0,400.16772094726565,401.3796123810685,46.4890953583579,431.70357182511424,422.2459070108848,9.457664814229418,12.827485456515348,431.46748809814454,10.123663590253583,451.7148152786517,411.2201609176374,1128450.75,406.6218872070313,446.9777526855469,1.1912277221679801
1517,2023-12-27,434.6764986472002,436.62135993868657,424.9521921897684,426.5080871582031,484960,0.0,0.0,399.28079895019533,400.5147095122951,44.01649459139942,433.36426985404125,422.2200009584743,11.144268895566938,13.66994061708683,430.27626037597656,12.376722139437941,455.0297046548524,405.5228160971007,1093661.4,398.74517822265625,446.9777526855469,1.56561279296875
1516,2023-12-26,442.7476805051644,444.6439322178098,428.647435525048,431.2730102539063,858535,0.0,0.0,398.02446411132814,399.4537553226662,49.550758191596266,434.6108485260118,421.876954062496,12.73389446351581,14.301358547466801,428.7106475830078,14.650123538023808,458.01089465905545,399.4104005069602,1084260.7,395.1958312988281,446.9777526855469,1.767393493652321
1515,2023-12-22,444.8384303856068,446.8805110907522,432.4399391055375,442.7476806640625,968681,0.0,0.0,396.1260699462891,398.1550102234319,56.752803256830376,435.21772821184913,421.1252695671832,14.092458644665953,14.693224568454548,426.9432540893555,16.357432655853255,459.658119401062,394.228388777649,1061939.05,395.1958312988281,446.9777526855469,1.7552352905273665
1514,2023-12-21,442.3101235986135,447.3181359242585,431.0299211922338,444.6439514160156,900623,0.0,0.0,393.7794793701172,396.3349012258551,62.44465971649875,433.8486459478104,419.3954766794329,14.453169268377508,14.843416049401695,425.1880187988281,16.455442739727594,458.0989042782833,392.2771333193729,1032502.7,395.1958312988281,446.9777526855469,2.3314041137695085
1513,2023-12-20,452.1802578230675,475.5185937107097,440.5110898792464,446.92913818359375,6318489,0.0,0.0,391.35083862304685,394.3631032589098,67.05059249023532,431.8858631354094,417.37559870050626,14.51026443490315,14.940977744657742,422.8566146850586,16.852196201804123,456.5610070886669,389.15222228145035,1011055.7,395.1958312988281,446.9777526855469,2.3095230102539404
1512,2023-12-19,433.94718888957607,441.775243955916,430.30057385689054,436.66998291015625,726180,0.0,0.0,388.8304510498047,392.2175508130043,66.37279464232073,429.1507222175577,415.0113155418593,14.13940667569841,15.048656072096389,420.5470916748047,16.54176949983424,453.63063067447314,387.4635526751362,709230.55,395.1958312988281,446.9777526855469,1.5242843627929688
1511,2023-12-18,438.6148513271305,438.6148513271305,428.45296841140686,431.8564758300781,651722,0.0,0.0,386.51524658203124,390.40316582944706,66.00169648118685,427.78358390981253,413.27862215239554,14.504961757416993,15.275968421195882,419.0228073120117,16.38170683365727,451.78622097932623,386.2593936446972,690800.25,395.1958312988281,446.9777526855469,1.1207275390625
1510,2023-12-15,435.746191377392,439.5386650744255,426.5080999654295,436.3782653808594,1115598,0.0,0.0,384.25890258789065,388.7111939926866,68.26163146322513,427.0430581061279,411.79239385818096,15.25066424794693,15.468720087140603,417.9020797729492,16.22346531524976,450.34901040344874,385.45514914244967,701008.55,395.1958312988281,446.9777526855469,1.5340087890625114
1509,2023-12-14,446.9777632839808,448.77676600603314,427.8695060512559,430.15472412109375,884870,0.0,0.0,381.96104309082034,386.76559924214894,59.682124587568126,425.3457476925404,409.8255241363667,15.520223556173676,15.523234046939022,416.3680709838867,15.83021759351366,448.028506170914,384.7076357968594,706317.0,395.1958312988281,446.9777526855469,1.8160156249999773
1508,2023-12-13,432.4885416003427,459.7166004307185,431.27300325970094,446.9777526855469,2244015,0.0,0.0,379.64952575683594,384.9946145532124,72.44758187843647,424.4713883418943,408.1991881375885,16.27220020430576,15.523986669630357,414.5520553588867,16.24330750712543,447.03867037313756,382.0654403446359,710881.3,393.83441162109375,446.9777526855469,2.7689956665038835
1507,2023-12-12,428.7446726336213,434.57925660144434,425.9732393136596,430.3005676269531,462212,0.0,0.0,377.097470703125,382.46469054781096,65.54189433583497,420.3793220975938,405.09690297375187,15.282419123841919,15.336933285961505,411.78305969238284,15.105208550693353,441.99347679376956,381.5726425909961,637444.75,391.5978393554688,439.1983337402344,2.190399169921875
1506,2023-12-11,423.4935405791597,431.66195195933307,423.0073252627657,426.4594421386719,325124,0.0,0.0,374.85114196777346,380.5122057690705,60.48262194929534,418.57545927407386,403.08060980149577,15.494849472578096,15.3505618264914,409.59266052246096,15.450995982968786,440.4946524883985,378.6906685565234,631785.55,386.4925842285156,439.1983337402344,1.8573410034180142
1505,2023-12-08,432.63438368431486,435.6489245888134,420.13864408619816,421.5972900390625,380016,0.0,0.0,372.6701251220703,378.63680836622956,56.39057452549655,417.142007844147,401.21030321452173,15.931704629625244,15.314489914969727,407.73531951904295,15.549123491832374,438.8335665027077,376.6370725353782,651318.7,386.4925842285156,439.1983337402344,1.6506988525390511
1504,2023-12-07,439.4900684309357,442.4559702068854,418.1452026131005,429.619873046875,1225404,0.0,0.0,370.563330078125,376.8833193183588,63.16914732656913,416.33195653598045,399.5793442685585,16.752612267421966,15.160186236305845,406.0846206665039,15.751154643293273,437.5869299530904,374.58231137991737,669240.4,386.4925842285156,439.1983337402344,2.0350402832031023
1503,2023-12-06,432.3913186229348,442.3587336161235,423.25047568637865,439.1983337402344,1022670,0.0,0.0,368.3219818115234,374.7308069212765,74.3603080786578,413.9159717158179,397.1761019662931,16.739869749524757,14.762079728526814,404.0495803833008,15.168872065731772,434.3873245147643,373.71183625183727,721537.45,386.4925842285156,439.1983337402344,2.5955001831054574
1502,2023-12-05,428.8419453778605,435.9406777279089,425.97326289769785,432.2454528808594,761094,0.0,0.0,365.81328552246094,372.0994792960129,72.9922889561349,409.3191786204694,393.81432342437785,15.504855196091569,14.267632223277328,401.45408020019534,13.144082399596977,427.7422449993893,375.16591540100137,748736.05,386.4925842285156,432.2454528808594,2.7394592285156705
1501,2023-12-04,421.84039248930907,431.61333805856793,420.5276348889224,429.2795104980469,784375,0.0,0.0,363.4541979980469,369.6445415986722,73.63048423175923,405.15076511858035,390.7398330678593,14.410932050721044,13.958326480073767,398.71462097167966,12.053094704283312,422.8208103802463,374.608431563113,759569.5,377.4562683105469,429.2795104980469,2.986843872070267
1500,2023-12-01,409.3932997292707,421.2569654161446,406.7677251289243,417.318603515625,1053375,0.0,0.0,361.1937585449219,367.21046123543243,67.20428575499388,400.76372050413187,387.6566588734443,13.107061630687554,13.845175087411945,395.7277770996094,11.467648838756912,418.6630747771232,372.7924794220956,736621.55,369.5426330566406,417.318603515625,2.4535461425781477
1499,2023-11-30,399.66901370674617,408.0805332424573,398.7451926804845,406.6218872070313,476921,0.0,0.0,359.2416009521484,365.1652309382817,62.62762470219478,397.75374177476954,385.28370330206985,12.470038472699684,14.029703451593042,393.27423095703125,11.848221206038398,416.97067336910806,369.57778854495444,712113.7,368.2476806640625,409.4419250488281,1.5566024780273438
1498,2023-11-29,397.2379225778584,400.1552145429344,394.8068459402949,398.74517822265625,228364,0.0,0.0,357.5647686767578,363.47312251914906,57.69057694016398,396.14135169617646,383.57664858967297,12.564703106503487,14.419619696316381,391.7176284790039,12.045726610146065,415.80908169929603,367.6261752587118,809968.45,368.2476806640625,409.4419250488281,2.14837188720702
1497,2023-11-28,398.4048704206892,401.8083778771834,391.8409631831646,395.1958312988281,296946,0.0,0.0,356.0742468261719,362.03344677614876,56.380569174359835,395.66792869136196,382.3631662190343,13.304762472327639,14.883348843769603,389.5692565917969,14.339621445004495,418.2484994818059,360.8900137017879,818699.6,355.7777404785156,409.4419250488281,1.927740478515659
1496,2023-11-24,407.78880639615375,410.7547080618629,392.9592387151502,395.9251403808594,412102,0.0,0.0,354.5424822998047,360.6798800609373,62.99375977986608,395.7537645809136,381.3365530126508,14.417211568262758,15.277995436630093,387.6415161132812,16.034759548460816,419.71103521020285,355.5719970163596,823843.35,355.7777404785156,409.4419250488281,2.638063049316372
1495,2023-11-23,398.9397079288772,409.2474796265757,398.9397079288772,407.6429748535156,379954,0.0,0.0,353.07670654296874,359.24129800706294,78.32147970970574,395.7226053445598,380.16946602319416,15.55313932136562,15.493191403721926,385.00345306396486,18.716177868072997,422.43580880011086,347.57109732781885,835503.1,343.16387939453125,409.4419250488281,3.1088485717773438
1494,2023-11-22,402.5863052494561,410.4629997656696,393.8344290483809,398.015869140625,471683,0.0,0.0,351.2835296630859,357.2657193602689,75.2564368125609,393.55526543384053,377.9715853167685,15.58368011707205,15.478204424311,381.8946044921875,19.88516261808097,421.6649297283494,342.1242792560256,839363.0,343.16387939453125,409.4419250488281,2.723414611816395
1493,2023-11-21,407.1567262226319,410.31712584442425,399.86349632618806,400.7386779785156,281986,0.0,0.0,349.70303833007813,355.60244794066256,69.89625667934804,392.74424657806156,376.36804261085996,16.376203967201604,15.451835501120739,379.1711898803711,21.24448381977809,421.6601575199273,336.68222224081495,845209.7,343.16387939453125,409.4419250488281,2.327183532714855
1492,2023-11-20,408.6639819491125,413.52613521442015,404.8715083374181,406.1842956542969,357574,0.0,0.0,347.95586181640624,353.7601528370767,82.42925815599611,391.2907135961608,374.4183917814475,16.872321814713303,15.220743384600521,376.84400634765626,21.30674621473504,419.4574987771263,334.2305139181862,853673.6,343.16387939453125,409.4419250488281,2.7745254516601676
1491,2023-11-17,405.2604850044568,412.45646608548685,400.83593729061664,409.4419250488281,855888,0.0,0.0,346.0191973876953,351.6203919057616,85.04948553518446,388.5827895855906,371.8771194716195,16.70567011397111,14.807848777072325,374.0694808959961,20.893958880669963,415.85739865733603,332.28156313465615,868659.75,343.16387939453125,409.4419250488281,2.623258972167946
1490,2023-11-16,394.80685416592,409.4905632979771,393.8344234906344,405.6980895996094,1221767,0.0,0.0,343.911865234375,349.2603293284936,86.76032071620453,384.79021950136564,368.87193502544284,15.918284475922803,14.333393442847628,371.44622192382815,19.46375156960285,410.3737250630338,332.5187187846225,862010.1,343.16387939453125,405.6980895996094,1.9324737548828352
1489,2023-11-15,392.8619809751157,403.3642200811869,389.2639757145058,393.83441162109375,976156,0.0,0.0,341.88420654296874,346.9567472766113,82.03413015638951,380.98878857441224,365.92584265950956,15.062945914902684,13.937170684578835,369.5137481689453,17.72505555420391,404.96385927735315,334.0636370605375,830907.4,343.16387939453125,393.83441162109375,1.1330535888671989
1488,2023-11-13,388.972264698264,400.9331499672441,385.2284007152974,391.5978393554688,775284,0.0,0.0,339.9911834716797,345.04337322173444,81.95809935783856,378.65322074774286,363.69315714258283,14.96006360516003,13.65572687699787,368.3806945800781,16.788087347035596,401.9568692741493,334.8045198860069,824439.35,343.16387939453125,391.5978393554688,0.6687103271484034
1487,2023-11-10,386.0549785536181,388.9722705829906,381.2900741742223,386.4925842285156,349028,0.0,0.0,338.1496063232422,343.1431909305616,70.0061436556831,376.29965372815633,361.46078256555194,14.838871162604391,13.329642694957329,367.7119842529297,16.065428410353025,399.8428410736358,335.58112743222364,980011.65,343.16387939453125,389.3126220703125,1.1400619506836165
1486,2023-11-09,390.2850527338196,391.9381670560444,377.351707103438,389.3126220703125,715787,5.5,0.0,336.5041387939453,341.37382793880835,73.72154734741841,374.4463936371819,359.45823843251486,14.988155204667066,12.952335578045563,366.5719223022461,15.460172239728045,397.4922667817022,335.65157782279,1417141.05,343.16387939453125,389.3126220703125,2.6479660034179915
1485,2023-11-08,391.3650686509897,395.6815951434639,384.69842158106326,388.5833129882813,738450,0.0,0.0,334.68812255859376,339.4171424640531,68.17430758626307,371.74344301297634,357.0698877414911,14.67355527148527,12.443380671390187,363.9239562988281,15.88960715583084,395.7031706104898,332.1447419871664,1421047.55,336.3533020019531,388.9190673828125,3.158258056640591
1484,2023-11-07,387.2883678090254,397.9837558889016,379.90229930185336,388.9190673828125,2271345,0.0,0.0,332.86462951660155,337.41035999367637,61.309562322994886,368.68164847201183,354.5488137217479,14.132834750263953,11.885837021366417,360.7656982421875,16.970925478302643,394.7075491987928,326.82384728558225,1400760.05,325.41815185546875,388.9190673828125,3.2853576660156136
1483,2023-11-06,379.4706272265674,390.2139639582427,371.5090167470392,387.288330078125,1566642,0.0,0.0,331.0977313232422,335.3079637737116,58.123778485592894,365.00211776095716,351.79919342886274,13.202924332094426,11.324087589142032,357.4803405761719,17.58294169236546,392.64622396090283,322.31445719144097,1386419.85,323.2119140625,387.288330078125,3.3189285278320426
1482,2023-11-03,371.5090422085244,379.8543386301818,366.1373881111975,377.4562683105469,977763,0.0,0.0,329.31932250976564,333.1863161694498,49.60199891671529,360.9500791578357,348.96006249692175,11.990016660913966,10.854378403403931,354.16141204833986,17.92179261718924,390.00499728271836,318.31782681396135,1337119.85,320.9097595214844,378.2236328125,2.8273254394531477
1481,2023-11-02,370.8855465693468,374.8663374108155,366.0414562749469,369.5426330566406,325416,0.0,0.0,327.7241259765625,331.3793793473642,52.839852941132904,357.94895385734276,346.68036603183174,11.26858782551102,10.570468839026422,351.3340866088867,18.5042940199176,388.3426746487219,314.3254985690515,1312916.45,320.9097595214844,378.2236328125,2.5251678466796648
1480,2023-11-01,375.10615607693927,375.5857701515925,361.1973479119965,368.2476806640625,563218,0.0,0.0,326.3754516601563,329.82169552249576,62.356026748504604,355.8410121847432,344.851384669847,10.989627514896199,10.395939092405271,348.80891876220704,19.31680917019096,387.442537102589,310.1753004218251,1342539.2,319.0392761230469,378.2236328125,2.3381195068359375
1479,2023-10-31,360.3340166598165,378.1756645183914,357.12059678831946,375.4898376464844,2434016,0.0,0.0,325.0027966308594,328.2532879656971,68.85839055506399,353.5852542794124,342.9796809903097,10.605573289102722,10.24751698678254,346.4707992553711,19.666993927723354,385.8047871108178,307.1368113999244,1346341.5,319.0392761230469,378.2236328125,3.0455490112304915
1478,2023-10-30,356.7369686972624,363.0678807956556,353.139862876962,355.7777404785156,402987,0.0,0.0,323.59273193359377,326.32526552974656,64.12819527658965,349.6026027581266,340.3788684578157,9.223734300310866,10.158002911202493,343.4252502441406,19.652917745182393,382.7310857345054,304.1194147537758,1238969.25,314.578857421875,378.2236328125,1.8201370239257812
1477,2023-10-27,344.36291286763304,361.341263177956,343.97922745447806,356.6410217285156,399821,0.0,0.0,322.5011297607422,325.1231236951029,65.31032769307214,348.47985044532857,339.1469586961597,9.33289174916888,10.3915700639254,341.60511322021483,20.128637478631763,381.86238817747835,301.3478382629513,1260328.75,314.578857421875,378.2236328125,1.9328445434570085
1476,2023-10-26,342.3485295916201,346.8089347479541,330.93372017082675,343.16387939453125,645297,0.0,0.0,321.4047314453125,323.83667887741257,60.78068502794581,346.9960011211128,337.7474336535712,9.24856746754159,10.656239642614528,339.6722686767578,20.46207453419381,380.59641774514546,298.7481196083702,1266954.05,314.578857421875,378.2236328125,1.2877639770508154
1475,2023-10-25,345.32212505386013,348.9192305231712,338.9432638762791,345.46600341796875,457152,0.0,0.0,320.673798828125,323.0478135501832,62.85580757597305,347.69275052594577,337.3141179942944,10.378632531651363,11.008157686382761,338.384504699707,21.033239700243318,380.45098410019364,296.3180252992204,1250475.5,314.578857421875,378.2236328125,1.4604232788085483
1474,2023-10-23,354.9144370258709,361.6290344831171,337.6483292786664,343.5475769042969,588617,0.0,0.0,319.9208050537109,322.1327853923144,60.67782791394961,348.09761363648704,336.6619671604004,11.435646476086617,11.165538975065608,336.92408142089846,21.523970222495493,379.9720218658895,293.87614097590745,1234185.7,314.578857421875,378.2236328125,1.2997558593750114
1473,2023-10-20,350.69383030350474,357.2165702524152,348.2477808676726,354.19500732421875,451264,0.0,0.0,319.11217529296874,321.25871226937636,69.894042860996,348.92489304233976,336.1111183808887,12.813774661451077,11.098012099810354,335.62432556152345,21.88480164501004,379.39392885154354,291.85472227150336,1216150.3,314.578857421875,378.2236328125,2.021574401855503
1472,2023-10-19,356.8328403859739,356.8328403859739,347.33648839165585,350.6937866210937,657297,0.0,0.0,317.9735711669922,319.9143736957093,65.52544089811052,347.96669044563447,334.6644072654223,13.302283180212157,10.669071459400172,333.60275115966795,21.946388848592317,377.49552885685256,289.70997346248333,1205042.6,313.7635192871094,378.2236328125,1.8201354980468523
1471,2023-10-18,366.4251486168768,368.2956551947986,353.33169039138266,356.97674560546875,722895,0.0,0.0,316.9078686523437,318.6580711273262,70.3148531147608,347.47085477736914,333.3820569169686,14.088797860400518,10.010768529197176,331.7826156616211,21.963863983448576,375.7103436285182,287.85488769472397,1183499.65,313.7635192871094,378.2236328125,2.0359603881835824
1470,2023-10-17,370.50184140270005,375.5857384556625,365.70570106091753,367.0486145019531,599713,0.0,0.0,315.73569152832033,317.09404359760606,78.70215613256958,345.74251099044193,331.4944818218886,14.24802916855333,8.99126119639634,329.7466552734375,21.385184571794078,372.51702441702565,286.97628612984937,1171108.1,313.7635192871094,378.2236328125,2.3668945312500114
1469,2023-10-16,374.1469236539784,381.628920697098,368.34360512629047,371.17333984375,846795,0.0,0.0,314.39277282714846,315.0550815198776,82.88343735415191,341.868673988349,328.6501512074835,13.218522780865499,7.677069203357094,327.3797607421875,19.58307032871996,366.54590139962744,288.21362008474756,1187867.25,313.7635192871094,378.2236328125,2.4196533203124773
1468,2023-10-13,362.5882262978717,381.7727885358543,359.9982986864165,378.2236328125,3886730,0.0,0.0,312.9750329589844,312.76454036380113,89.01917482578426,336.5405529237306,325.24829611658214,11.292256807148476,6.291705808979993,324.960107421875,16.658520019597866,358.27714746107074,291.6430673826793,1167639.3,313.7635192871094,378.2236328125,2.700227355957054
1467,2023-10-12,338.9432707904692,376.01743272912313,337.7921853074807,363.69134521484375,9091616,0.0,0.0,311.47480041503906,310.0927406720175,87.25846849107803,328.9618111257725,321.0102691809087,7.951541944863777,5.0415680594378705,322.25988006591797,10.97926494594245,344.21840995780286,300.3013501740331,1005366.95,313.7635192871094,363.69134521484375,2.2541870117187273
1466,2023-10-11,329.0152134459416,340.0463357626423,329.0152134459416,336.3533020019531,793917,0.0,0.0,310.26905029296876,307.9050425274124,77.4463836233244,322.647350382305,317.5957830981939,5.051567284111059,4.314074588081393,320.00569305419924,5.054891031924618,330.1154751180485,309.89591099035,602123.75,313.7635192871094,336.3533020019531,0.6858474731445767
1465,2023-10-10,322.78027442701614,328.00807958545937,320.3822040375138,325.41815185546875,332700,0.0,0.0,309.6609002685547,306.7438890794719,64.66974682072004,320.15535917873257,316.0951815858932,4.060177592839352,4.129701414073977,319.31984558105466,3.3697950854167233,326.0594357518881,312.58025541022124,610893.5,313.7635192871094,325.41815185546875,0.371701049804642
1464,2023-10-09,319.42295142782774,332.564387865567,314.91456773138106,323.2119140625,1984541,0.0,0.0,309.2330847167969,305.98167427228833,55.39146347308993,319.1984877829624,315.3493439643272,3.8491438186351843,4.147082369382632,318.94814453125,3.057229743867074,325.0626040189842,312.83368504351586,620804.4,313.7635192871094,324.2190856933594,0.211030578613304
1463,2023-10-06,320.9097595214844,323.8833725822924,318.5116891939488,320.9097595214844,580642,0.0,0.0,308.7582672119141,305.2783991788103,47.186109823113256,318.46877391395554,314.72033835647335,3.748435557482196,4.221567007069494,318.7371139526367,2.888433142184656,324.513980237006,312.9602476682674,628250.15,313.7635192871094,324.2190856933594,0.376495361328125
1462,2023-10-05,319.4229676277401,321.9649163202639,317.7922680956881,320.9097595214844,493695,0.0,0.0,308.3966381835937,304.640384470946,45.228213211389615,318.0249583489503,314.2251846632725,3.799773685677792,4.339849869466318,318.3606185913086,3.0750503879475803,324.51071936720376,312.2105178154134,638145.55,313.3798522949219,324.2190856933594,0.5779342651367188
1461,2023-10-04,321.38936743505536,326.5212436924126,317.02489123181186,319.0392761230469,917871,0.0,0.0,308.0407647705078,303.97632834643423,50.561823637026585,317.50044904485316,313.69041867461556,3.810030370237598,4.474868915413449,317.7826843261719,3.6103387572706374,325.0033618407131,310.5620068116306,683131.65,309.35107421875,324.2190856933594,0.748197937011696
1460,2023-10-03,316.5452716874905,322.44451862336643,305.03453453521814,321.4852905273437,639264,0.0,0.0,307.651318359375,303.36151415147043,48.56116150788497,317.2206623033634,313.26251007874106,3.9581522246223244,4.641078551707411,317.0344863891602,4.7171203047474055,326.468726998655,307.6002457796654,666155.6,304.0753173828125,324.2190856933594,0.8585067749023665
1459,2023-09-29,321.34140360940256,322.1087743564562,312.37261529579007,314.578857421875,286571,0.0,0.0,307.1937664794922,302.62176817694495,45.48916435702482,316.44527535354877,312.60468764285287,3.8405877106958997,4.811810133478683,316.1759796142578,5.380296951960551,326.93657351817893,305.4153857103367,699875.1,304.0753173828125,324.2190856933594,0.7697799682617301
1458,2023-09-28,317.9841075787898,322.6843193022139,314.4829309518166,319.375,830177,0.0,0.0,306.6009631347656,302.1337237179682,50.5649836836415,316.78462406839856,312.4467540605311,4.33787000786748,5.054615739174378,315.4061996459961,6.586888384394047,328.5799764147842,302.23242287720797,779422.95,299.1832580566406,324.2190856933594,0.9928009033203011
1457,2023-09-27,317.5045167856806,319.7587087867082,311.8930262687924,317.984130859375,532327,0.0,0.0,305.9419738769531,301.42999815543635,56.03015858677988,316.3136466262892,311.8924943853736,4.421152240915603,5.233802172001102,314.4133987426758,7.403036755632023,329.21947225393984,299.6073252314117,785796.9,299.1832580566406,324.2190856933594,0.6882461547851335
1456,2023-09-26,316.4493716706562,321.1975628851387,314.8187013237878,317.4085998535156,315726,0.0,0.0,305.3098419189453,300.7543192695613,59.677467831451686,316.0099222202736,311.4051634674535,4.604758752820089,5.436964654772477,313.72515258789065,7.687966870291209,329.10108632847306,298.34921884730824,874706.6,299.1832580566406,324.2190856933594,0.9448394775390625
1455,2023-09-25,317.55247244643084,319.1352223379977,313.667610085888,316.2575378417969,131356,0.0,0.0,304.66044372558594,300.0745527151141,63.31243692894222,315.7556171960478,310.92488855656853,4.830728639479275,5.645016130260574,312.7803131103516,8.344602492300364,329.4695180949523,296.09110812575085,867992.6,298.5118103027344,324.2190856933594,0.94244384765625
1454,2023-09-22,316.3534245581119,319.4229662736731,314.722754306292,317.5524597167969,227909,0.0,0.0,303.9458184814453,299.4140227099434,64.80684468379113,315.6643588968207,310.49827661375025,5.166082283070466,5.848588002955898,311.83786926269534,8.972026751043119,329.7819227647816,293.8938157606091,869050.15,297.4086608886719,324.2190856933594,0.8489151000976562
1453,2023-09-21,315.49011816836094,317.98411709830555,311.4613776876677,313.7635192871094,229110,0.0,0.0,303.3012170410156,298.67367834231675,65.83334106608586,315.3210678386433,309.93394196550656,5.387125873136711,6.019214432927255,310.9889541625977,9.203115986158073,329.39518613491384,292.5827221902815,874102.9,297.4086608886719,324.2190856933594,0.7697814941406591
1452,2023-09-20,316.25751180130374,317.69635393093057,312.7083561722304,314.29107666015625,226438,0.0,0.0,302.6518194580078,298.05776646701906,66.1087771423704,315.6042584843767,309.62757577977834,5.976682704598375,6.177236572874891,310.219172668457,9.594382474485448,329.40793761742793,291.0304077194861,1004287.2,297.4086608886719,324.2190856933594,0.8297317504882926
1451,2023-09-18,321.34143540909014,322.7323279582487,313.18799600318783,316.2575378417969,475064,0.0,0.0,301.870048828125,297.39518237750326,62.388978083300046,315.8430188160532,309.25449570934813,6.588523106705054,6.227375039944021,309.3894409179687,9.935212817219602,329.2598665524079,289.51901528352954,1025477.85,297.4086608886719,324.2190856933594,0.7074310302734261
1450,2023-09-15,325.17833592484016,325.7058996867769,316.7850897910869,319.7107238769531,934896,0.0,0.0,301.04127502441406,296.6252903177362,70.8490456175483,315.76765172046345,308.6942523387522,7.073399381711226,6.137088023253763,308.6820098876953,9.924151076560216,328.5303120408157,288.8337077345749,1014865.75,297.4086608886719,324.2190856933594,1.004789733886696
1449,2023-09-14,326.1375719725111,330.7418553969127,321.5332885481096,322.7802734375,442236,0.0,0.0,300.1405603027344,295.6830277234824,75.95686183661275,315.05072951019264,307.8129346156961,7.237794894496517,5.903010183639396,307.6772201538086,9.764797378406847,327.2068149106223,288.1476253969949,981049.9,297.4086608886719,324.2190856933594,0.8896835327148551
1448,2023-09-13,318.46371730827013,326.13754182172244,316.7371185020704,324.2190856933594,641283,0.0,0.0,299.15639221191407,294.57701769433885,73.3648605370562,313.64535788704586,306.61554750995185,7.029810377094009,5.569314005925116,306.78753662109375,9.104598481169075,324.9967335834319,288.5783396587556,983541.0,297.4086608886719,324.2190856933594,1.1510726928710824
1447,2023-09-12,323.6435524646911,327.04882975610855,314.0033218470785,318.60760498046875,1026752,0.0,0.0,298.14057006835935,293.3671373678482,71.44304691304063,311.7228619222616,305.20726445527924,6.515597466982342,5.204189913132892,305.63646392822267,8.194572408245847,322.02560874471436,289.247319111731,970404.95,297.4086608886719,322.6363525390625,0.839324951171875
1446,2023-09-11,319.7106894945096,327.8641277190299,318.70351177610127,322.6363525390625,969312,0.0,0.0,297.2417736816406,292.3369141999861,78.44630319991376,310.471090457133,304.1352372132641,6.335853243868939,4.87633802467053,304.7971389770508,7.636775466205774,320.0706899094623,289.52358804463927,940015.7,297.4086608886719,322.6363525390625,0.8009552001953466
1445,2023-09-08,320.95774397094414,322.01290078773576,314.6268323435143,317.984130859375,530918,0.0,0.0,296.3170782470703,291.1002024310442,68.20674105708504,308.2592246240549,302.65514798720017,5.6040766368547565,4.511459219870928,303.99618377685545,6.408592605744593,316.8133689883446,291.17899856536627,903257.1,297.4086608886719,318.9913024902344,0.508390808105446
1444,2023-09-07,313.6196483881635,328.05602001578785,313.6196483881635,318.9913024902344,2133456,0.0,0.0,294.766965637207,290.0028992298878,71.48924158723739,306.4910598539968,301.4288293574262,5.062230496570578,4.23830486562497,303.48779296875,5.591782678425665,314.6713583256013,292.3042276118987,910848.2,297.4086608886719,318.9913024902344,0.793760681152321
1443,2023-09-06,311.8930310795441,316.5452935208017,310.88585321857875,313.3798522949219,778550,0.0,0.0,293.19670959472654,288.8196990968125,59.3582505587117,304.2182884655899,300.0238315068015,4.1944569587884075,4.032323457888568,302.6940322875977,4.238115724616606,311.1702637368309,294.21780083836444,833979.95,297.4086608886719,313.3798522949219,0.8057525634765739
1442,2023-09-05,305.80191840210625,313.5237224698529,303.64365509360334,309.35107421875,1393417,0.0,0.0,291.697702331543,287.8172438642366,59.139747426439925,302.5525495875296,298.9553498437519,3.5971997437777077,3.9917900826636075,301.8882797241211,3.580472859158575,309.0492254424382,294.727334005804,807477.95,297.2648010253906,309.35107421875,0.5971206665039404
1441,2023-09-04,304.9865958161582,305.9937736439028,299.47103406552355,304.0753173828125,578350,0.0,0.0,290.1768203735352,286.938312013032,52.821147799943176,301.31645420003497,298.12369189375204,3.19276230628293,4.090437667385082,301.29115905761716,3.251060988296146,307.7932810342095,294.78903708102484,751182.6,297.2648010253906,307.8163146972656,0.28537139892574714
1440,2023-09-01,299.75882095084404,305.9938044266216,296.881136269716,304.3151550292969,1313654,0.0,0.0,288.82758056640625,286.23884240610215,47.4138622605247,300.81484271225725,297.6475618546272,3.1672808576300326,4.31485650766062,301.0057876586914,3.2442968958708205,307.4943814504331,294.51719386694975,739494.5,297.2648010253906,307.8163146972656,0.22062377929688637
1439,2023-08-31,299.56694346701187,304.7947486624465,297.504608772111,299.1832580566406,1877528,0.0,0.0,287.4884457397461,285.5010337276044,39.36173733319892,300.1784222909773,297.11415440065366,3.064267890323663,4.601750420168266,300.78516387939453,3.1562404594863374,307.0976447983672,294.4726829604219,688084.45,297.2648010253906,307.8163146972656,-0.05515441894533524
1438,2023-08-30,305.03454365054546,307.6244712965287,297.45664732018,299.5189819335937,957656,0.0,0.0,286.20444915771486,284.9425755917254,45.99787857345602,300.3593612426749,296.94862610817466,3.4107351345002144,4.986121052629417,300.84031829833987,3.1363496994083655,307.1130176971566,294.56761889952315,642916.85,297.2648010253906,307.8163146972656,-0.18465118408198578
1437,2023-08-29,298.4638387530775,305.94583603084254,296.7851894583208,304.2192077636719,2310521,0.0,0.0,284.80011169433595,284.34762023083283,57.54420278723868,300.51215748068967,296.7429976421411,3.7691598385485463,5.379967532161718,301.02496948242185,3.163061051104343,307.3510915846305,294.6988473802132,624862.45,297.2648010253906,307.8163146972656,0.040768432617142025
1436,2023-08-28,298.3199529644904,300.23840925365107,297.2168464528869,298.5118103027344,181446,0.0,0.0,283.3045635986328,283.5365350254108,51.36098782686223,299.8381483383293,296.14490083241867,3.6932475059106196,5.78266945556501,300.9842010498047,3.124746476109557,307.2336940020238,294.7347080975856,531717.95,297.2648010253906,307.8163146972656,-0.3716995239257699
1435,2023-08-25,300.14246683010964,301.34150195588774,296.257604731916,297.4086608886719,152507,0.0,0.0,281.9026739501953,282.9252992998057,48.81235405693385,300.0793007084374,295.9555480747934,4.123752633644017,6.305024942978608,301.3559005737305,3.2546187053442366,307.86513798441894,294.846663163042,562419.65,297.2648010253906,307.8163146972656,-0.33093566894530113
1434,2023-08-24,302.1568783659057,305.03456292177145,299.0873364636538,300.5741577148437,328964,0.0,0.0,280.50142547607425,282.3341416839336,50.86635875749585,300.5648715847584,295.8392990496831,4.725572535075287,6.850343020312255,301.6868362426758,3.1674663430468426,308.02176892876946,295.3519035565821,606026.7,297.2648010253906,307.8163146972656,0.05515594482420738
1433,2023-08-23,302.15685211635315,302.15685211635315,297.3607116065698,298.3678894042969,2832796,0.0,0.0,279.05176849365233,281.58965123369234,47.4025974025974,300.5631831974702,295.4605103564703,5.102672840999901,7.381535641621496,301.6316802978516,3.1973251880667695,308.0263306739851,295.23702992171803,625801.65,297.2648010253906,307.8163146972656,-0.223020935058571
1432,2023-08-22,302.8762674480452,303.97937388970854,295.9218638407662,297.6964416503906,650251,0.0,0.0,277.64716857910156,280.90482518591256,42.96206068856805,300.96232752350176,295.2279200326442,5.7344074908575635,7.951251341776895,301.85470123291014,3.112112999997317,308.0789272329048,295.6304752329155,503070.5,297.2648010253906,307.8163146972656,-0.2709823608398665
1431,2023-08-21,298.319954338457,302.9242377443207,297.8403402639579,302.1089172363281,262822,0.0,0.0,276.25413513183594,280.2194530853216,48.14819987151915,301.5561249549765,295.0304383032245,6.5256866517519825,8.505462304506727,302.12568359375,2.9633821927056117,308.05244797916123,296.1989192083388,504540.2,297.2648010253906,307.8163146972656,0.12709808349609375
1430,2023-08-18,305.753983723633,305.753983723633,297.3607371116117,299.61492919921875,258579,0.0,0.0,274.87157653808595,279.32600556895403,40.9589564077443,301.455617267458,294.4641599885762,6.991457278881796,9.000406217695414,301.9985855102539,3.0181449158770897,308.0348753420081,295.96229567849974,548023.7,297.2648010253906,307.8163146972656,0.05036163330078125
1429,2023-08-17,302.10891832583053,307.33669419273207,296.9770418555186,304.9866027832031,492058,0.0,0.0,273.65811248779295,278.49788623710646,51.51975801460577,301.79028782531975,294.0520984517248,7.738189373594935,9.502643452398818,301.94822387695314,3.0680043290200865,308.0842325349933,295.81221521891297,698525.05,297.2648010253906,307.8163146972656,1.0023956298828125
1428,2023-08-16,299.75878964563844,302.87628105795307,297.4566479958238,301.1976318359375,378562,0.0,0.0,272.31113677978516,277.41671413318414,52.67059835337411,301.20913965115915,293.17733810520656,8.03180154595259,9.943756972099788,300.9458282470703,4.805900489255205,310.55762922558074,291.3340272685599,688161.65,284.9386901855469,307.8163146972656,0.7386047363281136
1427,2023-08-14,306.61724630045563,306.6652252678804,297.40865098641734,301.82110595703125,418967,0.0,0.0,270.9514605712891,276.4460644310309,48.56359208173824,301.21123198119943,292.53571460674806,8.675517374451374,10.421745828636588,300.2072235107422,5.797919868754251,311.80306324825074,288.6113837732337,688126.1,284.9386901855469,307.8163146972656,0.7721786499023438
1426,2023-08-11,309.44698306772744,310.7419468245535,305.22638538941675,306.61724853515625,234140,0.0,0.0,269.5169140625,275.4103484503778,55.72995121405483,301.10034580377544,291.79288329872537,9.307462505050069,10.858302942182892,299.43504486083987,6.551143524707716,312.5373319102553,286.3327578114244,682163.1,284.9386901855469,307.8163146972656,1.0839279174804801
1425,2023-08-10,305.03455885170973,313.235948017168,303.16405220602667,307.8163146972656,682740,0.0,0.0,268.00134643554685,274.13659742650924,62.53646410633374,300.09727257988806,290.60693407981086,9.4903385000772,11.246013051466097,298.3511169433594,7.0729075492025775,312.4969320417645,284.20530184495425,701699.55,284.9386901855469,307.8163146972656,1.364501953125
1424,2023-08-09,298.79956228521803,305.03454512584057,297.36072009122825,303.1160888671875,596091,0.0,0.0,266.4971893310547,272.76191508892737,57.7303091160831,298.6938103767285,289.2301836304145,9.463626746313992,11.68493168931332,296.9866149902344,7.750694672928148,312.4880043360907,281.4852256443781,695394.0,280.5262756347656,305.94580078125,0.8896850585937841
1423,2023-08-08,297.40867939477306,302.2527991683305,294.674902556546,297.2648010253906,248510,0.0,0.0,265.0125274658203,271.52296922042694,66.666721685695,297.88975974209956,288.1193112114726,9.770448530626936,12.240257925063151,296.0969299316406,8.026420348665178,312.14977062897094,280.04408923431026,729122.1,280.5262756347656,305.94580078125,0.7985580444335483
1422,2023-08-07,299.32711708991684,299.9506387739762,293.57174848618195,297.4086608886719,267510,0.0,0.0,263.6150875854492,270.47228220797945,64.33035042354558,298.003388599683,287.38767202635916,10.615716573323823,12.857710273672204,295.29837188720705,8.672596331670906,312.6435645505489,277.9531792238652,754670.85,280.5262756347656,305.94580078125,1.1103057861328125
1421,2023-08-04,301.53335970474507,302.2527807812125,295.29837704202663,298.3678894042969,344588,0.0,0.0,262.07599670410156,269.3728381801961,66.02561487947139,298.1115209107759,286.58599291737414,11.525527993401738,13.4182086987593,294.18806610107424,9.743548388209476,313.6751628774932,274.70096932465526,758006.75,275.2025451660156,305.94580078125,1.1774520874023438
1420,2023-08-03,299.2791869917906,301.72520709922225,298.31995882835537,299.9026794433594,285453,0.0,0.0,260.41340911865234,268.18936670166136,70.05142691701847,298.0649084574084,285.6434411984203,12.421467258988116,13.891378875098688,293.0106140136719,10.59733283383097,314.2052796813338,271.81594834601,780309.2,274.81884765625,305.94580078125,1.261384582519554
1419,2023-08-02,303.3558880795927,305.94581567133883,297.5525697560932,300.2863464355469,974176,0.0,0.0,258.7517919921875,266.8949457734288,73.89785343096729,297.7307682781446,284.50270213882516,13.228066139319424,14.258856779126331,291.74922943115234,11.217088942058044,314.1834073152684,269.31505154703626,849268.1,274.67498779296875,305.94580078125,1.335723876953125
1418,2023-08-01,305.03453313464564,309.3031098516747,299.9985856536491,303.2120056152344,596568,0.0,0.0,257.12906982421873,265.53203146068927,70.69923891834173,297.2661177040714,283.2400105950874,14.026107108983979,14.516554439078057,290.4135055541992,11.726015848930807,313.86553725206085,266.9614738563376,830638.25,273.5718688964844,305.94580078125,1.4892013549804801
1417,2023-07-31,307.52853754325747,307.52853754325747,299.7587840071289,303.4038391113281,447631,0.0,0.0,255.47950073242188,263.9940733319323,73.49642189761043,296.185047174769,281.64225099347567,14.54279618129334,14.639166271601574,288.92430419921874,11.904978210264359,312.73426061974743,265.11434777869005,839716.35,273.427978515625,305.94580078125,1.4868026733398096
1416,2023-07-28,305.6100651063164,309.3510486775206,302.732380932572,305.94580078125,795480,0.0,0.0,253.81305603027343,262.38551146338557,80.37914714810344,294.8725395499401,279.9013239440475,14.97121560589261,14.663258794178633,287.43750152587893,11.858229212128313,311.1539599501356,263.7210431016223,941667.9,273.427978515625,305.94580078125,1.4772109985351562
1415,2023-07-27,297.0249911990105,305.5141661927833,297.0249911990105,304.0273742675781,1024648,0.0,0.0,252.08925231933594,260.6075404708197,79.7654108513342,292.85921932606556,277.8177657970713,15.041453528994282,14.586269591250137,285.9602905273438,11.256169674134059,308.4726298756119,263.44795117907563,1696264.75,273.427978515625,304.0273742675781,3.177443695068405
1414,2023-07-26,302.82833732855033,305.0345503544907,296.4014970425711,299.4710388183594,724463,0.0,0.0,250.40288543701172,258.83530235666626,77.76584773083445,290.828645700336,275.72099711943076,15.10764858090522,14.4724736068141,282.78284683227537,14.414131427915523,311.6111096881064,253.95458397644433,1673974.1,240.4785003662109,303.1160888671875,2.949626922607422
1413,2023-07-25,304.07529286530564,304.9865712251752,300.0945022991772,302.82830810546875,378173,0.0,0.0,248.8374493408203,257.1767008684339,84.50221155334181,289.257301497059,273.8209937835165,15.436307713542533,14.31367986329132,279.83321990966795,16.677644207785814,313.1885083252396,246.4779314940963,1660796.45,240.4785003662109,303.1160888671875,3.2199409484862827
1412,2023-07-24,299.08731901468826,303.9314386317789,294.7707924327188,303.1160888671875,679645,0.0,0.0,247.25423004150392,255.31336996079978,85.13050889078276,286.7898457500754,271.5004086377603,15.289437112315113,14.033022900728515,276.61327896118166,18.155565996976414,312.9244109551345,240.30214696722885,1658200.95,238.4294891357422,303.1160888671875,3.4904556274414062
1411,2023-07-21,298.9914420642648,302.8283548695896,294.4830578086795,299.56695556640625,1132492,0.0,0.0,245.6056478881836,253.36223857686556,83.25121068221355,283.8214379106005,268.9711542194061,14.850283691194363,13.718919347831866,273.12282333374026,19.456075039182863,312.03497341210596,234.21067325537453,1647246.3,233.30697631835935,299.56695556640625,3.1476814270019986
1410,2023-07-20,287.76843068666614,300.19044632063463,284.9386960755865,298.6076965332031,3268606,0.0,0.0,244.04388153076172,251.47633176096596,77.2673515762714,280.95861651863584,266.5234901116461,14.435126406989752,13.436078261991241,269.97514190673826,20.03645557272463,310.0480530521875,229.902230761289,1652150.7,233.30697631835935,298.6076965332031,3.0624641418457372
1409,2023-07-19,287.72047504333653,287.76842473813235,283.64375569287967,284.9386901855469,284790,0.0,0.0,242.4724279785156,249.5526025865889,85.30081882346556,277.7496928796236,263.95675359792153,13.792939281702047,13.186316225741614,266.9126777648925,20.1104653676332,307.1336085001589,226.69174702962613,1519390.75,233.30697631835935,286.425537109375,2.4977630615234148
1408,2023-07-18,287.7205009921498,287.7205009921498,283.93153801538654,286.425537109375,377851,0.0,0.0,241.2274429321289,248.108272480509,87.36353716531538,276.4426024603648,262.2781986709115,14.164403789453331,13.034660461751503,264.4149147033691,20.842705310178655,306.1003253237264,222.7295040830118,1563271.2,233.30697631835935,286.425537109375,2.8561714172363395
1407,2023-07-17,286.3775329589844,287.1449329906846,284.02744171561505,286.3775329589844,299707,0.0,0.0,239.88845611572265,246.5443024956573,87.76181497651245,274.6275234332721,260.3464115958344,14.281111837437663,12.752224629826046,261.55874328613277,21.56902782767564,304.6967989414841,218.4206876307815,1560874.45,229.30210876464844,286.3775329589844,2.8467864990234375
1406,2023-07-14,281.0538281609093,287.76842473813235,280.7660714454983,284.9386901855469,624869,0.0,0.0,238.53832183837892,244.91845635429698,88.43295787855328,272.49115806496076,258.26392188678244,14.227236178178316,12.37000282792314,258.71195678710933,21.876059894524136,302.4640765761576,214.95983699806106,1570590.55,229.30210876464844,285.3223876953125,2.8260681152343636
1405,2023-07-13,286.8092081166215,287.76843623741286,278.41596205969694,280.5262756347656,556629,0.0,0.0,237.24769897460936,243.28497742240924,83.23461460199584,270.22797040667234,256.1299404228813,14.098029983791037,11.905694490359345,255.88588867187497,21.960332311793024,299.806553295461,211.96522404828892,1555496.5,228.41732788085935,285.3223876953125,2.6590019226074446
1404,2023-07-12,283.4518813375656,288.7276354741361,283.4518813375656,285.3223876953125,1270653,0.0,0.0,236.087236328125,241.76492443414978,88.67185856437985,268.3555512742917,254.1782336059306,14.177317668361127,11.357610617001422,253.22688674926752,22.03922928564813,297.3053453205638,209.14842817797125,1539639.55,227.3462371826172,285.3223876953125,2.861553955078108
1403,2023-07-11,275.53827154057103,282.1569395714772,273.5238866772557,281.29364013671875,759485,0.0,0.0,234.81688079833984,239.98706879083701,88.36148797251208,265.2706719250152,251.68670127878002,13.583970646235201,10.652683854161495,250.3653327941894,21.357522044913345,293.0803768840161,207.6502887043627,1488426.2,227.3462371826172,281.29364013671875,2.657787322998047
1402,2023-07-10,274.8188597679494,277.6965441634253,273.4759462380579,275.2025451660156,334228,0.0,0.0,233.62803161621093,238.30108628692346,88.28193621804687,262.3574049774328,249.31814617014493,13.039258807287865,9.919862156143068,247.70754547119137,20.600144858509225,288.9078351882098,206.50725575417292,1459095.7,227.3462371826172,276.4015808105469,2.357888793945307
1401,2023-07-07,275.969933073038,279.03944539560905,268.9196007601774,274.81884765625,790637,0.0,0.0,232.5330630493164,236.79490429185847,88.00007973572721,260.021924943145,247.24739425047528,12.774530692669714,9.14001299335687,245.34965667724606,19.976842334371568,285.3033413459892,205.39597200850292,1459500.4,227.3462371826172,276.4015808105469,2.091893005371105
1400,2023-07-06,274.29130238597634,279.5670572337524,272.5167244461513,274.67498779296875,1664631,0.0,0.0,231.43552337646486,235.24290660351596,88.17449487966422,257.33157535894406,245.04167797801333,12.28989738093074,8.231383568528658,243.25776367187495,18.889485791011104,281.0367352538972,205.47879208985273,1437501.05,227.3462371826172,276.4015808105469,1.7866630554199219
1399,2023-07-05,274.0514829518616,279.80685161638803,271.46155534349714,273.5718688964844,601579,0.0,0.0,230.32223388671875,233.63343390190562,88.16824025163925,254.17822764366682,242.67101319281687,11.507214450849943,7.216755115428137,241.47110061645503,17.39204854895683,276.2551977143687,206.68700351854136,1371104.95,227.3462371826172,276.4015808105469,1.7967025756835824
1398,2023-07-04,273.380028816389,275.29848515896015,270.02273021688944,273.427978515625,778130,0.0,0.0,229.2198306274414,232.00329369804524,87.06624204266636,250.65211105224546,240.1989447365235,10.453166315721973,6.144140281572684,239.67439804077145,15.67239550280087,271.0191890463732,208.32960703516972,1382360.3,227.3462371826172,276.4015808105469,2.0107078552246094
1397,2023-07-03,278.1282200610688,281.0538542750818,270.5023443876214,273.66778564453125,2486662,0.0,0.0,228.16780517578124,230.3124902361032,87.3421979713537,246.5110442407219,237.54062203419537,8.970422206526536,5.066883773035362,237.66369018554684,13.549969060096537,264.7636283057399,210.56375206535375,1358792.5,227.3462371826172,276.4015808105469,2.1787002563476676
1396,2023-06-30,249.39931470746072,288.5358108445344,249.39931470746072,276.4015808105469,15887417,7.5,0.0,227.08397338867186,228.54288634188165,91.45647446402825,241.57345489457472,234.65044894536848,6.923005949206242,4.090999164662568,235.48498992919917,10.648710115816918,256.782410160833,214.18756969756532,1242758.8,227.3462371826172,276.4015808105469,2.2781356811523494
1395,2023-06-28,244.29707485819728,244.29707485819728,237.4515493257353,240.4785003662109,578835,0.0,0.0,225.87468200683594,226.58947024111978,63.71386259594832,235.24106836439796,231.3103583961542,3.930709968243775,3.38299746852665,233.20685424804682,4.57755691578614,242.3619680796191,224.05174041647456,463227.85,227.3462371826172,240.4785003662109,0.3935020446777173
1394,2023-06-27,239.36085078323327,243.0863114958128,238.2432154117604,240.4785003662109,460910,0.0,0.0,225.49934143066406,226.02257105234054,52.307726854448696,234.28880800043197,230.57690703854962,3.7119009618823497,3.2460693435973687,232.8133522033691,4.245808340891392,241.30496888515188,224.32173552158633,457482.45,227.3462371826172,240.4785003662109,0.5797752380371151
1393,2023-06-26,233.7260920741619,240.24566262922235,232.65502778803693,238.4294891357422,326263,0.0,0.0,225.14262847900392,225.43253312116212,51.21604220369357,233.16340938847216,229.78477957233673,3.3786298161354296,3.129611439026123,232.233576965332,3.923487311453644,240.08055158823927,224.3866023424247,464008.75,227.3462371826172,238.9417266845703,0.5518341064453125
1392,2023-06-23,236.7530246232757,239.3608499553627,231.67708726224308,233.30697631835935,460552,0.0,0.0,224.77846435546874,224.90204512056704,50.14622789515658,232.205940343514,229.0932028072643,3.112737536249682,3.0673568447487964,231.68174285888668,3.779686770136484,239.24111639915964,224.12236931861372,496190.5,227.3462371826172,238.9417266845703,0.6426429748534872
1391,2023-06-22,238.3829151852989,244.01767737148336,235.40254944901687,236.6133270263672,1230580,0.0,0.0,224.4012615966797,224.55898670433064,60.29412827635731,232.00575198445117,228.7561009263767,3.249651058074477,3.0560116718735753,231.0390998840332,4.5107649736716215,240.06062983137645,222.01756993668994,487144.55,220.45411682128903,238.9417266845703,1.0687408447265625
1390,2023-06-21,237.4981127839132,238.80201830675253,235.16969991348265,237.35841369628903,613407,0.0,0.0,223.7232275390625,224.06697281363526,60.29412827635715,231.16801106773914,228.12752283837744,3.0404882293616993,3.00760182532335,229.97035903930663,5.53617529349392,241.04270962629448,218.89800845231878,436164.65,215.23851013183597,238.9417266845703,1.0268295288085767
1389,2023-06-20,230.79228580205597,236.5667468594745,230.3731743290546,234.98342895507807,1162399,0.0,0.0,222.97161590576172,223.52446502250652,53.82308005953979,230.0424833170937,227.3890515697445,2.6534317473492024,2.999380224313762,228.94352951049805,5.980444308017069,240.9044181265322,216.9826408944639,414746.3,215.23851013183597,238.9417266845703,0.7916595458984546
1388,2023-06-19,230.55945746577925,231.4442515610355,228.2776155743799,229.30210876464844,329916,0.0,0.0,222.35691528320314,223.05675220893215,50.71999983223509,229.1441295647329,226.78150137891782,2.3626281858150833,3.085867343554902,228.1518699645996,6.183348795266182,240.51856755513197,215.78517237406723,369521.2,215.23851013183597,238.9417266845703,0.42842788696287926
1387,2023-06-16,229.4883598653088,232.5618676033673,228.4172956619948,229.4418029785156,494029,0.0,0.0,221.8577032470703,222.80183969645392,53.36390878068786,229.11540607383918,226.57985278805936,2.5355532857798266,3.266677132989857,227.72344207763672,6.3927575865795125,240.50895725079573,214.9379269044777,396257.65,215.23851013183597,238.9417266845703,0.46800994873046875
1386,2023-06-15,227.48596262956127,230.93201121706304,226.36832717030472,228.41732788085935,322988,0.0,0.0,221.28863891601563,222.53082078698202,60.94756057294823,229.05606118207982,226.35089677282286,2.705164409256952,3.4494580947923645,227.25543212890625,6.599616816515611,240.45466576193746,214.05619849587504,386353.1,215.23851013183597,238.9417266845703,0.4330856323242074
1385,2023-06-14,228.2776023259929,229.95404821486585,226.3217298403022,227.3462371826172,239490,0.0,0.0,220.63295776367187,222.29055519131353,64.94253046725105,229.17219450957444,226.18558228417996,2.986612225394481,3.635531516176217,226.82234649658204,6.800502647004804,240.42335179059165,213.22134120257243,376164.55,215.23851013183597,238.9417266845703,0.38186035156252274
1384,2023-06-13,229.25551497532592,229.25551497532592,227.7187682362472,228.09130859375,246386,0.0,0.0,219.8887969970703,222.08420082432153,63.626105640384885,229.5041867508394,226.092729892305,3.4114568585344216,3.797761338871651,226.44048614501952,6.981548426503881,240.40358299802728,212.47738929201176,371120.5,215.23851013183597,238.9417266845703,0.3446037292480355
1383,2023-06-12,229.72121161046175,229.72121161046175,227.3462418156581,228.1378936767578,172875,0.0,0.0,219.0729217529297,221.83901275209996,60.29882260703598,229.76107368849205,225.9328435961894,3.828230092302647,3.8943374589559583,226.09588241577148,7.065367069820759,240.226616555413,211.96514827612998,367044.5,215.23851013183597,238.9417266845703,0.22352752685546307
1382,2023-06-09,233.91235853336724,233.95892963452107,227.67221468938357,228.04476928710935,342322,0.0,0.0,218.25890869140625,221.58191557150167,58.10114956832004,230.0561973269892,225.7564395897439,4.299757737245301,3.910864300619286,225.87235488891602,7.0680806845962385,240.0085162581085,211.73619351972354,372940.6,215.23851013183597,238.9417266845703,0.367889404296875
1381,2023-06-08,238.9417188488114,239.17456013727173,232.37560588343297,232.98098754882807,350650,0.0,0.0,217.53710083007812,221.31812562392582,65.79246855046297,230.4219115160583,225.57337321395465,4.848538302103634,3.813640941462782,225.50446548461915,7.14017318971544,239.78481186405003,211.22411910518827,371577.95,215.23851013183597,238.9417266845703,0.5751174926757869
1380,2023-06-07,239.45399458978756,240.29221757113137,237.6378211110344,238.9417266845703,336709,0.0,0.0,216.76406768798827,220.84209044331755,77.24870201553281,229.95662496464558,224.98076406716478,4.9758608974808,3.554916601302569,224.92934799194336,6.967417006128289,238.86418200419993,210.9945139796868,382292.05,215.23851013183597,238.9417266845703,0.9453353881835938
1379,2023-06-06,234.56432369176747,238.89516604660705,233.53981632041604,237.6378173828125,826686,0.0,0.0,215.93142761230467,220.10332978040927,76.40607309049533,228.32297010647744,223.86388705777233,4.459083048705111,3.1996805272580113,223.98401260375977,6.207328502052631,236.39866960786503,211.5693555996545,380474.45,215.23851013183597,237.6378173828125,0.7474189758300724
1378,2023-06-05,231.3510911627643,234.33147092935707,230.37316915157405,233.2138214111328,306774,0.0,0.0,215.16398284912108,219.3876364088826,69.36934765089576,226.62936151078014,222.7619726317691,3.867388879011031,2.8848298968962367,223.2365936279297,5.312172971053955,233.8609395700376,212.61224768582179,373372.75,215.23851013183597,233.2138214111328,0.6868812561035327
1377,2023-06-02,232.0962100566224,233.77267029546465,229.5815268041117,230.09378051757807,165988,0.0,0.0,214.49805725097656,218.8233023271581,60.58285176122455,225.43218698344327,221.92582472942001,3.5063622540232586,2.639190151367538,222.54971237182616,4.819499037747121,232.1887104473204,212.91071429633192,400419.9,215.23851013183597,232.60845947265625,0.5611480712890398
1376,2023-06-01,232.84129665412348,234.23834443404823,229.255535001048,230.8388671875,296798,0.0,0.0,213.93271850585938,218.36328280918178,65.5714384682502,224.58462452269148,221.27238826636736,3.3122362563241268,2.4223971257036077,221.98856430053712,4.5401564831712085,231.06887726687953,212.90825133419472,461212.0,215.23851013183597,232.60845947265625,0.5215660095215071
1375,2023-05-31,228.88299866028137,233.7726659765234,225.39037914867995,232.60845947265625,463927,0.0,0.0,213.33291900634765,217.85407528353613,67.59942632072185,223.4474894927263,220.50706995267674,2.940419540049561,2.199937343048478,221.4669982910156,4.041746166533531,229.55049062408267,213.38350595794856,459205.2,215.23851013183597,232.60845947265625,0.5052658081054631
1374,2023-05-30,230.0472020937977,230.0472020937977,226.78742392647663,228.88299560546875,591436,0.0,0.0,212.7396389770508,217.25185552071488,65.07938076501993,221.78185858728452,219.5389587910784,2.2428997962061317,2.014816793798207,220.96173248291015,3.096807336611994,227.15534715613413,214.76811780968617,451553.15,215.23851013183597,228.88299560546875,0.35391921997069176
1373,2023-05-29,221.6183456317013,229.11583830470505,221.2458052377591,227.39280700683597,969898,0.0,0.0,212.17709411621092,216.77711510909225,57.70987806866864,220.49074276579648,218.79143584592717,1.699306919869315,1.9577960431962254,220.60781326293946,2.4886368782256043,225.58508701939067,215.63053950648825,443716.45,215.23851013183597,227.39280700683597,0.27708129882813637
1372,2023-05-26,215.2384807765136,220.9197993723317,215.1919096791086,220.45411682128903,279633,0.0,0.0,211.73003875732422,216.34382156224555,51.826060792902794,219.23582199469837,218.10332615305447,1.1324958416439017,2.022418324027953,220.33073196411132,1.9418832299784512,224.2144984240682,216.44696550415443,404607.7,215.23851013183597,223.66734313964844,0.0
1371,2023-05-25,216.5424157679872,218.35857512244985,214.4934151062471,215.23851013183597,210982,0.0,0.0,211.5474917602539,216.1760544088152,41.806778655296675,219.01431384440914,217.9152628995957,1.099050944813456,2.2448989446239658,220.33073196411132,1.9418832299784512,224.2144984240682,216.44696550415443,401176.35,215.23851013183597,223.66734313964844,-0.23516769409181393
1370,2023-05-24,218.87082373404985,219.9418880379335,215.983585906573,216.8218231201172,185040,0.0,0.0,211.41616882324217,216.21432152216127,41.89482455813594,219.70082361033155,218.12940312101645,1.571420489315102,2.531360944576593,220.56589965820314,1.5348875718374368,223.635674801878,217.49612451452828,404750.5,216.8218231201172,223.66734313964844,-0.10943450927732101
1369,2023-05-23,221.4786510757283,221.4786510757283,217.9394604147265,219.15023803710935,257897,0.0,0.0,211.32116943359375,216.18952553857122,42.340469438007304,220.224278244916,218.23400952108838,1.9902687238276258,2.771346058391966,220.67533416748046,1.3163609457743604,223.30805605902918,218.04261227593173,403229.05,218.87081909179688,223.66734313964844,0.034926605224598006
1368,2023-05-22,220.08159823175168,221.1992336224906,216.5424076514908,220.73355102539065,864645,0.0,0.0,211.1656314086914,216.0686801304676,47.45014388870772,220.41955828269903,218.16071123980672,2.258847042892313,2.9666153920330505,220.64040756225586,1.3672393163751644,223.37488619500618,217.90592892950554,396737.7,218.4517059326172,223.66734313964844,-0.004657745361328125
1367,2023-05-19,218.4051437680762,221.1060972174929,217.1012381466003,220.08160400390625,295938,0.0,0.0,210.93092742919922,215.8782772367973,45.66216091871474,220.36246869311876,217.95488405696,2.4075846361587594,3.1435574793182344,220.6450653076172,1.3677319124593763,223.38052913253594,217.90960148269843,372699.4,218.4517059326172,223.66734313964844,0.03027038574219887
1366,2023-05-18,220.3144400367817,222.59628192551628,219.3365037383225,219.755615234375,119217,0.0,0.0,210.69622314453125,215.7067128789561,48.37316115715702,220.41353500024832,217.7847464612043,2.6287885390440238,3.3275506901081027,220.614794921875,1.3874164046801198,223.38962773123524,217.83996211251474,389132.55,218.4517059326172,223.66734313964844,0.19093017578123295
1365,2023-05-17,221.6183315246716,222.08401409320905,218.405124644064,219.7090301513672,138609,0.0,0.0,210.4717642211914,215.54145155832674,49.46923334323513,220.53315677586164,217.62707695935063,2.90607981651101,3.502241227874122,220.42386474609376,1.7318675748434702,223.8875998957807,216.9601295964068,393406.4,215.93701171875,223.66734313964844,-0.10012207031249432
1364,2023-05-16,223.52764699835527,224.03990069836084,220.73355141087583,221.19923400878903,164866,0.0,0.0,210.20073760986327,215.3713463096312,55.119843749107545,220.68299798031518,217.4605207039893,3.2224772763258898,3.6512815807148997,220.52398681640625,1.7461897597351905,224.01636633587663,217.03160729693587,396121.95,215.93701171875,223.66734313964844,-0.07218093872069176
1363,2023-05-15,220.68697739465975,225.3903744137772,219.3830718223225,223.66734313964844,290797,0.0,0.0,209.79745635986328,215.1334733423186,63.39707892789508,220.589136884229,217.16142363960532,3.427713244623675,3.7584826568121517,220.59616775512694,1.8044364526182257,224.20504066036338,216.9872948498905,498805.7,215.93701171875,223.66734313964844,0.17230300903318607
1362,2023-05-12,221.432076203147,223.1085364047148,219.1502343064461,220.68698120117188,315069,0.0,0.0,209.4221160888672,214.78515212610105,49.62957809037534,220.02946301960728,216.64095007960185,3.388512940005427,3.8411750098592705,220.42386474609376,1.6539980453859093,223.73186083686556,217.11586865532195,528880.4,215.93701171875,222.6894378662109,0.3120071411132983
1361,2023-05-11,220.26786014607757,222.50313084350785,218.8242413070476,221.4786376953125,564932,0.0,0.0,209.14177490234374,214.5442611434451,55.155863993814485,219.90991425932282,216.31726758987625,3.592646669446566,3.954340527322731,220.11185760498046,2.123640443742608,224.35913849246566,215.86457671749525,563023.05,214.44683837890625,222.6894378662109,0.9383506774902344
1360,2023-05-10,223.5276382688492,223.5276382688492,218.96395467212864,220.03501892089844,300357,0.0,0.0,208.77761138916014,214.26122536581786,59.52376730783282,219.6246918164156,215.90435798144136,3.720333834974241,4.044763991791772,219.17350692749022,4.406795725154834,227.9870983777999,210.35991547718055,588476.15,202.7116241455078,222.6894378662109,1.0128593444824219
1359,2023-05-09,221.19924777554172,225.25069231413823,220.0816123132928,222.6894378662109,684652,0.0,0.0,208.37805572509765,214.02556032275334,51.98493859858844,219.55008688832783,215.5739051062848,3.976181782043028,4.125871530996155,218.1606475830078,6.172560005606311,230.50576759422043,205.81552757179517,590617.65,199.77783203125,222.6894378662109,0.9220520019531193
1358,2023-05-08,220.50070365909204,222.1305927040906,218.6379733219508,219.4761962890625,847717,0.0,0.0,207.99992126464844,213.67193266791833,42.91664903195682,218.97929580144,215.0046624854907,3.9746333159492906,4.163293968234436,217.23859558105468,6.805363973357192,230.84932352776906,203.6278676343403,563651.2,199.77783203125,222.64285278320312,0.7567344665527287
1357,2023-05-05,220.7335494670462,221.29237426422296,215.89045333369893,218.87081909179688,1381830,0.0,0.0,207.7512469482422,213.43502394868793,47.20620730583223,218.88895025823592,214.64693978120496,4.242010477030959,4.210459131305722,216.48186111450195,7.3621424740370545,231.20614606257607,201.75757616642784,535446.15,199.77783203125,222.64285278320312,0.8941116333007812
1356,2023-05-04,223.6207679870287,225.90260965801804,219.80216536181933,220.4075469970703,256662,0.0,0.0,207.56311126708985,213.21315475917328,60.49172164886985,218.8922468339521,214.3090294363576,4.583217397594495,4.202571294874413,215.58774948120117,8.105123209100253,231.79799589940168,199.37750306300066,532074.9,199.77783203125,222.64285278320312,1.2387138366699162
1355,2023-05-03,220.9663963963964,227.3462537788502,220.9663963963964,222.50314331054688,310886,0.0,0.0,207.36845611572267,212.91950609640196,76.00975373034063,218.61673771338513,213.82114803150057,4.7955896818845645,4.107409769194392,214.34903564453126,9.154895083548812,232.65882581162887,196.03924547743364,566418.35,195.63327026367188,222.64285278320312,1.6182472229004077
1354,2023-05-02,222.13059470258912,223.20165897147976,220.8266891394609,221.8046112060547,434702,0.0,0.0,207.10581146240236,212.52833723051847,77.34099272887747,217.91011851390118,213.1265884091769,4.783530104724292,3.9353647910218488,212.73078842163085,10.411862264986652,233.55451295160415,191.90706389165754,575710.95,190.13819885253903,222.64285278320312,1.7253532409667969
1353,2023-04-28,221.3854984444788,223.52764118143517,219.24335570752245,221.85118103027344,187723,0.0,0.0,206.80498046875,212.14971380294554,69.6874490157436,217.20202893350964,212.43234658542664,4.769682348082995,3.723323462596238,211.00543518066405,11.618291624206575,234.2420184290772,187.7688519322509,581458.55,187.29754638671875,222.64285278320312,1.7206970214843693
1352,2023-04-27,220.26784664317276,222.1305768473433,219.94186317284144,220.45411682128903,211006,0.0,0.0,206.53115905761717,211.75373554876887,68.56221237040187,216.35672855227986,211.67883982983892,4.67788872244094,3.461733741224548,209.28473815917968,12.446354217775296,234.17744659473027,184.3920297236291,598912.55,187.29754638671875,222.64285278320312,1.4249870300292855
1351,2023-04-26,219.05707000560903,221.2457836884783,216.123275607426,219.94186401367188,282465,0.0,0.0,206.27130859375,211.39861794580887,70.49343746452773,215.61174886700547,210.9768176705229,4.634931196482569,3.1576949959204503,207.8597511291504,12.728537348225702,233.3168258256018,182.402676432699,623775.95,187.29754638671875,222.64285278320312,1.2806266784668026
1350,2023-04-25,218.1722903400799,221.1526560317737,216.54240129805157,219.0105133056641,154611,0.0,0.0,206.05616394042968,211.04991402467158,73.06982606351824,214.82445520397525,210.25961396307102,4.564841240904229,2.7883859457799205,206.5791244506836,12.737413469237854,232.0539513891593,181.1042975122079,629807.8,187.29754638671875,222.64285278320312,1.0850395202636776
1349,2023-04-24,223.52764332413517,223.52764332413517,217.4271985494463,218.4517059326172,128070,0.0,0.0,205.77302886962892,210.72499160503924,75.46062424258392,214.0633537309409,209.55954201566357,4.5038117152773225,2.344272121998843,205.49408493041992,12.545555927071534,230.58519678456298,180.40297307627685,647547.2,187.29754638671875,222.64285278320312,0.9593063354492131
1348,2023-04-21,219.61592826820544,221.94434138764885,217.75319777265068,220.8267059326172,383879,0.0,0.0,205.65101989746094,210.40961551003605,79.90033977550596,213.2654715124543,208.8481689023073,4.417302610147004,1.8043872236792236,204.5347785949707,12.232221180714705,228.9992209564001,180.0703362335413,663616.7,187.29754638671875,222.64285278320312,1.0454582214355526
1347,2023-04-20,216.9149420754933,221.4786399283921,216.4027026019832,219.4761962890625,624601,0.0,0.0,205.52994201660155,209.98442814584908,79.202048992346,211.89070161787922,207.88988593988248,4.000815677996741,1.1511583770622782,203.48932037353515,11.645983697551848,226.78128776863883,180.19735297843147,656207.95,187.29754638671875,222.64285278320312,0.8824676513671932
1346,2023-04-19,223.5276318662739,223.5276318662739,215.00564658597384,215.93701171875,204694,0.0,0.0,205.5206283569336,209.5970090379628,71.47622009475234,210.51152076857318,206.96298111194807,3.5485396566251097,0.4387440518286626,202.60685272216796,11.022843350071062,224.65253942231007,180.56116602202584,639633.5,187.29754638671875,222.64285278320312,0.7544059753417685
1345,2023-04-18,223.43448851747527,223.43448851747527,220.3144238656492,221.7114715576172,192920,0.0,0.0,205.6687155151367,209.33823341833883,76.11014790332067,209.52506786854102,206.2450586634039,3.2800092051371053,-0.3387048493704492,201.8524467468262,10.569502188279266,222.9914511233847,180.71344237026767,647685.05,187.29754638671875,222.64285278320312,0.9383506774902344
1344,2023-04-17,220.22129759077285,223.52764687645475,218.40513830220263,222.64285278320312,2218541,0.0,0.0,205.8717532348633,208.833203290205,73.24787339689101,207.3093581068908,205.00774563186684,2.3016124750239726,-1.2433833629973379,200.91409606933595,9.491754693118422,219.8976054555728,181.9305866830991,649790.2,187.29754638671875,222.64285278320312,1.0943550109863338
1343,2023-04-13,215.61102839076983,220.7335366246758,213.70172702492223,220.2212829589844,892291,0.0,0.0,205.80376342773437,208.26954412722546,69.3965618297513,204.52144998392492,203.59693705975997,0.9245129241649579,-2.1296323225026654,199.81974105834962,7.999041661238702,215.81782438082703,183.8216577358722,553432.3,187.29754638671875,220.2212829589844,0.759062194824196
1342,2023-04-12,202.24594851292017,215.33163248105677,202.19939162189,214.44683837890625,997922,0.0,0.0,205.890380859375,207.78171805245978,64.85715355641615,201.66693489755048,202.266989387822,-0.6000544902715319,-2.893168634169571,199.06067886352542,6.55026626008839,212.1612113837022,185.96014634334864,537086.65,187.29754638671875,214.44683837890625,0.15600357055666336
1341,2023-04-11,200.75576580981829,203.4101480250051,198.14794048406085,202.7116241455078,1073994,0.0,0.0,206.1045947265625,207.50967232484973,51.13228113299583,199.34331608275852,201.29260146853528,-1.9492853857767614,-3.4664471701440807,198.90467529296876,6.191887918673584,211.28845113031593,186.5208994556216,520938.4,187.29754638671875,211.32676696777344,-0.29803695678711506
1340,2023-04-10,205.8782768306824,206.15768922827183,199.1724503460603,199.77783203125,343187,0.0,0.0,206.59914978027345,207.70551102604736,48.55710151577003,198.7308964349859,201.17907965437746,-2.4481832193915523,-3.84573761623591,199.20271224975588,6.519559205592282,212.24183066094045,186.1635938385713,484452.2,187.29754638671875,211.32676696777344,-0.614701080322277
1339,2023-04-06,204.90035064599368,205.31946215728664,202.7582077742117,204.24839782714844,145323,0.0,0.0,207.1616943359375,208.02908976052888,51.87671876077486,198.54054450839243,201.29117946422767,-2.7506349558352383,-4.195126215446999,199.81741333007815,7.127837501123178,214.07308833232452,185.5617383278318,476608.55,187.29754638671875,212.0718536376953,-0.3562469482421875
1338,2023-04-05,201.9199661099296,205.1331730151994,201.36114133879383,204.3415069580078,283616,0.0,0.0,207.66369995117188,208.18340371699335,54.86725627058263,197.50275299589134,201.05460199519402,-3.5518489993026776,-4.55624903034994,200.17366027832034,7.527782881424996,215.22922604117034,185.11809451547035,491478.95,187.29754638671875,212.0718536376953,-0.23284225463865482
1337,2023-04-03,197.3096972145381,202.5719042141197,195.8195074069824,200.98858642578125,1314405,0.0,0.0,208.22903900146486,208.340215829605,44.636231115822945,196.25934318459744,200.79164959816893,-4.53230641357149,-4.807349038111755,200.406502532959,7.7327149032034646,215.8719323393659,184.94107272655208,487599.0,187.29754638671875,212.0718536376953,-0.3678901672363395
1336,2023-03-31,191.0695720897096,196.98374701080647,190.18477795962175,195.63327026367188,943531,0.0,0.0,208.8632992553711,208.6402823358835,29.723251459212022,195.3994807771095,200.77589465195993,-5.376413874850442,-4.8761096942468205,200.77439270019534,7.934265594290128,216.64292388877558,184.9058615116151,433705.15,187.29754638671875,212.0718536376953,-0.6449699401855469
1335,2023-03-29,187.2975463773234,190.79016585816728,186.8784206704181,190.13819885253903,496738,0.0,0.0,209.64843963623048,209.1711807878105,24.155869688160948,195.35697359773448,201.18730460302297,-5.830331005288485,-4.751033649095915,201.41936264038088,8.018199127450265,217.4557608952814,185.38296438548036,401614.45,187.29754638671875,212.0718536376953,-0.8009750366210824
1334,2023-03-28,187.6700867800921,188.55488087298255,183.3858011987733,187.29754638671875,549654,0.0,0.0,210.50902160644532,209.94803719333177,15.9847095454722,196.30584173322458,202.0712330630617,-5.765391329837115,-4.481209310047772,202.22033767700196,7.622317606206639,217.46497288941524,186.9757024645887,398312.1,187.29754638671875,212.0718536376953,-0.6868812561035043
1333,2023-03-27,190.92985999065897,191.58181276783836,186.27303413722828,187.43724060058597,536803,0.0,0.0,211.4776412963867,210.8725470221731,17.632272894218787,197.94371361440744,203.25312799716914,-5.309414382761702,-4.160163805100437,202.90721893310547,6.7791227109065115,216.46546435491848,189.34897351129246,380465.0,187.43724060058597,212.0718536376953,-0.873154449462902
1332,2023-03-24,192.7460281254141,195.6332659723739,190.04507469039132,191.95437622070312,708274,0.0,0.0,212.4229769897461,211.82909014142155,25.534798595773083,199.85398143510224,204.5183989888958,-4.664417553793555,-3.8728511606851197,203.78037338256837,5.724269093724657,215.2289115700177,192.33183519511906,360891.05,191.95437622070312,212.0718536376953,-0.735777282714821
1331,2023-03-23,197.35626714416364,197.58910842876577,193.72394878897208,194.32933044433597,403102,0.0,0.0,213.25747985839843,212.64030295451207,28.832658034641156,201.2902732922657,205.5235208103512,-4.233247518085477,-3.6749595624080102,204.5161506652832,5.0275336315581365,214.57121792839948,194.4610834021669,347492.45,194.32933044433597,212.0718536376953,-0.4470565795898551
1330,2023-03-22,200.98861259055295,200.98861259055295,196.84404030134465,197.30972290039065,509399,0.0,0.0,214.03610107421875,213.38768958758047,31.490057575313728,202.55589926461658,206.41905603963238,-3.8631567750157956,-3.5353875734886433,204.96320724487305,4.436861361915433,213.8369299687039,196.08948452104218,347326.1,197.30972290039065,212.0718536376953,-0.137375640869152
1329,2023-03-21,202.75819868026872,202.75819868026872,198.8464677311375,199.2655792236328,449460,0.0,0.0,214.75604614257813,214.04393312583312,38.7878700621967,203.5097495126577,207.14780269077173,-3.638053178114035,-3.453445273106855,205.1005828857422,4.224890710711622,213.55036430716544,196.65080146431896,347426.5,199.2655792236328,212.0718536376953,-0.22585678100585938
1328,2023-03-20,201.82684307314167,202.38566789733443,198.66020696673093,199.91754150390625,235704,0.0,0.0,215.43314880371094,214.64713124429028,48.41271320396374,204.28141683793496,207.77838056814284,-3.496963730207881,-3.4072932968550593,205.32643966674806,4.011913912339426,213.3502674914269,197.3026118420692,357634.15,199.91754150390625,212.0718536376953,-0.3562469482421875
1327,2023-03-17,201.2214615445323,203.1773200080232,199.87098479822785,201.82684326171875,293112,0.0,0.0,216.13074127197265,215.24833898879572,45.86469345303356,205.07484871684926,208.40724769328176,-3.3323989764325006,-3.384875688516854,205.68268661499025,3.817990588171266,213.31866779133279,198.0467054386477,367994.5,200.05723571777344,212.0718536376953,-0.3818595886230298
1326,2023-03-16,204.43465378291324,205.5522891389699,200.38320962926505,200.8488922119141,365725,0.0,0.0,216.79387298583984,215.79615514092131,42.3312999361959,205.66539516323664,208.9336800478068,-3.268284884570164,-3.397994866537942,206.06454620361328,3.793892068282648,213.65233034017857,198.47676206704799,373437.4,200.05723571777344,212.0718536376953,-0.49129486083984375
1325,2023-03-15,203.45671167632185,204.1552355302425,201.5008534122465,202.9444580078125,235023,0.0,0.0,217.49239685058595,216.40624750537057,49.5847829813301,206.541122972568,209.58046307467822,-3.0393401021102306,-3.430422362029886,206.55584106445312,3.7183938717043716,213.99262880786188,199.11905332104436,365091.95,200.05723571777344,212.0718536376953,-0.32132263183595455
1324,2023-03-14,206.76305468847613,206.76305468847613,199.68467415868355,200.75575256347656,291383,0.0,0.0,218.11827453613282,216.95570830118925,50.86704238882319,207.19506205706898,210.1113434800275,-2.9162814229585194,-3.5281929270098,206.87716369628907,3.667210119866142,214.21158393602136,199.5427434565568,369749.45,200.05723571777344,212.0718536376953,-0.3003654479980469
1323,2023-03-13,213.04978530955967,213.04978530955967,204.0155458895537,205.0400390625,565378,0.0,0.0,218.7441519165039,217.61693098436118,51.582623713542034,208.3658456013585,210.85979075335158,-2.493945151993074,-3.68117080302262,207.17752914428712,3.3737151800322596,213.92495950435165,200.4300987842226,371872.45,200.05723571777344,212.0718536376953,-0.15600357055663494
1322,2023-03-10,207.4150358076948,212.5841157245692,206.66994077446412,211.32676696777344,674957,0.0,0.0,219.31042205810547,218.13027351178408,55.83756809543194,208.97053769933277,211.32537088861972,-2.35483318928695,-3.9779772157800064,207.33353271484376,3.341658807602571,214.0168503300489,200.65021509963861,409664.45,200.05723571777344,212.0718536376953,0.19325866699219318
1321,2023-03-09,210.20911008370143,212.72379312930585,208.1601096099314,208.67236328125,344270,0.0,0.0,219.77796722412108,218.4079676564376,48.91441670847915,208.5421323777981,211.3252592022874,-2.783126824489301,-4.38376322240327,207.14027404785156,3.207642926162719,213.555559900177,200.72498819552612,390502.8,200.05723571777344,212.0718536376953,-0.025613403320306816
1320,2023-03-08,211.41990083864368,213.46890144059384,210.2091232338306,212.0718536376953,186314,0.0,0.0,220.35913909912108,218.8053392635881,52.038067915711764,208.51845403171598,211.53749087597038,-3.0190368442544013,-4.783922321881763,207.16588745117187,3.2225314347823573,213.61095032073658,200.72082458160716,431855.5,200.05723571777344,212.0718536376953,0.3609046936035156
1319,2023-03-06,210.8610830715291,214.67968621152065,210.1625591467628,211.3733367919922,442731,0.0,0.0,220.80526306152345,219.08017541158372,52.87048382912582,207.87238137608338,211.49474185503237,-3.622360478948991,-5.2251436912886025,206.80498275756835,3.043386742021394,212.89175624161115,200.71820927352556,474423.15,200.05723571777344,211.3733367919922,-0.04889602661134518
1318,2023-03-03,208.6258116431636,210.7679545157293,207.78758862027092,208.99835205078125,206017,0.0,0.0,221.14800537109375,219.3947402531997,53.18304485187712,207.23584402773633,211.5044542600756,-4.268610232339256,-5.625839494373504,206.8538787841797,3.127344097045553,213.1085669782708,200.5991905900886,474253.0,200.05723571777344,212.35125732421875,-0.2887229919433594
1317,2023-03-02,209.0914847634134,210.5351036475108,207.18218328518816,208.3463897705078,236528,0.0,0.0,221.68074615478517,219.81908262880862,50.25974910211238,206.91538802354634,211.70494243681915,-4.7895544132728105,-5.965146809882066,207.14260177612306,3.570853189670087,214.28430815546324,200.00089539678288,483246.55,200.05723571777344,214.77281188964844,-0.5332061767578011
1316,2023-03-01,206.15769910287776,209.6968756035149,206.15769910287776,208.5326690673828,301717,0.0,0.0,222.29265289306642,220.28735580669843,51.47247989326755,206.65520588773515,211.97362665012406,-5.318420762388911,-6.25904490903438,207.67580795288086,4.448423135995145,216.57265422487114,198.77896168089057,486825.95,200.05723571777344,219.0105133056641,-0.7404350280761776
1315,2023-02-28,201.73371473731376,209.92971740164512,200.2435246829777,206.1576995849609,430691,0.0,0.0,223.0433334350586,220.7671389389154,45.76271838106972,206.31384894598102,212.24890325674338,-5.935054310762354,-6.494200945695747,208.41624298095704,5.664718279704847,219.74567954036672,197.08680642154735,489464.3,200.05723571777344,223.34136962890625,-1.2852828979492017
1314,2023-02-27,205.7851252042787,205.7851252042787,200.3366476525549,201.03517150878903,192712,0.0,0.0,223.8796990966797,221.36344258601557,44.53334603217317,206.3422397388938,212.736199550486,-6.393959811592197,-6.633987604429094,209.70152587890624,7.682237719101958,225.06600131711016,194.3370504407023,493938.1,200.05723571777344,231.8633575439453,-0.9104095458984602
1313,2023-02-24,207.228742426092,207.5547259077684,203.5032818880948,204.90032958984372,145324,0.0,0.0,224.8399365234375,222.19316793610642,40.338159663027476,207.30716123527648,213.67228179382175,-6.3651205585452715,-6.693994552638317,210.6119354248047,7.680058891273795,225.9720532073523,195.2518176422571,499333.05,200.05723571777344,231.8633575439453,-0.9825912475585881
1312,2023-02-23,203.27044474936045,208.1135407052116,201.26801535395705,206.669921875,440302,0.0,0.0,225.71914581298827,222.89899807268858,39.6674474325592,207.74476698899153,214.37403797014,-6.629270981148466,-6.776213051161579,211.5945266723633,8.153398850507374,227.90132437337803,195.28772897134854,504777.3,200.05723571777344,231.8633575439453,-0.9243804931640511
1311,2023-02-22,200.0106837216931,204.57436767730644,198.42736566840924,203.2704620361328,399775,0.0,0.0,226.61232543945312,223.5614093460636,30.34887911990772,207.94019337335362,214.9903672577512,-7.050173884397566,-6.812948568664857,212.51890716552734,8.601389519259977,229.7216862040473,195.31612812700737,490313.95,200.05723571777344,231.8633575439453,-1.2084457397461108
1310,2023-02-21,203.92239537969505,204.8537605234356,199.54498204641527,200.05723571777344,511407,0.0,0.0,227.5744253540039,224.3896112770812,21.719469257146045,208.7892354346665,215.92795967548065,-7.138724240814156,-6.753642239731679,213.72735290527345,8.925345304211875,231.5780435136972,195.8766622968497,478732.1,200.05723571777344,231.8633575439453,-1.3923912048339844
1309,2023-02-20,207.64787485752996,207.64787485752996,203.13076202608303,203.78271484375,653613,0.0,0.0,228.58495666503907,225.38276946317538,19.45290903097144,210.37687174682887,217.19761759209723,-6.8207458452683625,-6.65737173946106,215.11974411010743,8.852398399736572,232.82454090958058,197.4149473106343,464040.4,203.78271484375,231.8633575439453,-1.2782981872558423
1308,2023-02-17,210.58167096278515,210.58167096278515,206.2973854892419,207.04248046875,442911,0.0,0.0,229.54426208496093,226.2644043456009,38.973068314552805,211.57580936557048,218.27080981196502,-6.695000446394545,-6.616528213009233,216.39804229736328,8.97419578519503,234.34643386775335,198.4496507269732,439917.95,204.853759765625,231.8633575439453,-1.2782989501953068
1307,2023-02-16,211.7924481146464,212.1650027344244,209.18463683372815,209.4640350341797,401970,0.0,0.0,230.4327850341797,227.048972667105,37.04000106949826,212.4000509831742,219.16907615942222,-6.769025176248022,-6.596910154662904,217.67634124755858,9.382956928096617,236.44225510375182,198.91042739136535,436394.45,204.853759765625,232.60845947265625,-1.1618782043457259
1306,2023-02-15,209.60372521449884,211.88556693923596,209.18461374856815,210.6747894287109,198816,0.0,0.0,231.25145477294922,227.76672522355094,37.429258696031624,212.93387206480955,219.94547944944162,-7.011607384632072,-6.553881399266624,218.8382194519043,9.744296348350408,238.32681214860511,199.3496267552035,425030.75,204.853759765625,232.70159912109372,-1.2107749938964787
1305,2023-02-14,207.55475125278284,210.86108651479665,205.73857764952857,209.37091064453125,328173,0.0,0.0,231.9825765991211,228.46435525599338,34.57872820789048,213.34461436228202,220.68713465110008,-7.342520288818065,-6.439449902925261,220.0489944458008,10.171639495044536,240.39227343588985,199.70571545571173,421123.15,204.853759765625,234.89028930664065,-1.1898193359375
1304,2023-02-13,209.27774456452985,209.27774456452985,205.55228399654,206.7630615234375,333843,0.0,0.0,232.77889282226562,229.243679525849,31.270631122424973,214.0671059473276,221.59243257162558,-7.525326624297975,-6.2136823064520605,221.2388137817383,10.248331692345253,241.73547716642878,200.7421503970478,412721.7,204.853759765625,234.89028930664065,-1.448273468017561
1303,2023-02-10,208.62579304739933,209.60372929460988,205.8316976048002,208.1601104736328,1321218,0.0,0.0,233.66834655761718,230.16125577084537,31.244850692364082,215.39511402439854,222.77878225548062,-7.383668231082083,-5.885771226990581,222.68708724975585,10.141089748721017,242.96926674719788,202.40490775231382,419830.8,204.853759765625,235.72853088378903,-1.3271957397461165
1302,2023-02-09,210.1159900727543,210.1159900727543,207.13561013066885,207.4615936279297,291724,0.0,0.0,234.5084378051758,231.05926170134381,28.706636425725392,216.71056921544684,223.94827599802844,-7.237706782581597,-5.5112969759677055,224.01428298950196,9.873241612939873,243.76076621538172,204.2677997636222,362251.95,204.853759765625,235.72853088378903,-1.3108963012695085
1301,2023-02-08,205.9248531204938,210.1625534466008,205.8782820178047,209.18463134765625,1171324,0.0,0.0,235.4127932739258,232.02243182678927,29.521508416706723,218.39220114044997,225.26721058763636,-6.875009447186386,-5.079694524314232,225.32517929077147,9.282675973683139,243.89053123813775,206.7598273434052,358039.75,204.853759765625,235.72853088378903,-1.2037879943847827
1300,2023-02-07,213.46888731335545,214.21398226789245,204.34150609616185,204.853759765625,1037667,0.0,0.0,236.12063079833985,232.95458694838652,22.83066149690194,220.06630473913975,226.55381692683477,-6.4875121876950175,-4.630865793596193,226.52896728515626,8.6165739357307,243.76211515661765,209.29581941369486,305594.6,204.853759765625,235.72853088378903,-1.4226608276367188
1299,2023-02-06,215.1453528153269,216.0767179790296,211.2336219700764,212.35125732421875,439328,0.0,0.0,237.0464080810547,234.10155948645843,28.974552457890567,222.83222200705154,228.28982149973154,-5.4575994926800036,-4.166704195071487,227.95162811279297,7.057318300280155,242.0662647133533,213.83699151223266,265777.4,212.35125732421875,235.72853088378903,-1.0384727478027287
1298,2023-02-03,219.75560697591573,221.6183372985961,212.95663845583147,214.77281188964844,385888,0.0,0.0,237.6508645629883,234.98932692165187,28.893025520407207,224.7378519493848,229.56490663377255,-4.827054684387747,-3.8439803706693576,228.9901008605957,6.104736899666307,241.19957465992832,216.7806270612631,252929.5,214.77281188964844,235.72853088378903,-1.0012176513671989
1297,2023-02-02,223.34136985852783,225.48351258463748,217.38062426363567,219.0105133056641,308116,0.0,0.0,238.16311553955077,235.81449080050913,33.09926783048691,226.5496774147914,230.74827421330247,-4.198596798511062,-3.59821179223976,229.9913185119629,5.229624074404635,240.45056666077218,219.53207036315362,251454.9,219.0105133056641,235.72853088378903,-0.7986457824706861
1296,2023-02-01,230.9785611471148,233.7726566448621,221.75805168915036,223.34136962890625,354484,0.0,0.0,238.57943603515625,236.5003674329518,38.012945970935434,227.92043452554182,231.68729508591352,-3.766860560371697,-3.448115540671934,230.7899642944336,4.652202496003763,240.09436928644112,221.48555930242605,250050.4,219.2433624267578,235.72853088378903,-0.6216857910156364
1295,2023-01-31,223.52764206747983,236.56675452141613,220.54727634888104,231.8633575439453,520167,0.0,0.0,238.92404083251952,237.03746938413735,48.005336763362784,228.75299177947556,232.3549691224741,-3.601977342998538,-3.368429285746993,231.41165008544922,4.4299030474966345,240.2714561804425,222.55184399045595,258402.6,219.2433624267578,235.77508544921875,-0.11874923706054119
1294,2023-01-30,225.39037843223912,226.78742623243892,217.0080916310401,219.2433624267578,300611,0.0,0.0,239.09354919433594,237.24865762251255,18.67216673136126,228.18747073139016,232.3942980487564,-4.206827317366248,-3.310042271434107,231.53039932250977,4.474259131450233,240.47891758541024,222.5818810596093,250560.2,219.2433624267578,235.77508544921875,-0.6403129577636832
1293,2023-01-27,226.32174272960808,227.4393781230088,222.7825521409181,224.5521545410156,254209,0.0,0.0,239.50521270751952,237.98356763050253,25.268760850627345,229.8136722413233,233.4463728985163,-3.6327006571929985,-3.085846009951071,232.17071228027345,3.4140514836831395,238.99881524763973,225.34260931290717,265507.25,224.5521545410156,235.77508544921875,-0.44006958007810226
1292,2023-01-25,228.4638809618476,228.6035800539188,224.4590078549153,225.15753173828125,151035,0.0,0.0,239.8581997680664,238.53178857293057,23.79740472186974,230.77031182319743,234.15791036711636,-3.3875985439189265,-2.9491323481405893,232.61078186035155,2.910440845109338,238.43166355057022,226.78990017013288,265660.0,225.15753173828125,235.77508544921875,-0.47732467651368893
1291,2023-01-24,229.02269481367057,230.2800435062948,226.60115384364187,227.4393768310547,168138,0.0,0.0,240.2335400390625,239.07767660699787,26.85709364037811,231.7908172931822,234.87794065742318,-3.0871233642409948,-2.839515799196005,233.08810653686524,2.3532352421427087,237.79457702115064,228.38163605257984,269443.6,227.4393768310547,235.77508544921875,-0.5145790100097543
1290,2023-01-23,229.8143613018148,230.46631409441252,226.7874244254991,227.90505981445312,217573,0.0,0.0,240.5399591064453,239.5527092509139,26.33048927788633,232.58198828629628,235.47302576353266,-2.891037477236381,-2.7776139079347573,233.602685546875,2.171207380158264,237.94510030719152,229.26027078655846,319964.05,227.90505981445312,237.73095703125,-0.3236495971679858
1289,2023-01-20,232.8878691616766,233.21383845205725,228.8364248908347,229.3486785888672,171164,0.0,0.0,240.8715249633789,240.02812351362658,35.37599931363492,233.4323389175405,236.07846303945902,-2.6461241219185183,-2.749258015609351,233.92633514404298,1.7108317583896628,237.3479986608223,230.50467162726366,321643.35,229.3486785888672,237.73095703125,0.0419113159179858
1288,2023-01-19,232.794729670974,234.98344358284623,231.53739517370056,232.60845947265625,372441,0.0,0.0,241.19377716064454,240.46401922484125,51.785780459785826,234.17482261366294,236.61684579550638,-2.442023181843439,-2.775041489032059,233.884423828125,1.8346615548987704,237.55374693792254,230.21510071832745,340835.2,228.5104522705078,237.73095703125,-0.1513465881347713
1287,2023-01-18,235.63539379400603,236.19421859432504,232.09620321883065,232.70159912109372,174696,0.0,0.0,241.3474526977539,240.78465431676716,48.06631884603694,234.4596159120278,236.93751670133437,-2.477900789306574,-2.8582960658292142,234.03577041625977,1.8486604457422364,237.73309130774425,230.33844952477529,338242.1,228.5104522705078,237.73095703125,-0.3120063781738338
1286,2023-01-17,234.7040191178956,235.54224207300052,232.5153053185039,234.89028930664065,120664,0.0,0.0,241.69764556884766,241.1145749369987,50.58136821320368,234.77925532856125,237.27639010775363,-2.497134779192379,-2.9533948849598737,234.3477767944336,2.118524780803403,238.5848263560404,230.1107272328268,347302.6,228.5104522705078,238.9417266845703,-0.5588203430175724
1285,2023-01-16,236.5202037556637,236.98588638334223,232.5153303153264,233.16729736328125,160144,0.0,0.0,241.9789175415039,241.3686274117072,36.82804459766781,234.7590673325468,237.46727817184265,-2.7082108392958446,-3.0674599114017473,234.90659713745117,3.3722391874483955,241.65107551234797,228.16211876255437,352847.4,228.5104522705078,246.0666961669922,-0.7404342651367131
1284,2023-01-13,234.6574524083321,236.7064529458739,233.77265833661,235.72853088378903,476025,0.0,0.0,242.2546011352539,241.70337557694907,53.72750252908335,235.04848005423145,237.81127663652757,-2.7627965822961187,-3.157272179428223,235.64703140258788,4.430081156319223,244.50719371522632,226.78686908994945,361957.85,228.5104522705078,247.9759826660156,-0.6659255981445256
1283,2023-01-12,234.61088306598904,235.16970785837324,233.5863898952911,234.7040252685547,169641,0.0,0.0,242.46788360595704,241.94724678891478,63.488826826781654,234.92483444885733,237.97789629674665,-3.0530618478893246,-3.2558910787112487,236.3129570007324,5.348739588228492,247.0104361771894,225.61547782427542,396463.45,228.5104522705078,249.0470428466797,-0.7078384399414119
1282,2023-01-11,234.1917733482951,235.58882112831452,231.95650258486592,233.6795196533203,207480,0.0,0.0,242.775234375,242.24288848362335,46.63460730608947,234.9649815725487,238.239805979002,-3.274824406453291,-3.3065983864167294,237.02079544067382,6.0193116281645125,249.05941869700285,224.9821721843448,401056.25,228.5104522705078,249.0470428466797,-0.8824691772460938
1281,2023-01-10,233.67950269664408,234.0986283694405,232.46873941102209,233.2603912353516,122421,0.0,0.0,243.12915313720703,242.59241374200306,41.107852502865896,235.19870192149932,238.6046288850565,-3.4059269635571923,-3.3145418814075884,237.90326461791992,6.752749630224296,251.40876387836852,224.39776535747131,406198.6,228.5104522705078,251.3289031982422,-0.9057533264160327
1280,2023-01-09,233.9589290985049,234.9834364755228,230.3266106009048,233.30697631835935,241323,0.0,0.0,243.42812164306642,242.97331261982558,33.651523036853675,235.55112204625345,239.03216789703288,-3.4810458507794237,-3.291695610870187,238.80901794433595,7.290689292894404,253.39039653012475,224.22763935854715,410993.25,228.5104522705078,251.37545776367188,-0.8638412475585824
1279,2023-01-06,233.8658072821844,235.58882437437944,232.09620487620765,233.12071228027344,182370,0.0,0.0,243.67752624511718,243.36785695866095,31.77142527605325,235.9591485422342,239.49018322332674,-3.5310346810925353,-3.2443580508928775,239.67285919189453,7.620531419605154,254.91392203110485,224.43179635268422,438956.8,228.5104522705078,251.37545776367188,-0.9313636779785099
1278,2023-01-05,235.54224568339305,236.61332415522745,234.0986410398629,234.7971649169922,356396,0.0,0.0,243.93432647705077,243.78610776186042,32.2505810165528,236.4752278625907,239.999740898771,-3.524513036180281,-3.1726888933429627,240.60422286987304,7.910375503848901,256.42497387757084,224.78347186217525,446816.05,228.5104522705078,251.74798583984372,-0.833573150634777
1277,2023-01-04,235.77508080152415,236.4736046603612,233.58638123740408,234.98342895507807,280026,0.0,0.0,244.15943206787108,244.1530033881816,32.71457042580903,236.78033021633593,240.4159469773133,-3.6356167609773706,-3.084732857633633,241.43779602050782,8.141263521851469,257.72032306421073,225.15526897680488,448842.1,228.5104522705078,251.74798583984372,-0.7707046508789119
1276,2023-01-03,235.0765615766121,236.56675152277475,233.02756105926696,235.77508544921875,521528,0.0,0.0,244.44596252441406,244.5272717323899,31.403075456806747,237.10703953656463,240.85054841909212,-3.743508882527493,-2.947011881797698,242.20850067138673,8.227237768396623,258.66297620818,225.7540251345935,462202.95,228.5104522705078,251.74798583984372,-0.5727897644042912
1275,2023-01-02,233.58638950280667,235.12313636202387,231.3976756497351,234.23834228515625,363319,0.0,0.0,244.6478405761719,244.88450382558054,28.75286612635928,237.34921300699114,241.256585456682,-3.907372449690854,-2.747887631615249,242.78129043579102,8.15422103310681,259.08973250200467,226.4728483695774,475186.7,228.5104522705078,251.74798583984372,-0.7474189758300724
1274,2022-12-30,234.3314775701521,234.61087574612213,231.6305101065718,232.04962158203125,599552,0.0,0.0,244.92357940673827,245.31904103131214,26.196116457668822,237.9148258655066,241.81804491040407,-3.903219044897469,-2.4580164270963474,243.5287094116211,8.013836645549551,259.5563827027202,227.501036120522,476933.0,228.5104522705078,251.74798583984372,-0.9593063354492131
1273,2022-12-29,235.58881686556225,235.58881686556225,232.37560987195832,233.35354614257807,257264,0.0,0.0,245.1494985961914,245.86064998842565,26.290484237423584,238.9812266443203,242.5995187766739,-3.6182921323536164,-2.096715772646067,244.4880157470703,7.70998530899643,259.90798636506315,229.06804512907746,461508.1,228.5104522705078,251.74798583984372,-0.8405563354492358
1272,2022-12-28,237.9638033972846,237.9638033972846,234.2383426787361,234.7040252685547,226707,0.0,0.0,245.42549926757812,246.37114402295003,27.77764967777452,240.00444128100068,243.33919658740157,-3.3347553064008935,-1.716321682719179,245.32857208251954,7.339693523220133,260.0079591289598,230.64918503607927,473474.45,228.5104522705078,251.74798583984372,-0.8987670898437443
1271,2022-12-27,236.5201794812483,239.12800477090477,234.75059136228745,237.73095703125,1178547,0.0,0.0,245.71761779785157,246.84735295170086,32.29161422445972,240.96815328326358,244.0300102929093,-3.0618570096457347,-1.3117132767987503,246.2273391723633,7.065663694843969,260.3586665620512,232.09601178267536,492244.8,228.5104522705078,252.6793670654297,-0.34227752685546875
1270,2022-12-26,229.6280976661729,235.58882938523237,226.60116070337597,234.3780517578125,251159,0.0,0.0,245.9556201171875,247.21945074437232,31.937136173933965,241.55673441999335,244.53393455384204,-2.9772001338486973,-0.8741773435870042,246.56961669921876,6.792961228992147,260.15553915720307,232.98369424123447,468600.55,228.5104522705078,252.6793670654297,-0.8382286071777401
1269,2022-12-23,234.7040250240403,235.1231365121394,226.88056320784088,228.5104522705078,555001,0.0,0.0,246.2551754760742,247.7435894785176,17.352870597827135,242.8619494494808,245.3464051775244,-2.4844557280435993,-0.34842164602158077,247.4078453063965,6.219526628229019,259.84689856285456,234.96879204993846,494220.45,228.5104522705078,252.6793670654297,-0.7031814575195199
1268,2022-12-22,242.527487903088,242.527487903088,233.3069782784805,235.6353912353516,320579,0.0,0.0,246.5555484008789,248.5286154870078,20.66540917821196,245.47131257293043,246.69328141008572,-1.2219688371552877,0.1855868744839239,248.11102676391602,4.53832942026278,257.1876856044416,239.03436792339045,482239.6,235.6353912353516,252.6793670654297,-0.23749847412108238
1267,2022-12-21,246.43923347266923,248.6279473405741,237.54469311949887,238.9417266845703,355906,0.0,0.0,246.73728057861328,249.05486953809583,26.95977851525265,247.25966190703568,247.57791262406442,-0.3182507170287465,0.5374758023937268,248.3485252380371,3.9353229528435527,256.2191711437242,240.47787933235,477348.4,238.9417266845703,252.6793670654297,-0.04424057006838211
1266,2022-12-20,247.97598344970132,248.6745073467428,244.7627621541068,246.0666961669922,231560,0.0,0.0,246.9235400390625,249.46765087905607,33.254688183443776,248.77201376566575,248.26880749922395,0.5032062664417936,0.751407432249345,248.39276580810548,3.827503168238324,256.04777214458215,240.73775947162883,466074.75,239.8265380859375,252.6793670654297,0.2747543334961051
1265,2022-12-19,249.0936322669538,249.978412146604,246.06669538934045,247.9759826660156,342353,0.0,0.0,246.97280578613282,249.60646535709947,56.552973704335564,249.2638896926973,248.4449764058025,0.8189132868947979,0.8134577237012328,248.11801147460938,4.183903470416242,256.4858184154419,239.7502045337769,460307.15,239.8265380859375,252.6793670654297,0.3818603515624943
1264,2022-12-16,248.6745024601802,250.77007411012556,246.0666913316743,249.0470428466797,1166137,0.0,0.0,247.0095785522461,249.67301567102126,46.66664077700065,249.4980546066394,248.48249590498546,1.0155587016539585,0.8120938329028414,247.73615112304688,4.531619370443536,256.7993898639339,238.6729123821598,454116.4,239.8265380859375,252.6793670654297,0.4610252380371094
1263,2022-12-15,251.46860527136317,252.95879528349923,248.11568484980955,248.8607940673828,261497,0.0,0.0,247.00290710449218,249.6985655822189,57.89475297830969,249.58005674481393,248.4373321496499,1.142724595164026,0.7612276157150621,247.27512588500977,4.849137547498275,256.9734009800063,237.57685079001322,406574.65,239.8265380859375,252.6793670654297,0.33296432495117756
1262,2022-12-14,252.39996748636835,252.39996748636835,250.3509526910757,251.3289031982422,310327,0.0,0.0,246.9357290649414,249.73276033792646,63.83983981820542,249.71083177707416,248.40345519623125,1.307376580842913,0.6658533708528213,246.9421615600586,4.961846634922064,256.86585482990273,237.01846829021446,404724.95,239.8265380859375,252.6793670654297,0.3702178955078068
1261,2022-12-13,251.84114035620297,253.5176147431207,251.002917374249,251.37545776367188,218314,0.0,0.0,246.83937652587892,249.6676116497503,64.41861475226206,249.41663697322542,248.16941935607036,1.2472176171550586,0.5054725683552983,246.5719436645508,4.893065977283235,256.35807561911724,236.78581170998433,406400.7,239.8265380859375,252.6793670654297,0.4307563781738395
1260,2022-12-12,252.30683261249305,253.65732355176308,248.5348148377209,250.58380126953125,800594,0.0,0.0,246.7127297973633,249.59790364510044,62.514595233781236,249.06048773859877,247.91293628346224,1.1475514551365222,0.3200363061553582,246.14118728637695,4.826698920191364,255.79458512675967,236.48778944599422,409042.8,239.8265380859375,252.6793670654297,0.3050224304199105
1259,2022-12-09,251.46858766719467,254.16954088716656,249.1401748184244,251.74798583984372,339555,0.0,0.0,246.54319030761718,249.5576629257359,64.60072062980515,248.7835216420656,247.69926708457672,1.0842545574888902,0.11315751891006717,245.83616485595704,4.722812776065136,255.28179040808732,236.39053930382676,388836.85,239.8265380859375,252.6793670654297,0.3143348693847656
1258,2022-12-08,250.53726264105904,253.0519602895611,249.14021470811636,251.4686279296875,396917,0.0,0.0,246.37147216796876,249.4682619904662,64.81046665113752,248.2445281515605,247.37536958415535,0.869158567405151,-0.12961674073463858,245.52182998657227,4.513191347290587,254.54821268115344,236.4954472919911,418504.9,239.8265380859375,252.6793670654297,0.5588195800781364
1257,2022-12-07,249.60585592411616,251.9342687592292,248.0691091375432,250.39752197265625,547243,0.0,0.0,246.32095733642578,249.38661440111022,60.09176139032414,247.65832819190103,247.0479089165128,0.6104192753882387,-0.37931056776958594,244.96301040649413,4.429254922507547,253.82152025150924,236.10450056147903,426979.9,239.8265380859375,252.6793670654297,0.009313964843755684
1256,2022-12-06,249.1867247371657,250.0715329641563,246.48577159273168,247.2308807373047,781203,0.0,0.0,246.43317352294923,249.34535286757773,54.22115745008454,247.16029295903647,246.77993987202132,0.3803530870151519,-0.6267430285590421,244.95369644165038,4.4174056162639435,253.78850767417828,236.11888520912248,413942.2,239.8265380859375,252.6793670654297,-0.08615036010743893
1255,2022-12-05,251.9342602233036,253.05190971549345,248.6744823645917,249.1867218017578,398245,0.0,0.0,246.70598754882812,249.43165785248684,58.37375465352187,247.14745881753316,246.74386460279865,0.40359421473451107,-0.8785170574525906,245.03984680175782,4.480504560433178,254.00085592262417,236.07883768089147,391888.85,239.8265380859375,252.6793670654297,0.11176223754884518
1254,2022-12-02,250.4440822318176,252.81908040941173,249.60585928449373,251.2357482910156,291054,0.0,0.0,246.90022857666017,249.4416552423125,58.873937844635186,246.77668372949233,246.54843602688192,0.2282477026104175,-1.199044875499366,244.92808456420897,4.398752473825356,253.72558951185968,236.13057961655826,383137.05,239.8265380859375,252.6793670654297,0.24215469360350994
1253,2022-12-01,254.26267362837064,255.5665790905813,248.25535733278312,250.1646728515625,496591,0.0,0.0,247.07459320068358,249.36842695461033,56.19631462799113,245.9659447183063,246.1734510457512,-0.2075063274448894,-1.5558680200268118,244.68592987060546,4.160067107568306,253.00606408574208,236.36579565546884,388985.05,239.8265380859375,252.6793670654297,0.004655456542963066
1252,2022-11-30,245.8338555926526,253.2847771830583,245.78727027890645,252.6793670654297,602114,0.0,0.0,247.29699005126952,249.33592712208164,65.25229319015241,245.20253960316882,245.8541533012863,-0.6516136981174725,-1.8929584431722923,244.6812744140625,4.15366041677878,252.98859524762005,236.37395358050495,372667.8,239.8265380859375,252.6793670654297,0.06519546508789631
1251,2022-11-29,251.18920618279648,252.86565217608572,243.5520001622336,244.57650756835935,705662,0.0,0.0,247.6104022216797,249.19946018561845,43.35895912342388,243.84311642821228,245.30813620015482,-1.4650197719425364,-2.203294629435997,244.6160789489746,4.0299053011294745,252.67588955123355,236.55626834671565,357115.5,239.8265380859375,251.37545776367188,-0.1816154479980412
1250,2022-11-28,243.0863204967105,252.306830417156,243.0863204967105,251.1426239013672,763557,0.0,0.0,248.12441040039062,249.38815212918004,52.94860088383407,243.7097725845492,245.36666649069846,-1.6568939061492642,-2.387863343809362,244.79769439697264,4.109098453984383,253.01589130494142,236.57949748900387,336141.5,239.8265380859375,251.37545776367188,0.26827087402341476
1249,2022-11-25,240.57162347185005,243.59856041816607,240.33878216828728,242.57408142089844,315384,0.0,0.0,248.51627227783203,249.31654103643768,42.83537933077229,242.35834507240048,244.90458989784497,-2.5462448254444894,-2.5706057032243868,244.52942352294923,3.83934643655937,252.20811639606796,236.8507306498305,313017.3,239.8265380859375,251.37545776367188,-0.1693321228027287
1248,2022-11-24,240.01282032715932,244.66964626736024,239.9662350139514,240.38536071777344,222755,0.0,0.0,249.10152648925782,249.591743469725,39.6135122956572,242.3191202817645,245.09103057600072,-2.7719102942362213,-2.576695922669361,244.69875564575196,3.8232173744219655,252.3451903945959,237.05232089690801,316932.7,239.8265380859375,251.37545776367188,-0.28335418701172443
1247,2022-11-23,241.689268478838,242.29465017192865,239.40741237833083,239.8265380859375,130433,0.0,0.0,249.7562484741211,249.96751419429444,34.01157308186886,242.67071292976286,245.4674841646589,-2.796771234896056,-2.5278923297776457,244.98210983276368,3.694548875240835,252.37120758324536,237.593012082282,319860.5,239.8265380859375,251.37545776367188,-0.4741706848144531
1246,2022-11-22,240.10592691699625,241.5495599690313,239.45398835869796,240.5716094970703,116208,0.0,0.0,250.40654815673827,250.38143158647227,33.42851244872618,243.18783562864022,245.91875985095663,-2.7309242223164176,-2.4606726034980433,245.45628051757814,3.60553431017708,252.6673491379323,238.24521189722398,316856.2,239.8265380859375,251.37545776367188,-0.26486892700194176
1245,2022-11-21,239.82653615005685,241.31672613695045,238.05694797568756,240.3387756347656,218538,0.0,0.0,251.0768145751953,250.7818324880805,38.925265170856356,243.66351310710746,246.34653187926753,-2.683018772160068,-2.3931096987934497,245.72114944458008,3.417485079655375,252.55611960389083,238.88617928526932,330039.9,239.8265380859375,251.37545776367188,-0.38432540893555256
1244,2022-11-18,242.38779237617567,243.55199887173848,238.4294902912621,239.8265380859375,215302,0.0,0.0,251.73338623046874,251.20807970658316,42.055369561612494,244.26801082935143,246.8271523788277,-2.5591415494762657,-2.320632430451795,246.10547485351563,3.205996421887437,252.5174676972905,239.69348200974076,412757.05,239.8265380859375,251.37545776367188,-0.17595214843748863
1243,2022-11-17,244.01768106764703,246.8117766523911,241.45642678163168,242.20150756835935,224503,0.0,0.0,252.40203674316408,251.67263242579318,44.66920435769669,245.07555132815398,247.38720152225892,-2.311650194104942,-2.2610051506956768,246.28142700195312,2.9277495557681386,252.1369261134894,240.42592789041683,418649.15,240.292236328125,251.37545776367188,-0.24760360717775143
1242,2022-11-16,243.27260668828083,245.1353371271712,242.34124146883568,243.92454528808597,343842,0.0,0.0,252.96996887207033,252.0592089505864,46.83613055686139,245.59810473902573,247.8020570385709,-2.203952299545165,-2.2483438898433605,246.52903060913087,2.7696797136114912,252.06839003635386,240.98967118190788,420695.55,240.292236328125,251.37545776367188,-0.2692703247070085
1241,2022-11-15,245.41472666658004,246.20639275978388,242.24809071677453,242.7603302001953,271156,0.0,0.0,253.43829071044922,252.3912360388517,40.832357270578264,245.90238827556024,248.1122579786097,-2.2098697030494634,-2.2594417874179094,246.79830093383788,2.7649254033136903,252.32815174046527,241.26845012721049,412074.75,240.292236328125,251.37545776367188,-0.3435371398925895
1240,2022-11-14,246.71862334371852,248.86078024941185,243.4122884197905,244.4833526611328,396475,0.0,0.0,254.0996514892578,252.7843342363479,48.14949309694843,246.47367156199024,248.54041220088286,-2.066740638892611,-2.271834808510021,247.14183807373047,2.6617215622519748,252.4652811982344,241.81839494922653,418406.45,240.292236328125,251.37545776367188,-0.24362335205077557
1239,2022-11-11,242.15495334301528,246.57893806755115,234.70403170169172,245.46128845214844,932916,0.0,0.0,254.75040863037108,253.12314981084646,46.680285279649134,246.8355477257825,248.86497696406286,-2.0294292382803576,-2.323108350914373,247.38546142578124,2.628363459534087,252.64218834484942,242.12873450671307,442435.95,240.292236328125,251.37545776367188,0.09660949707031818
1238,2022-11-10,250.2112706314859,250.25785594814735,239.40742796468876,240.292236328125,566417,0.0,0.0,255.3522442626953,253.43587884589536,45.99596603142334,247.08541304826144,249.137272045016,-2.051858996754561,-2.396528129072877,247.28885192871093,2.7361134598128793,252.7610788483367,241.81662500908516,409775.25,240.292236328125,251.37545776367188,-0.22148818969728268
1237,2022-11-09,250.07154358742915,251.2823069171592,249.1401784344033,250.21124267578125,286489,0.0,0.0,256.20060546875,253.9723540507023,54.7750095434899,248.32053608828625,249.84487490236728,-1.5243388140810339,-2.4826954121524554,247.5103401184082,2.281446660227401,252.073233438863,242.9474467979534,397198.25,243.3455810546875,251.37545776367188,0.09782714843751705
1236,2022-11-07,248.20880720447784,250.1646796625481,245.55441089874012,248.95388793945312,340136,0.0,0.0,256.76157958984373,254.12586880069907,49.459138599123776,247.97677125419625,249.81556548049414,-1.8387942262978925,-2.7222845616703104,247.4125129699707,2.2000331571558553,251.8125792842824,243.01244665565898,393298.3,243.3455810546875,251.37545776367188,0.021195220947248572
1235,2022-11-04,248.06912665978345,248.3485248505289,245.41473015566092,246.95147705078125,223209,0.0,0.0,257.5284674072266,254.33697006034177,45.71059812742609,247.79911367505863,249.88449968377742,-2.0853860087187854,-2.9431571455134145,247.39131774902344,2.186401644207469,251.76412103743837,243.01851446060851,382496.2,243.3455810546875,251.37545776367188,-0.1431571960449105
1234,2022-11-03,250.07155835992492,251.23576486998047,245.13533412649377,246.3926544189453,408014,0.0,0.0,258.29778076171874,254.63841875460955,45.213213319805696,247.95322942492723,250.1191414944171,-2.1659120694898775,-3.157599929712071,247.53447494506835,2.2489266429212766,252.0323282309109,243.0366216592258,379768.05,243.3455810546875,251.37545776367188,-0.11604080200194744
1233,2022-11-02,252.260277691129,252.260277691129,249.6058811066981,250.07156372070312,170246,0.0,0.0,259.05349700927735,254.9749805642285,59.88308115860384,248.23697033510575,250.41726046045486,-2.180290125349103,-3.4055218947676194,247.6505157470703,2.246783862991155,252.1440834730526,243.156948021088,367317.55,243.3455810546875,251.37545776367188,0.228483581542946
1232,2022-11-01,251.93428255931116,254.2626955219665,249.8387108929213,251.37545776367188,291068,4.0,0.0,259.6429574584961,255.17512002722953,60.0845636037916,247.90340790136077,250.44491619963497,-2.541508298274209,-3.7118298371222482,247.42203216552736,2.2198118958006905,251.86165595712873,242.98240837392598,365977.2,243.3455810546875,251.37545776367188,0.24320907592775143
1231,2022-10-31,247.0159572617989,249.35580736255469,246.970060826806,248.2088165283203,286182,0.0,0.0,260.3742593383789,255.33020828288494,49.93121867155738,247.2721261082133,250.37047287451202,-3.098346766298704,-4.004410221834258,247.1788230895996,2.0214718647072827,251.22176681901416,243.13587936018504,367474.95,243.3455810546875,249.8146209716797,0.1582847595214787
1230,2022-10-28,246.78656397552743,248.6676177797901,244.12552278531285,245.77720642089844,301073,0.0,0.0,261.1780700683594,255.62087733409163,45.58822378601935,247.10181875910297,250.54340538220734,-3.441586623104371,-4.230926085718146,247.02053833007812,2.060146592673419,251.14083151542496,242.9002451447313,362820.8,243.3455810546875,249.8146209716797,0.18351898193358807
1229,2022-10-27,248.57586879841404,248.6217652372481,245.1348960077308,245.96072387695312,393692,0.0,0.0,262.02776092529297,256.0226598203444,44.034063395974705,247.34265736604925,250.92470129911206,-3.582043933062806,-4.428260951371589,246.83701934814454,2.3233933700435734,251.4838060882317,242.19023260805739,376268.3,242.10682678222656,249.8146209716797,0.13993225097655682
1228,2022-10-25,249.4934166292536,249.4934166292536,244.9972185926997,246.0524444580078,281311,0.0,0.0,262.75357635498045,256.43335108333997,46.00549815773689,247.5939180004304,251.3218194928848,-3.727901492454407,-4.639815205948785,246.69708709716798,2.4592537533884196,251.61559460394483,241.77857959039113,374105.35,242.10682678222656,249.8146209716797,-0.14452209472653976
1227,2022-10-24,247.75003296617143,249.53934996089896,247.65826809416103,249.30995178222656,70347,0.0,0.0,263.56839965820313,256.85706155784334,55.72422259155571,247.87418591723448,251.74336949567498,-3.8691835784404986,-4.867793634322378,246.84160919189452,2.5039018907703143,251.84941297343514,241.8338054103539,373586.5,242.10682678222656,249.8146209716797,-0.3349189758300781
1226,2022-10-21,246.74068434611775,249.5852274655685,245.043132161711,245.86898803710935,379882,0.0,0.0,264.2978860473633,257.1651068548073,48.958376122901335,247.61313757814503,251.93804291275086,-4.32490533460583,-5.1174461482928475,247.1765281677246,3.2020851227099416,253.5806984131445,240.7723579223047,377935.25,242.10682678222656,256.0083312988281,-0.7501296997070312
1225,2022-10-20,243.16205393584195,251.42038784309696,242.93265577175157,248.02528381347656,1872881,0.0,0.0,264.9824099731445,257.626172928999,54.946698193676426,247.93025567651517,252.42356730280218,-4.49331162628701,-5.315581351714601,247.92665786743163,4.409347614548372,256.7453530965284,239.1079626383349,368551.05,242.10682678222656,260.87158203125,-0.5436744689941406
1224,2022-10-19,248.3923406104749,249.58519984985168,241.3268660312904,243.3455810546875,333144,0.0,0.0,265.5155322265625,258.01804595412233,52.1809398595417,247.91297783343128,252.7754299819482,-4.8624521485169225,-5.5211487830714985,248.47033233642577,5.0464710463745295,258.56327442917484,238.3773902436767,283264.0,242.10682678222656,260.87158203125,-0.8304199218750057
1223,2022-10-18,249.9522260235097,250.86981865061708,246.1900906518285,247.1535797119141,265431,0.0,0.0,266.14591796875,258.6169220724666,57.781672773917535,248.74341361138468,253.5298178961291,-4.786404284744407,-5.685822941710143,249.30075225830078,5.504494153256312,260.3097405648134,238.29176395178814,278398.45,242.10682678222656,260.87158203125,-0.7065467834472656
1222,2022-10-17,250.50281111024,252.56739471829144,247.75003296617143,249.30995178222656,171426,0.0,0.0,266.68546295166016,259.0848135973871,50.62700696442727,249.03247432037932,254.03991695086629,-5.007442630486963,-5.910677605951577,250.00729904174804,6.090137511501902,262.18757406475186,237.82702401874423,283745.15,242.10682678222656,261.2845153808594,-0.9520011901855412
1221,2022-10-14,250.96159356170492,256.3753846778514,248.85114163594292,249.63107299804688,397790,0.0,0.0,266.9598229980469,259.48378754902626,41.14652444842133,248.98202387277072,254.41831416435747,-5.436290291586744,-6.13648634981773,250.95930023193358,7.336093494902703,265.631487221739,236.28711324212819,294157.9,242.10682678222656,268.3499755859375,-1.0322921752929801
1220,2022-10-13,243.2079373253364,251.23687356229607,242.97853914713752,249.35581970214844,877065,0.0,0.0,267.12407165527344,259.88593916335196,35.81927061118118,248.86401494090234,254.80129345766233,-5.937278516759989,-6.311535364375477,251.99159240722656,8.499661466001582,268.99091533922973,234.9922694752234,281943.55,242.10682678222656,270.27691650390625,-1.0689949035644588
1219,2022-10-12,244.9972524405152,249.1264196164789,242.244474323206,243.5290985107422,279702,0.0,0.0,267.2626284790039,260.3157399576868,29.088678285601617,248.77459589340305,255.23693135810345,-6.462335464700402,-6.405099576279348,253.06058731079102,9.442849122931285,271.9462855566536,234.17488906492844,251218.8,242.10682678222656,270.7357177734375,-1.4153846740722713
1218,2022-10-11,249.4017007926331,252.7968052033441,243.1620812300769,244.7220001220703,314877,0.0,0.0,267.7223425292969,261.00090899633756,29.198079020555582,249.72832269025045,256.17355798589233,-6.445235295641879,-6.390790604174083,254.4759719848633,10.041521429048224,274.55901484295975,234.39292912676683,250394.55,242.10682678222656,271.8367919921875,-1.4199729919433537
1217,2022-10-10,247.7500349110732,250.50281307675175,246.28188095550308,248.25469970703125,208490,0.0,0.0,268.0526748657227,261.6653542565117,31.06670273338422,250.6385631571923,257.0896826149981,-6.451119457805788,-6.377179431307134,255.89594497680665,10.583001982820853,277.06194894244834,234.72994101116495,248755.05,242.10682678222656,273.1214599609375,-1.2043411254882983
1216,2022-10-07,249.1264131632672,250.6863319237514,247.15359449750636,248.5299835205078,124094,0.0,0.0,268.1838900756836,262.21272791159254,25.94659197261123,251.0719928754034,257.7964812476354,-6.724488372232031,-6.35869442468247,257.10028610229494,11.028809925186957,279.15790595266884,235.04266625192102,254444.2,242.10682678222656,273.1214599609375,-1.2777473449706918
1215,2022-10-06,250.50281551981104,252.20036767240995,249.12642642354837,249.8146209716797,168646,0.0,0.0,268.43347534179685,262.771207274494,25.548296516451387,251.53417639447534,258.53780106580564,-7.0036246713303,-6.267245937795081,258.37803344726564,11.45571245608477,281.2894583594352,235.4666085350961,263269.25,242.10682678222656,274.0849304199219,-1.1676368713378906
1214,2022-10-04,247.97940755813653,250.50278728352,246.92418163715348,248.7134704589844,159004,0.0,0.0,268.70691802978513,263.3000475317517,23.27392023489702,251.84682283498364,259.2356554733357,-7.388832638352085,-6.083151254411275,259.5456703186035,11.723925585767274,282.99352149013805,236.09781914706898,266250.2,242.10682678222656,274.0849304199219,-1.2272796630859375
1213,2022-10-03,247.0618107310098,249.5393219839902,244.26316446605776,245.50189208984372,143439,0.0,0.0,268.9776077270508,263.8954180245177,16.314539512617074,252.41652326698352,260.07743027448385,-7.660907007500327,-5.756730908426072,260.77294998168946,11.814697557313611,284.4023450963167,237.14355486706225,273710.3,242.10682678222656,274.0849304199219,-1.2548110961914176
1212,2022-09-30,245.04312230676425,250.0440137835175,243.666733240066,246.5112762451172,321023,0.0,0.0,269.1840661621094,264.64617418511665,16.200449258761807,253.6737289355544,261.24347332925504,-7.569744393700631,-5.280686883657508,262.0277610778809,11.434003098840911,284.8957672755627,239.15975488019905,288397.5,242.10682678222656,274.0849304199219,-1.0414680480956804
1211,2022-09-29,244.07966019609412,248.52999042803052,243.16206748859005,245.04312133789065,193099,0.0,0.0,269.42080474853515,265.386374101035,14.70930310545387,254.97599306108845,262.4220490959861,-7.446056034897651,-4.708422506146727,263.06922912597656,10.881573869610374,284.8323768651973,241.3060813867558,302155.9,242.10682678222656,274.0849304199219,-1.5392623901367415
1210,2022-09-28,244.0796453830901,253.48497006420547,239.03288579810143,242.10682678222656,570023,0.0,0.0,269.66580169677735,266.2167109485103,7.343869897517834,256.7819697380335,263.8123633166337,-7.030393578600183,-4.024014123958995,264.6084915161133,10.362464819387503,285.3334211548883,243.8835618773383,307775.3,242.10682678222656,275.828369140625,-1.7457191467285043
1209,2022-09-27,249.4934632346772,252.705037861096,241.32689335661115,243.16207885742188,350433,0.0,0.0,269.89244750976565,267.20078785325654,9.82789799558897,259.45017754818025,265.5488062393863,-6.098628691206045,-3.2724192602986975,266.3542106628418,9.253826565765335,284.8618637943725,247.84655753131113,298722.1,243.16207885742188,277.0212097167969,-1.6195495605468864
1208,2022-09-26,255.0907685953072,256.78832067750795,246.9700676635843,248.94288635253903,270934,0.0,0.0,270.26866027832034,268.1819596490049,11.59408693757679,262.411650037409,267.33974442994344,-4.928094392534433,-2.5658669025718606,267.9737602233887,7.6822352735903605,283.3382307705694,252.60928967620796,301840.05,248.94288635253903,277.0212097167969,-1.6883705139159702
1207,2022-09-23,261.5138868106309,261.83504981602675,255.1825035725984,256.0083312988281,157322,0.0,0.0,270.580641784668,268.96722794681983,23.23203479491694,264.86051616193083,268.8114930761358,-3.9509769142049436,-1.975310030081217,269.66213073730466,6.955866446208783,283.5738636297222,255.7503978448871,327092.55,256.0083312988281,282.7102966308594,-1.112580871582054
1206,2022-09-22,257.38474112440804,262.61503048737666,256.1918818675162,260.87158203125,192198,0.0,0.0,270.80912322998046,269.4961625038807,37.38805739267432,266.47000431885857,269.8357460183204,-3.3657416994618075,-1.481393309050285,270.7747116088867,6.415593640963954,283.6058988908146,257.9435243269588,381284.8,258.8987731933594,282.7102966308594,-1.3213348388671875
1205,2022-09-21,260.5963252789928,262.29387736462616,257.24711754408224,258.8987731933594,167140,0.0,0.0,271.0963296508789,269.84818619664117,23.680312601115716,267.48789928024195,270.552879137286,-3.0649798570440794,-1.0103062114474044,272.0960464477539,6.966365721685468,286.02877789112483,258.163315004383,438177.05,258.8987731933594,287.2982788085937,-1.3259185791015398
1204,2022-09-20,260.82570368712254,265.0466353631631,258.9446500067317,259.9539794921875,235833,0.0,0.0,271.19542999267577,270.29510101310166,23.579405070215998,269.0495585687661,271.48520761280014,-2.435649044034051,-0.49663780004823543,273.42196502685545,6.844887503333176,287.1117400335218,259.7321900201891,504811.15,259.9539794921875,287.2982788085937,-1.2112243652343864
1203,2022-09-19,269.68048279431235,269.68048279431235,260.5963208715156,261.2845153808594,372365,0.0,0.0,271.16056182861325,270.717187605792,28.00554339788087,270.70330021905306,272.4077058624491,-1.7044056433960577,-0.011884989051781591,274.63318939208983,6.469245544721464,287.5716804815328,261.6946983026469,571428.3,261.2845153808594,287.2982788085937,-0.9130035400390852
1202,2022-09-16,269.7722329599848,270.32279413799506,262.3397270636075,268.3499755859375,379681,0.0,0.0,271.05687408447267,271.10219463538107,27.926536716161948,272.4158065532701,273.29756110097634,-0.8817545477062367,0.41124517453428744,275.5461929321289,5.732799590371355,287.0117921128716,264.08059375138623,601786.75,267.34063720703125,287.2982788085937,-0.9795288085937273
1201,2022-09-15,271.9744685863835,273.1673558888274,269.77225172387284,270.27691650390625,153503,0.0,0.0,270.78251403808594,271.2145301067869,38.61254766755472,273.1550485473306,273.69336794217946,-0.5383193948488838,0.7344951050944184,276.52572174072264,6.100387755547837,288.72649725181833,264.32494622962696,615425.25,267.34063720703125,287.9405517578125,-0.9061218261718977
1200,2022-09-14,270.23105298422723,273.94729225712103,269.08406209719743,270.7357177734375,262570,0.0,0.0,270.42281829833985,271.2528000497617,31.01991027576149,273.67834528249864,273.9666840572413,-0.28833877474266956,1.052698730080244,277.43184356689454,6.458752944478388,290.3493494558513,264.51433767793776,639378.1,267.34063720703125,288.3993530273437,-0.8763015747070426
1199,2022-09-13,274.3143030696529,275.5989270346452,271.05683272685934,271.8367919921875,263217,0.0,0.0,270.000725402832,271.2739054487953,34.71075913487138,274.2133684659643,274.2251613599456,-0.011792893981294128,1.3879581062859723,278.3081451416016,6.687320957585766,291.6827870567731,264.93350322643005,775093.8,267.34063720703125,288.3993530273437,-0.5207351684570085
1198,2022-09-12,273.7178896119163,275.2778083938977,270.9651115279773,273.1214599609375,282087,0.0,0.0,269.54192993164065,271.25093048784055,37.5387269495545,274.6454732793783,274.4162309093663,0.22924237001200254,1.7378958563527886,278.8288803100586,6.561182769108031,291.95124584827465,265.70651477184254,788874.4,267.34063720703125,288.3993530273437,-0.6836074829101335
1197,2022-09-09,275.50722846603304,277.9847401395839,271.6074592038161,272.3415222167969,322273,0.0,0.0,268.99596221923827,271.1745823460815,42.53095147381037,274.9225666100039,274.5198125852406,0.40275402476333966,2.115059227937985,279.5124877929687,6.646919149321487,292.8063260916117,266.21864949432575,820872.8,267.34063720703125,288.3993530273437,-0.6721374511719205
1196,2022-09-08,273.62613410385416,275.5071877986498,272.0662154281421,274.0849304199219,300595,0.0,0.0,268.5423571777344,271.12695214727677,37.37459296068783,275.39184740876885,274.6940758147161,0.6977715940527673,2.5431355287316464,280.18462524414065,6.562758945764769,293.31014313567016,267.05910735261114,897911.1,267.34063720703125,288.3993530273437,-0.30051269531247726
1195,2022-09-07,272.34150256504046,275.8283716318643,271.60743960502856,273.1673583984375,228265,0.0,0.0,268.1538555908203,271.00621834023,36.00340323003996,275.6294686794683,274.74280744629965,0.8866612331686383,3.0044765124013657,280.4851379394531,6.4044468915722215,293.2940317225976,267.67624415630866,930567.45,267.34063720703125,288.3993530273437,-0.07570190429686363
1194,2022-09-06,273.39672501218195,275.2777786317508,269.0840286125364,273.2590637207031,308206,0.0,0.0,267.72300842285154,270.9180085419358,36.22573291581577,276.07712509420116,274.8688433701286,1.208281724072549,3.5339303322095477,280.56083984375,6.321811705901587,293.20446325555315,267.9172164319468,951446.5,267.34063720703125,288.3993530273437,-0.08029022216800286
1193,2022-09-05,268.8546932755669,273.5802906455681,267.61593738177567,270.5981140136719,437183,0.0,0.0,267.2296301269531,270.8224552693331,39.92068695737554,276.58949988938264,274.9976257420826,1.5918741473000182,4.115342484243797,280.641130065918,6.233778908333969,293.1086878825859,268.17357224925007,1051554.0,267.34063720703125,288.3993530273437,-0.1766357421875
1192,2022-09-02,276.19540111053186,277.1129938052512,265.27605364391263,267.34063720703125,596191,0.0,0.0,266.56989013671875,270.83161205527847,33.54038838832216,277.6788427758755,275.34958668035546,2.3292560955200656,4.746209568479742,280.8177658081055,5.979076837619952,292.7759194833454,268.8596121328656,1099950.05,267.34063720703125,288.3993530273437,0.21563415527344887
1191,2022-09-01,277.342391483667,277.9388211336281,275.14017462081443,275.828369140625,305487,0.0,0.0,266.0913385009766,270.97410082459464,40.355547093996385,279.55851651566536,275.9903026382214,3.5682138774439522,5.350447936719661,280.60213165283204,6.541978938561499,293.68608952995504,267.51817377570904,1152457.75,263.0279541015625,288.3993530273437,0.8992431640625114
1190,2022-08-30,279.6363543158619,279.9575173372742,276.37891167667703,277.0212097167969,388959,0.0,0.0,265.3743017578125,270.7759674239403,47.26080444153891,280.2367251293091,276.0032573180291,4.233467811279979,5.796006451538587,279.70288848876953,8.24667637785538,296.1962412444803,263.2095357330588,1169260.15,257.843505859375,288.3993530273437,1.0368774414062614
1189,2022-08-29,276.28716101255907,281.4256856111318,274.58960895731093,275.5530700683594,412792,0.0,0.0,264.82799530029297,270.52105957525225,50.725710682223436,280.8213642952204,275.9218211261277,4.899543169092681,6.186641111603239,278.66601104736327,9.765439268745817,298.1968895848549,259.13513250987165,1208549.45,256.2836608886719,288.3993530273437,0.4519134521484034
1188,2022-08-26,280.32455017774186,287.4817615343894,280.32455017774186,282.7102966308594,775984,0.0,0.0,264.3922784423828,270.3156713918601,57.38980359511264,281.7792359728315,275.9513212107492,5.827914762082287,6.508415597230878,278.21409759521487,10.11978069820212,298.45365899161914,257.9745361988106,1232565.15,256.2836608886719,288.3993530273437,1.073583984375034
1187,2022-08-25,289.50045778883066,289.50045778883066,276.4706320058115,278.25994873046875,1241167,0.0,0.0,263.7777133178711,269.80976832088055,54.18210839116963,281.6099522168264,275.4106031771404,6.1993490396860125,6.678540806018026,277.14051361083983,10.737756191117272,298.6160259930744,255.6650012286053,1214411.15,256.2836608886719,288.3993530273437,1.1722244262695085
1186,2022-08-24,284.49960428328853,292.5285403758164,284.49960428328853,287.2982788085937,1330043,0.0,0.0,263.2530487060547,269.4648629980402,73.59502092219036,282.2190437598005,275.18265553287415,7.036388226926363,6.7983387476010275,275.9682891845703,11.832963380342271,299.6342159452549,252.30236242388577,1171639.85,254.81546020507807,288.3993530273437,1.3144515991211279
1185,2022-08-23,284.4536838215917,289.9592389923322,282.389100632564,285.4171447753906,1499822,0.0,0.0,262.4654968261719,268.7369684751605,75.18860797252358,281.29554647820174,274.2134056708166,7.082140807385144,6.738826377769693,274.6538375854492,11.967521943997527,298.58888147344425,250.71879369745415,1117063.2,254.81546020507807,288.3993530273437,1.0965194702148438
1184,2022-08-22,279.1775754440421,290.18868770477667,277.3882585005901,284.178466796875,1568176,0.0,0.0,261.79411682128904,268.05614495270214,75.3333455280565,280.54616496962194,273.3171065424507,7.229058427171253,6.65299777036583,273.55731811523435,11.934068641955365,297.4254553991451,249.68918083132363,1070889.0,254.81546020507807,288.3993530273437,1.096525573730446
1183,2022-08-19,289.4087068501404,291.7944532635277,278.4893602688071,279.5445861816406,979534,0.0,0.0,261.18053741455077,267.3980909998787,60.741294208214484,279.88574645557594,272.4481977220967,7.437548733479218,6.508982606164474,272.4607925415039,11.914306776785432,296.28940609507475,248.63217898793303,1014412.1,254.81546020507807,288.3993530273437,1.185988616943348
1182,2022-08-18,289.0416740983164,293.6296371792421,286.1512629578741,287.9405517578125,652451,0.0,0.0,260.64356872558596,266.9023156863374,73.20575990019317,279.9477755962914,271.88048664533324,8.067288950958186,6.2768410743357865,271.27480392456056,12.344842708370962,295.9644893413025,246.58511850781863,983284.9,254.81546020507807,288.3993530273437,1.4796173095703011
1181,2022-08-17,290.3263031550234,292.3908865769577,285.7842364283908,288.3993530273437,632560,0.0,0.0,259.8244268798828,266.04361217321593,76.44511580583472,278.49454356692394,270.5956814363349,7.898862130589009,5.829229105180187,269.79518661499026,12.011117952722216,293.81742252043466,245.77295070954582,982423.2,254.81546020507807,288.3993530273437,1.5553192138672216
1180,2022-08-16,281.60920200418843,299.2269935441794,281.56333356897227,288.2617492675781,2976884,0.0,0.0,259.12285766601565,265.1311329546801,69.59102815548034,276.6936691195749,269.1713877090542,7.522281410520691,5.311820848827981,268.23986740112304,11.477397058462829,291.1946615180487,245.28507328419738,980197.05,254.81546020507807,288.2617492675781,1.7411315917968864
1179,2022-08-12,286.28889728662426,287.894684370764,280.00338224245075,282.2514953613281,538829,0.0,0.0,258.416008605957,264.18702616639854,64.211237195319,274.590381819938,267.6441587843723,6.946223035565708,4.759205708404804,266.49873580932615,10.907355999991484,288.31344780930914,244.6840238093432,865415.0,253.43911743164065,286.7936096191406,1.0139389038085938
1178,2022-08-11,286.2889447957446,289.0417231110883,283.26089984995014,286.7936096191406,922055,0.0,0.0,257.8927389526367,263.4497008931361,69.5684352200303,273.1974520851398,266.4755718582158,6.721880226923986,4.2124513766145775,265.48479690551756,10.291058590797453,286.0669140871125,244.90267972392266,849334.0,253.43911743164065,286.7936096191406,1.1125823974609261
1177,2022-08-10,282.61856507323336,286.9771306060186,278.3976328514681,285.7842712402344,1863039,0.0,0.0,257.20454071044924,262.4968882920747,71.98656857446869,270.72542344259415,264.8501288373418,5.87529460525235,3.585094164037225,264.37221450805663,8.986183835725845,282.34458217950834,246.39984683660495,816519.65,253.43911743164065,285.7842712402344,0.9175933837890398
1176,2022-08-08,275.50722061894544,281.3798085636536,271.607451467803,280.0951843261719,953722,0.0,0.0,256.55884521484376,261.5463828656192,66.737309234533,267.9874511157505,263.1753974451104,4.812053670640125,3.012544053733443,263.4546211242676,7.498517502108761,278.4516561284851,248.45758612005005,755776.45,253.43911743164065,280.0951843261719,0.2431640625
1175,2022-08-05,275.2778261738767,279.49875844241785,272.4791794755257,274.681396484375,645846,0.0,0.0,256.04299713134765,260.78928892845374,64.34522457780099,265.7860450774921,261.82181449462547,3.9642305828666053,2.562666649506772,263.2114570617676,6.992255042964747,277.1959671476971,249.2269469758381,780803.1,253.43911743164065,275.2319030761719,0.5413803100586279
1174,2022-08-04,276.2871535786585,282.25150582660854,270.1851680332199,274.8648681640625,2310356,0.0,0.0,255.5452722167969,260.2222641302529,66.66662710172903,264.16870845805886,260.7930479354455,3.375660522613373,2.2122756661668133,262.67007675170896,6.456054726249171,275.5821862042073,249.75796729921063,771910.0,253.43911743164065,275.2319030761719,0.8327148437499545
1173,2022-08-03,263.62438086833043,275.2778197731433,261.5139287844861,274.1308288574219,1405104,0.0,0.0,254.90016845703124,259.6246068227504,58.434117277453225,262.2239521478764,259.6673023171561,2.556649830720289,1.9214294520551731,261.837361907959,5.845547928478803,273.5284577649166,250.1462660510014,664341.3,253.43911743164065,275.2319030761719,0.9015350341796875
1172,2022-08-02,259.21994981979566,268.5794069966733,258.3482255131237,263.0279541015625,1646345,0.0,0.0,254.19923034667968,259.0325161274577,48.80868106049982,260.05906547341357,258.5102201939348,1.548845279478769,1.762624357388894,260.9358268737793,5.205105762736503,271.34603839925234,250.5256153483063,604023.15,253.43911743164065,275.2319030761719,0.41979904174809235
1171,2022-08-01,256.971781738129,259.3575279622793,256.4212486117654,257.843505859375,641535,0.0,0.0,253.7792611694336,258.86943702647386,42.172242600714085,259.5192675410228,258.1488014813246,1.3704660596982308,1.816069126866425,260.5160278320312,5.363651266572237,271.2433303651757,249.78872529888676,540231.85,253.43911743164065,275.2319030761719,0.2775688171386719
1170,2022-07-29,264.0831997814858,265.00079259240505,255.09080143556093,256.2836608886719,1174745,0.0,0.0,253.46030364990236,258.9113117679881,35.96197386454946,259.8239514831406,258.1732251310806,1.650726352060019,1.9274698936584735,260.23845901489256,5.645471329546438,271.52940167398543,248.94751635579968,517614.1,252.2921295166016,275.2319030761719,0.33262939453123863
1169,2022-07-28,261.8809412607347,269.68047892128425,261.8809412607347,266.5148010253906,893106,0.0,0.0,253.11809448242187,259.01856282428673,51.938496164847315,260.4676406821349,258.3243902704733,2.1432504116615974,1.996655779058087,259.9058296203613,6.070718971254277,272.0472675628699,247.76439167785276,469139.9,249.63107299804688,275.2319030761719,0.8808891296386605
1168,2022-07-27,253.80611149556745,262.9361408026062,251.28273191779687,261.2386169433594,412904,0.0,0.0,252.45076080322266,258.71259391811924,52.1941408789566,259.36815698336113,257.66915741007995,1.698999573281185,1.9600071209072094,259.02494049072266,6.333765219634591,271.6924709299918,246.35741005145348,460865.3,248.8970184326172,275.2319030761719,0.7707771301269304
1167,2022-07-26,263.0737930860143,263.0737930860143,253.3931749628512,254.81546020507807,385741,0.0,0.0,252.16208709716796,258.6094909374972,49.00706255534202,259.02807335427053,257.38360064741755,1.64447270685298,2.0252590078137156,258.2541633605957,6.957472370760691,272.1691081021171,244.33921861907436,498285.8,245.8230743408203,275.2319030761719,0.2577095031738281
1166,2022-07-25,264.7254859477529,265.18428228388416,259.4951965147738,261.0092468261719,238510,0.0,0.0,251.9840249633789,258.76434933473877,55.31752795213447,259.7940030177601,257.5890518828047,2.2049511349553654,2.120455583053899,257.9964538574219,7.183339147048326,272.3631321515185,243.62977556332524,498403.35,245.8230743408203,275.2319030761719,0.3174697875977017
1165,2022-07-22,263.16559230462803,267.93708585658214,259.44935282859115,263.4867553710937,576338,0.0,0.0,251.4955325317383,258.6727208657007,59.35583389295247,259.57304959804884,257.31543628733533,2.2576133107135092,2.0993316950785323,257.6789840698242,7.183486618878105,272.0459573075804,243.31201083206798,515460.5,245.8230743408203,275.2319030761719,0.5930877685546534
1164,2022-07-21,255.82480708691423,264.1290369642409,253.393192284072,262.2479553222656,438638,0.0,0.0,251.13958068847657,258.4762296613989,60.29962406857947,258.8614667302225,256.82173076063464,2.0397359695878663,2.0597612911697882,257.08589630126954,7.168397654302877,271.4226916098753,242.74910099266378,499010.25,245.8230743408203,275.2319030761719,0.6828903198242529
1163,2022-07-20,260.82570487344293,263.3490846039687,254.8154843527269,255.82481384277344,356990,0.0,0.0,250.89409545898437,258.3222816752411,56.23450025953054,258.2457415316692,256.3876327957042,1.8581087359650041,2.0647676215652684,256.4030059814453,7.30009610617264,271.0031981937906,241.8028137691,499169.15,245.8230743408203,275.2319030761719,0.9106849670409929
1162,2022-07-19,256.78831482583587,260.2292873453815,253.11794413832047,258.34820556640625,635217,0.0,0.0,250.78510620117189,258.4242191377908,61.161089296926995,258.6859102023775,256.43265831193867,2.2532518904388326,2.116432342965334,255.4923210144043,8.425370824485412,272.3430626633751,238.64157936543347,496438.85,237.61111450195312,275.2319030761719,0.7467575073242188
1161,2022-07-18,255.82481493633185,259.3575521747101,254.8154854419708,257.29296875,588037,0.0,0.0,250.57120025634765,258.42732173254115,56.47921899755288,258.7473110452814,256.27941453158127,2.4678965137001114,2.0822274560969594,254.74556350708008,8.811924463638418,272.3694124343569,237.12171457980324,479017.5,237.61111450195312,275.2319030761719,0.8658218383789062
1160,2022-07-15,263.3491074879438,263.3491074879438,249.90637990138288,253.43911743164065,681243,0.0,0.0,250.56941558837892,258.4736218542775,48.98337245557197,259.0117369171507,256.19833019410777,2.813406723042931,1.9858101916961712,253.87974166870117,9.380809952386162,272.6413615734735,235.11812176392885,462509.95,237.61111450195312,275.2319030761719,0.186661529541027
1159,2022-07-14,265.91835471568874,266.05601602360844,259.0364094279876,261.97271728515625,217209,0.0,0.0,250.75360626220703,258.67911183071163,59.48641835766903,260.0249404599707,256.41906721510514,3.6058732448655633,1.7789110588594812,253.69308013916014,9.427067344861959,272.5472148288841,234.83894544943624,475426.2,237.61111450195312,275.2319030761719,0.4102745056152344
1158,2022-07-13,268.85465851961266,270.7357123354761,263.71613384838935,264.5419616699219,265768,0.0,0.0,250.88762725830077,258.54467895502,64.50026409056309,259.67079921902786,255.97477520950105,3.696024009526809,1.3221705123579608,253.2828056335449,9.22413589985475,271.7310774332544,234.83453383383542,504262.0,237.61111450195312,275.2319030761719,0.6279960632324162
1157,2022-07-12,276.5624341260664,276.5624341260664,266.1936478191509,267.4324035644531,648175,0.0,0.0,251.04702667236327,258.29989190543216,73.63248799613439,258.7851333188653,255.28940029266735,3.4957330261979394,0.7287071380657487,252.6548095703125,8.83666045904251,270.3281304883975,234.98148865222748,539270.6,237.61111450195312,275.2319030761719,0.7702842712402287
1156,2022-07-11,264.2207922160249,276.65416036119296,264.2207922160249,275.2319030761719,1454255,0.0,0.0,251.2566226196289,257.9271363275129,76.03992101909938,257.21290236512203,254.3179600309245,2.8949423341975375,0.03695066603270092,251.88452529907227,8.123375143500963,268.1312755860742,235.63777501207034,527616.25,237.61111450195312,275.2319030761719,1.3655609130859432
1155,2022-07-08,258.48589497129257,265.1843110031608,258.48589497129257,263.8537902832031,467984,0.0,0.0,251.40216583251953,257.2208193173636,72.46015984861403,253.93672041765842,252.6448445873047,1.2918758303537174,-0.6775472510085082,250.51896438598632,6.013634074653839,262.546232535294,238.49169623667865,477268.4,237.61111450195312,263.8537902832031,0.6002822875976506
1154,2022-07-07,257.84353982224104,259.5869602916723,256.008354485428,258.2105712890625,158982,0.0,0.0,251.83596893310548,256.9500858085538,57.42886199179759,252.1336168057412,251.74812893163283,0.38548787410837804,-1.1699030213490647,249.91868209838867,5.1496267751645695,260.2179356487178,239.61942854805955,472802.95,237.61111450195312,258.2105712890625,0.23555374145507812
1153,2022-07-06,253.6226166827136,257.1553541783003,253.6226166827136,256.1001281738281,198741,0.0,0.0,252.39513275146484,256.8986374215943,51.97063097467019,251.02871599059188,251.23113354303845,-0.2024175524465761,-1.5587507452134253,249.6831283569336,4.849370856565943,259.3818700700655,239.9843866438017,474847.55,237.61111450195312,256.1001281738281,0.17019882202149006
1152,2022-07-05,252.56738969957507,258.3482124861666,251.97096004741988,254.6319732666016,370519,0.0,0.0,253.13932220458983,256.93122963578884,52.22650659005748,250.1066410481853,250.84161397257526,-0.7349729243899503,-1.8978340434051373,249.5129295349121,4.6686672662857065,258.8502640674835,240.17559500234069,482839.5,237.61111450195312,254.65985107421875,0.3824256896972713
1151,2022-07-04,250.96160887177425,253.16382579880957,247.06183981252363,252.2921295166016,189180,0.0,0.0,253.71203857421875,257.02507683453115,50.231947833740065,249.2838533721096,250.53838522905318,-1.2545318569435722,-2.188549323158934,249.13050384521483,4.538729527362937,258.2079628999407,240.05304479048897,493353.35,237.61111450195312,254.65985107421875,-0.051438140869151994
1150,2022-07-01,248.30058043709457,251.32862502670196,246.8782950065108,249.63107299804688,205261,0.0,0.0,254.50650299072265,257.21825835771193,51.4579184277393,248.73689407311105,250.39808568604928,-1.6611916129382394,-2.4220536897127745,249.18194198608398,4.582069228512177,258.34608044310835,240.01780352905962,497484.2,237.61111450195312,254.65985107421875,-0.16441116333007244
1149,2022-06-30,244.9972494802167,254.1731764270413,244.5843215665269,248.8970184326172,727614,7.5,0.0,255.4354153442383,257.5279393928003,47.61436387189342,248.5743160867591,250.4594467010895,-1.885130614330393,-2.612269208906408,249.34635314941406,4.657406594863751,258.6611663391416,240.03153995968654,516739.6,237.61111450195312,254.65985107421875,-0.3595497131347827
1148,2022-06-29,245.466038278618,247.4297774808891,238.41447389972603,245.8230743408203,1161314,0.0,0.0,256.25225830078125,257.880221880971,43.648435724566355,248.5156429329667,250.58444096256727,-2.068798029600572,-2.794053857550412,249.70590286254884,4.8925283498546355,259.4909595622581,239.92084616283958,500046.85,237.61111450195312,256.0880126953125,-0.32803115844725994
1147,2022-06-28,253.94575708030692,253.94575708030692,247.652911781564,249.6612701416016,388092,0.0,0.0,257.0538162231445,258.37235035199757,47.35612302627104,249.0052008588115,250.96535029230705,-1.960149433495559,-2.975367814537872,250.0339340209961,4.838126961703883,259.71018794440386,240.35768009758834,453545.3,237.61111450195312,256.0880126953125,-0.19191131591796307
1146,2022-06-27,255.6417206938743,262.2023640159979,252.78540490227425,254.65985107421875,579653,0.0,0.0,257.9803387451172,258.7279046462994,56.60520643830379,248.88591553466784,251.06967670436347,-2.1837611696956287,-3.22917240979845,250.22584533691406,4.898316698200679,260.02247873331544,240.42921194051272,454302.3,237.61111450195312,256.0880126953125,0.017853546142589494
1145,2022-06-24,249.92905826692413,253.9457752747854,248.59015259763703,251.625,247333,0.0,0.0,258.81403076171875,258.89394764924145,48.61923259834528,247.83610907293132,250.78246275477505,-2.946353681843732,-3.490525219824155,250.20799179077147,4.881928214085586,259.9718482189426,240.4441353626003,449546.25,237.61111450195312,256.0880126953125,0.09149246215818607
1144,2022-06-23,238.9500391453478,250.8216583416321,237.16483161266717,248.59014892578125,441816,0.0,0.0,259.68074890136717,259.19063939002683,46.31737249008521,247.14721981346432,250.71505977515707,-3.567839961692755,-3.6265681043192606,250.1164993286133,4.871108955679177,259.85871723997167,240.37428141725493,477039.4,237.61111450195312,256.0880126953125,0.29902343750001137
1143,2022-06-22,243.5915429143136,243.77007454935247,236.09367732443164,237.61111450195312,302384,0.0,0.0,260.6251232910156,259.6233124702001,31.87389677793294,246.88486906577032,250.88505264310714,-4.000183577336827,-3.6412501399758868,249.81747589111328,5.145568530919964,260.1086129529532,239.52633882927336,486145.1,237.61111450195312,256.0880126953125,-0.07364044189452557
1142,2022-06-21,242.78822189400563,245.10899711013107,241.09228020379643,243.41305541992188,286790,0.0,0.0,261.8756610107422,260.52176953012855,40.82193842408988,248.57100625919165,251.94696769439946,-3.375961435207813,-3.5515167806356516,249.8911163330078,4.969200233945931,259.8295168008997,239.95271586511595,497585.25,239.08392333984372,256.0880126953125,0.06917800903318039
1141,2022-06-20,249.92905869307128,250.24147546445877,237.5664908775536,239.97653198242188,257886,0.0,0.0,263.0190869140625,261.2200843917696,35.47457841021033,249.50881550269523,252.62968067635768,-3.1208651736624518,-3.595405616992611,249.82193832397462,5.0726831342277094,259.96730459243,239.67657205551922,501257.6,239.08392333984372,256.0880126953125,-0.09595489501953125
1140,2022-06-17,252.7853805236385,254.39205629895903,246.6263931580021,249.7058868408203,939568,0.0,0.0,264.46778259277346,262.0871681635797,43.89088428487767,251.24195796092675,253.64193257187253,-2.399974610945776,-3.7140407278251506,249.91789321899415,4.891562886945293,259.7010189928847,240.13476744510356,521229.55,239.08392333984372,256.0880126953125,0.5266342163085938
1139,2022-06-16,253.2316867319366,256.44503833784165,248.81328741366144,253.7672271728516,793925,0.0,0.0,265.8102590942383,262.5925265849168,55.216872337594246,251.52124361912794,253.95681623035674,-2.4355726112287925,-4.042557257044994,249.39125900268556,5.450624888047308,260.2925087787802,238.49000922659093,503920.6,239.08392333984372,256.0880126953125,1.0309555053711108
1138,2022-06-15,253.49947775265213,259.970855265704,250.0183284005489,251.98204040527344,965940,0.0,0.0,266.9304772949219,262.9527428874501,60.78031140426776,251.11288297299637,253.97198335495716,-2.8591003819607863,-4.444303418499044,248.36030349731445,6.439639166175463,261.2395818296654,235.4810251649635,517012.6,233.1481170654297,256.0880126953125,0.2588554382324162
1137,2022-06-14,248.0100005653176,254.83841499365815,247.11739665991072,252.02671813964844,415088,0.0,0.0,267.92662322998046,263.4005266622328,63.78333511538776,250.95485434894601,254.13117879093187,-3.176324441985855,-4.840604177633608,248.10144805908203,6.3902564804978335,260.8819610200777,235.32093509808635,511957.3,233.1481170654297,256.0880126953125,0.30571823120118324
1136,2022-06-13,245.8230606110265,250.55387670132328,243.05598361332147,247.92068481445312,447298,0.0,0.0,269.0923626708984,263.86476374478724,56.4327751380326,250.75997002336376,254.29953564303457,-3.5395656196708103,-5.2566741115455455,247.79572982788085,6.338633825996959,260.4729974798748,235.11846217588692,530088.7,233.1481170654297,256.0880126953125,0.566802978515625
1135,2022-06-10,251.1786917136549,255.7309763213225,249.4381307319706,251.84814453125,378675,0.0,0.0,270.3018402099609,264.5155424766376,61.84912713130523,251.27620369771114,254.8098437093211,-3.533640011609947,-5.68595123451423,247.22892684936522,6.815752793620662,260.8604324366066,233.5974212621239,572830.5,233.1481170654297,256.0880126953125,0.3079490661621094
1134,2022-06-09,251.71428873841197,254.39210032073547,248.9918578590929,253.4994964599609,199874,0.0,0.0,271.33547546386717,265.0325791274698,66.63221727703606,251.17221445524956,255.04677964356677,-3.874565188317206,-6.224029040240299,246.9209777832031,6.734718703393109,260.3904151899893,233.4515403764169,580950.55,233.1481170654297,256.0880126953125,0.1762901306152287
1133,2022-06-08,247.251262879016,254.3474742800704,247.07273121555136,252.69615173339844,358580,0.0,0.0,272.4521224975586,265.50331719553134,70.24040117419915,250.74907227257478,255.17056229825522,-4.421490025680441,-6.811395003221072,246.74468765258788,6.598217013746988,259.94112168008184,233.5482536250939,601538.15,233.1481170654297,256.0880126953125,0.11604003906248295
1132,2022-06-07,253.499455712897,253.499455712897,243.99323157168408,246.98345947265625,580796,0.0,0.0,273.5652001953125,266.0260586429653,50.158737222331965,250.39505782515232,255.36851514344377,-4.973457318291452,-7.40887124760623,246.6286476135254,6.507830800884153,259.64430921529373,233.6129860117571,615256.8,233.1481170654297,256.0880126953125,-0.03347244262693039
1131,2022-06-06,253.4994239511168,254.2581424637793,248.09918303411376,253.3208923339844,271797,0.0,0.0,274.6559619140625,266.8033075886922,57.293461142580064,251.01534843469705,256.0393195971068,-5.023971162409737,-8.017724729934924,246.66212005615233,6.511472399532408,259.68506485521715,233.63917525708752,612747.45,233.1481170654297,256.0880126953125,-0.19414215087891762
1130,2022-06-03,257.0252792590135,257.9625023681145,249.9290680383116,252.91929626464844,590369,0.0,0.0,275.58784118652346,267.3536102521496,63.67718286897735,250.59615863482662,256.2567937781566,-5.660635143329955,-8.766163121816222,246.85626220703125,6.773084365731492,260.40243093849426,233.31009347556827,628078.7,233.1481170654297,257.2037353515625,-0.48646774291992756
1129,2022-06-02,252.87463371882865,256.5343145742657,250.55388574035604,256.0880126953125,393759,0.0,0.0,276.5063296508789,267.94276592510886,57.9198116441739,250.17376997485903,256.52379357923724,-6.350023604378208,-9.542545116437788,247.34272994995118,7.537711900046084,262.41815375004336,232.267306149859,627341.5,233.1481170654297,262.6486511230469,-0.6292877197265625
1128,2022-06-01,251.17867706037208,257.2483985965345,251.17867706037208,252.3836975097656,231283,0.0,0.0,277.3971481323242,268.42663340387605,51.81939030346592,249.09845311659478,256.55865604995125,-7.46020293335647,-10.340675494452682,247.97201766967774,8.736306661395718,265.4446309924692,230.4994043468863,624423.15,233.1481170654297,268.6737670898437,-1.0064117431640511
1127,2022-05-31,254.21356865253733,257.7839840956354,251.04483584283105,253.4994964599609,403232,0.0,0.0,278.38258270263674,269.0814471138397,52.384227375901226,248.5011359542001,256.89265273316613,-8.391516778966036,-11.060793634726735,248.9784294128418,10.292115608455848,269.5626606297535,228.3941981959301,633004.8,233.1481170654297,272.5119323730469,-1.2206352233886832
1126,2022-05-30,251.4464647512445,255.1061180063985,246.84953405836643,254.3027801513672,484532,0.0,0.0,279.30553466796874,269.71744509971234,54.930498799409534,247.59234313497083,257.16410523502253,-9.5717621000517,-11.728112848666909,250.19906463623047,12.138562539796514,274.4761897158235,225.92193955663745,643453.4,233.1481170654297,277.9122009277344,-1.4103141784667912
1125,2022-05-27,243.5915441491768,250.5538693494429,243.5915441491768,249.79515075683597,797196,0.0,0.0,279.8580569458008,270.34661509760394,44.88917164894424,246.3722636774442,257.393011241715,-11.020747564270778,-12.26720053582071,251.60937881469727,14.11767303825839,279.84472489121407,223.3740327381805,649795.85,233.1481170654297,282.5090637207031,-1.7874397277832088
1124,2022-05-26,239.4855671560926,243.59154971570416,235.02254855653732,242.60968017578125,623930,0.0,0.0,280.6123077392578,271.18545037681895,35.83592863919115,245.74992057210025,258.0008400805053,-12.250919508405076,-12.578813778708193,253.39681854248047,16.011886559393513,285.4205916612675,221.37304542369344,682039.25,233.1481170654297,285.5439453125,-2.1779541015625057
1123,2022-05-25,242.78822350784316,243.23452538929135,237.1648306976373,239.08392333984372,531187,0.0,0.0,281.3290692138672,272.3518083442083,29.798872103692446,246.32087337143096,259.23213287288326,-12.911259501452292,-12.660787346283971,255.57477264404298,17.37208584977439,290.31894434359174,220.8306009444942,728215.4,233.1481170654297,286.16876220703125,-2.7112838745117074
1122,2022-05-24,241.89561012816708,243.5469324718968,238.45908032961697,242.0294952392578,360237,0.0,0.0,282.09581604003904,273.7096812015293,29.440069622078312,247.63668246808317,260.84398963552644,-13.207307167443275,-12.59816930749189,258.2860565185547,18.83298605493012,295.95202862841495,220.62008440869445,816229.85,233.1481170654297,293.3096008300781,-2.0619148254394304
1121,2022-05-23,240.02115645414955,245.64457674013843,238.36983397556293,241.8956298828125,657325,0.0,0.0,282.7277792358398,275.0027500163159,27.318709728006922,248.65617105514235,262.3491491872279,-13.692978132085557,-12.445884842504043,260.3479713439941,19.213108692080343,298.7741887281548,221.92175395983344,847289.9,233.1481170654297,293.3096008300781,-2.50598602294923
1120,2022-05-20,235.8259382169445,240.3781958697366,235.7812916822445,239.17320251464844,593389,0.0,0.0,283.14462493896485,276.35406104217316,23.338842565568626,249.8853603592023,263.9854307315812,-14.100070372378866,-12.134111520108663,262.85395736694335,19.93471190359353,302.7233811741304,222.9845335597563,823151.4,233.1481170654297,293.3096008300781,-2.845174407959007
1119,2022-05-19,242.20803993907504,242.20803993907504,231.18437786321348,233.1481170654297,1055765,0.0,0.0,283.5320147705078,277.8716471045211,16.53363533320531,251.83302542184845,265.9704089889358,-14.13738356708734,-11.642621807041111,265.69913177490236,20.43157198872414,306.5622757523506,224.83598779745407,809407.35,233.1481170654297,296.0766906738281,-2.8295524597168082
1118,2022-05-18,247.2512335061596,251.2679502959708,243.2791360068601,246.804931640625,864834,0.0,0.0,284.2157485961914,279.6970973101983,19.835834787123048,255.23028148665185,268.59619234281627,-13.365910856164419,-11.018931367029554,268.52868423461916,19.587537527790158,307.70375929019946,229.35360917903884,774007.55,236.58462524414065,296.0766906738281,-1.954801940917946
1117,2022-05-17,238.45910613709373,248.00997795007729,238.45910613709373,245.912353515625,777716,0.0,0.0,284.764700012207,281.03963468446653,16.85395416574717,256.7621632768386,270.3394931989916,-13.577329922153012,-10.432186494745837,270.4834861755371,19.253449166018868,308.99038450757484,231.97658784349937,746499.95,236.58462524414065,296.0766906738281,-2.503752136230446
1116,2022-05-16,246.98348126008187,249.61664611433375,234.04072621751385,236.58462524414065,1302134,0.0,0.0,285.3457846069336,282.4734012627866,17.676161931712528,258.7348559606956,272.29366437366093,-13.558808412965334,-9.645900637894043,272.98723831176756,19.14562498352327,311.2784882788141,234.695988344721,728651.0,236.58462524414065,296.0766906738281,-2.9879913330078125
1115,2022-05-13,254.39204909820967,257.7393129021335,244.66267442282503,245.6891632080078,541076,0.0,0.0,286.10896087646483,284.34641252885376,17.763978399976722,262.76217063643287,275.15038750402255,-12.388216867589676,-8.667673694126218,275.97522964477537,17.779928821001153,311.5350872867777,240.41537200277307,689088.55,245.6891632080078,296.3444519042969,-2.4635871887207372
1114,2022-05-12,249.92907455181492,254.4813595720302,245.9123572822322,249.97369384765625,611626,0.0,0.0,286.7159326171875,285.92425943990867,17.81932762189841,265.86635380523745,277.50728544770374,-11.640931642466285,-7.737537900760353,278.4388168334961,16.746117218070445,311.931051269637,244.9465823973552,684775.95,247.6529083251953,296.3444519042969,-2.2917587280273324
1113,2022-05-11,248.2331074080654,253.990385230282,247.83142482600408,250.37535095214844,632953,0.0,0.0,287.2568505859375,287.39162946408226,24.626046655276767,268.7559283429795,279.70997277570757,-10.954044432728097,-6.76168946533387,280.73057556152344,15.752407835169839,312.2353912318631,249.22575989118377,684452.85,247.6529083251953,296.3444519042969,-2.4881324768066406
1112,2022-05-10,257.91785091101355,258.5873036883495,246.1800904229736,247.6529083251953,530609,0.0,0.0,287.8138357543945,288.9024979747734,25.69487472018743,272.0978515049487,282.0567425215923,-9.958891016643577,-5.713600723485314,283.2187080383301,14.592754359728522,312.40421675778714,254.03319931887305,697808.45,247.6529083251953,300.13800048828125,-2.6465721130371094
1111,2022-05-09,258.85505754599694,263.094924867871,254.57057093782797,257.2037353515625,578422,0.0,0.0,288.49489318847657,290.58615469516434,25.52115135029561,276.54238662854027,284.809049257304,-8.266662628763754,-4.652278150195748,285.8652801513672,12.444769920544294,310.7548199924558,260.9757403102786,701249.85,257.2037353515625,300.5843505859375,-2.760379028320301
1110,2022-05-06,266.2636853826494,266.57610214041733,259.7030696700451,262.6486511230469,575625,0.0,0.0,288.77695739746093,291.94870242347463,27.27275721248847,280.05850504253624,287.01747436976336,-6.958969327227123,-3.748682030553746,288.6256591796875,11.861897616319716,312.3494544123269,264.90186394704807,687563.1,262.6486511230469,312.41131591796875,-2.7090530395507812
1109,2022-05-05,274.92199423146803,276.5733168526333,267.78116321246887,268.6737670898437,335392,0.0,0.0,289.11793212890626,293.14462288471657,31.08547336985758,283.22393302789794,288.9669802295006,-5.743047201602678,-2.9461102063854017,291.33471221923827,11.803817316951992,314.9423468531422,267.7270775853343,690648.1,268.6737670898437,316.8297119140625,-2.0552185058593864
1108,2022-05-04,278.4923887977593,280.72389832338234,270.7267247525484,272.5119323730469,402916,0.0,0.0,289.4651544189453,294.1434333253236,32.483265581847434,285.86941774390783,290.5904372806732,-4.721019536765368,-2.246875957581082,293.38993072509766,11.214264860280341,315.81846044565833,270.961401004537,700594.4,272.5119323730469,316.8297119140625,-1.4638702392578011
1107,2022-05-02,281.52723545225655,283.8033915055649,276.48402938763815,277.9122009277344,612204,0.0,0.0,289.7534649658203,295.02635173153897,33.01505683686554,288.29805144770074,292.03671767328325,-3.738666225582506,-1.6283400627850102,294.85380096435546,10.211541155055286,315.27688327446606,274.43071865424486,720626.6,277.9122009277344,316.8297119140625,-1.6200744628906136
1106,2022-04-29,288.31098762018047,289.5606273197397,281.5718407560593,282.5090637207031,611381,0.0,0.0,290.0132122802734,295.7248884990412,35.25127008340394,290.1863879058765,293.16667901292715,-2.9802911070506752,-1.1007585220856364,296.47387542724607,9.94916928584805,316.3722139989422,276.57553685554996,727535.85,282.5090637207031,316.8297119140625,-1.2942749023437727
1105,2022-04-28,287.41841870862083,295.2733211189011,284.42819058148825,285.5439453125,1442064,0.0,0.0,290.03999084472656,296.2643099185652,30.828061208046208,291.58226503045347,294.01928823630504,-2.437023205851574,-0.6308753758443767,297.76815032958984,9.717908770218171,317.2039678700262,278.3323327891535,727368.4,283.2677917480469,316.8297119140625,-0.8992980957031023
1104,2022-04-27,292.7740243822689,293.0864411367952,279.34034909857536,286.16876220703125,1547453,0.0,0.0,290.23368591308594,296.70187582085356,29.244744346469474,292.68014134280867,294.69731567020943,-2.0171743274007667,-0.1793384183425774,298.66744842529295,9.352481177686473,317.3724107806659,279.96248606992,683266.95,283.2677917480469,316.8297119140625,-1.1581542968750114
1103,2022-04-26,283.04465759546565,298.57595756329306,283.04465759546565,293.3096008300781,2291476,0.0,0.0,290.45862243652346,297.13179882549935,38.838497721331954,293.86402845840456,295.37959994726367,-1.5155714888591092,0.28012055892196996,299.82560272216796,9.155369480262447,318.13634168269283,281.5148637616431,626544.5,283.2677917480469,316.8297119140625,-0.7520217895507812
1102,2022-04-25,288.35561653179377,290.9441890731125,280.7684850254121,283.2677917480469,981438,0.0,0.0,290.5309228515625,297.2878069069451,37.08774936727389,293.96483348173666,295.54519987663855,-1.580366394901887,0.7290435708672397,300.57762451171874,9.209525884369395,318.9966762804575,282.15857274297997,564237.6,283.2677917480469,316.8297119140625,-0.9126876831055029
1101,2022-04-22,292.77406907858926,297.50485868899875,290.9888613403052,292.0153503417969,174555,0.0,0.0,290.7308654785156,297.86005242363484,37.203532132451556,295.90975016058934,296.52739252692584,-0.6176423663364972,1.3063960623095214,301.49031219482424,8.259261702383977,318.0088355995922,284.9717887900563,545362.8,285.9009704589844,316.8297119140625,-0.39497528076168464
1100,2022-04-21,290.54253623053734,298.4867045842113,289.9177026759345,296.0766906738281,318508,0.0,0.0,290.813876953125,298.0986116922813,41.11974718366937,296.61782285491523,296.8883559017362,-0.27053304682095813,1.787405669471026,301.8852874755859,7.965979387017857,317.81724624962163,285.9533287015502,571425.25,285.9009704589844,316.8297119140625,-0.1383514404296875
1099,2022-04-20,287.4183911934131,296.7014642187201,286.7043191299676,289.7391662597656,347769,0.0,0.0,291.07362365722656,298.1811390807896,39.84220286597359,296.7162105242038,296.9532891199689,-0.23707859576506962,2.301890348544022,302.0236389160156,7.8833877333213165,317.79041438265824,286.256863449373,572115.6,285.9009704589844,316.8297119140625,-0.5444885253906477
1098,2022-04-19,296.3444452384287,297.50481921832045,282.9553889776564,285.9009704589844,314682,0.0,0.0,291.4699395751953,298.52570940001505,33.22682561410882,297.9847640268289,297.5304189487851,0.45434507804378654,2.936632584621295,302.56812744140626,7.348167732516657,317.2644629064396,287.87179197637295,589941.7,285.9009704589844,316.8297119140625,-0.7877227783203011
1097,2022-04-18,292.77401743017515,301.0306017631908,292.37233486387896,295.9873962402344,420737,0.0,0.0,292.00371704101565,299.0410048669959,39.8235917408861,300.1818174028006,298.46077482796915,1.721042574831472,3.5572044612656715,303.35585021972656,6.2261949602050075,315.8082401401366,290.9034602993165,615562.3,294.9609069824219,316.8297119140625,-0.182984924316429
1096,2022-04-13,297.0585240248916,297.77262338559166,292.3723542282122,296.3444519042969,510885,0.0,0.0,292.2473986816406,299.1656419538025,46.14874691194626,300.9444394323581,298.65864511498796,2.2857943173701187,4.016244932874221,303.538835144043,6.049513480119462,315.6378621042819,291.4398081838041,681499.15,294.9609069824219,316.8297119140625,0.7207778930664404
1095,2022-04-12,296.2551660183727,296.2551660183727,288.3109984442454,294.9609069824219,454824,0.0,0.0,292.4526983642578,299.280792568068,46.32693909856812,301.78080080109646,298.84378057184324,2.9370202292532213,4.448857586750246,302.81805725097655,7.609466550034244,318.03699035104506,287.59912415090804,686706.4,281.92889404296875,316.8297119140625,0.3726608276367074
1094,2022-04-11,299.91485098277377,299.91485098277377,294.0683074920976,295.8088684082031,605164,0.0,0.0,292.556240234375,299.45711442870663,47.75725914993884,303.02078149540097,299.15441045899695,3.8663710364040185,4.826816926124502,302.44539642333984,8.175929505684113,318.79725543470806,286.0935374119716,709098.05,281.92889404296875,316.8297119140625,0.8680557250976335
1093,2022-04-08,302.3695097855919,305.9399246612889,299.1561309494438,300.13800048828125,900065,0.0,0.0,292.43127502441405,299.60602242954354,49.62302661333221,304.332038420346,299.4220538230604,4.909984597285586,5.066928398554623,301.5773406982422,9.697649117729183,320.9726389337006,282.18204246278384,711922.9,278.44775390625,316.8297119140625,1.135836791992233
1092,2022-04-07,311.5187478975269,312.36673246263217,299.022293827139,300.5843505859375,599437,0.0,0.0,292.37147033691406,299.584309039391,49.18482009926999,305.09459077163046,299.3647780898428,5.729812681787678,5.106164348871882,300.44150390625,11.103544657650616,322.6485932215512,278.23441459094875,699479.75,277.4212646484375,316.8297119140625,1.3478347778320199
1091,2022-04-06,312.9468836218491,318.7488080603257,311.4294463342056,312.41131591796875,304687,0.0,0.0,292.3161273193359,299.54349101708294,61.42171014616232,305.91463444175645,299.2672122901552,6.6474221516012335,4.950252265642933,299.09366912841796,12.618103723535155,324.32987657548824,273.8574616813477,713003.05,273.6276550292969,316.8297119140625,2.483670043945324
1090,2022-04-05,310.62610495639154,318.6149194138119,310.62610495639154,316.8297119140625,637325,0.0,0.0,292.46519287109373,299.01827367418963,75.22580428853892,304.7334196278997,298.21568399993015,6.517735627969557,4.525959794153358,296.60999908447263,14.59293825546894,325.7958755954105,267.42412257353476,719435.5,262.7379150390625,316.8297119140625,2.9143508911132585
1089,2022-04-04,304.33327583119006,312.81301191238646,303.03898942801766,309.77813720703125,534318,0.0,0.0,292.55980895996095,298.2912761950111,66.44691114731131,302.5340937576883,296.72656176679953,5.807531990888776,4.028015835699308,293.6956481933594,16.086177773405346,325.8680037401701,261.52329264654867,717636.85,258.5426940917969,310.3136901855469,2.122166442871105
1088,2022-04-01,308.3945995441228,309.1979374813108,300.3611656920328,301.7893371582031,803560,0.0,0.0,292.79545654296874,297.82242472513275,66.96948250041599,301.2169949487169,295.682435731581,5.534559217135893,3.5831367969019405,291.57348175048827,16.642862873604518,324.8592074976973,258.28775600327924,710072.65,258.5426940917969,310.3136901855469,1.3768417358398324
1087,2022-03-31,308.84089943683153,314.2857877939989,307.814410565915,310.3136901855469,750389,0.0,0.0,293.0989422607422,297.6605099319462,76.83899130200928,301.1129327288103,295.1938836174512,5.919049111359072,3.095281191843452,290.19664001464844,16.890438851245822,323.9775177171401,256.4157623121568,690476.75,258.5426940917969,310.3136901855469,1.7673553466796648
1086,2022-03-30,305.2704489855621,309.9119988720266,303.5298609681126,308.3945617675781,608032,0.0,0.0,293.4515203857422,297.1440535950645,77.52645989722416,299.4400677366763,293.98429909200354,5.455768644672787,2.389339211964547,288.4292846679688,16.519907592059624,321.469099852088,255.38946948384952,677019.85,258.5426940917969,309.33184814453125,1.68255615234375
1085,2022-03-29,309.7335144494747,311.3401903719023,300.0041386078726,303.5299072265625,560035,0.0,0.0,293.86925903320315,296.6848491798599,79.4838335124414,297.811977912876,292.83147807795757,4.980499834918419,1.6227318537874864,286.746728515625,16.08744161346449,318.921611742554,254.57184528869604,679742.35,258.5426940917969,309.33184814453125,1.3746078491211051
1084,2022-03-28,309.73353076635186,311.11705581465435,305.80607934010254,309.33184814453125,413004,0.0,0.0,294.38518493652344,296.4054590555047,87.5825320813192,296.77235440129664,291.97560374606917,4.79675065522747,0.7832898585047531,285.3721206665039,15.748894646032088,316.8699099585681,253.87433137443975,706756.05,258.5426940917969,309.33184814453125,1.6156127929687614
1083,2022-03-25,303.1282982146363,312.76840970339623,302.32496013059125,308.3500366210937,1045338,0.0,0.0,294.81095642089844,295.87785133758524,77.2054766125777,294.4888100843449,290.5871041941922,3.901705890152698,-0.22007534067592616,283.75650787353516,14.7897867755677,313.33608142467057,254.17693432239975,755724.3,258.5426940917969,308.3500366210937,1.5062713623046875
1082,2022-03-24,300.4057906872944,304.02085233343024,299.9148695052773,301.52154541015625,603942,0.0,0.0,295.2465460205078,295.3687825505032,68.0662275221493,291.9685870776633,289.1660696000401,2.802517477623212,-1.2505206483830822,282.25023651123047,13.642814266070726,309.5358650433719,254.964607979089,727676.35,258.5426940917969,301.6554260253906,0.9907882690429801
1081,2022-03-23,299.91485595703125,307.4127219079362,299.0222522190639,299.91485595703125,695804,0.0,0.0,295.6812438964844,295.1176493725582,66.7265066142443,290.2316855626646,288.17763153523083,2.0540540274337786,-2.2637801798846557,281.2594482421875,12.867096141490888,306.99364052516927,255.5252559592057,749624.85,258.5426940917969,301.6554260253906,1.4303955078124773
1080,2022-03-22,297.8618771663323,302.23563001835464,294.64849827338173,298.8437194824219,332315,0.0,0.0,295.9990106201172,294.92184502217157,66.34381283749607,288.47110912732524,287.23865358148674,1.2324555458384907,-3.3432387317142642,279.829052734375,12.259880099089164,304.34881293255336,255.3092925361967,737298.75,258.5426940917969,301.6554260253906,0.9573165893554574
1079,2022-03-21,302.5926759440832,307.1895798798735,298.62057829892274,300.6289367675781,704291,0.0,0.0,296.35962341308596,294.7617685135899,66.7885067012019,286.5851799718531,286.3102483094119,0.2749316624411904,-4.487162301102453,278.87173614501955,11.415407925336712,301.702551995693,256.0409202943461,740812.25,258.5426940917969,301.6554260253906,0.7297027587890739
1078,2022-03-17,303.4852526822869,304.8241582088264,297.5940629174925,301.6554260253906,827094,0.0,0.0,296.6827459716797,294.52229225832514,66.8292469370269,284.03176964535766,285.1647532327586,-1.132983587400929,-5.677685791988363,278.1420333862305,10.370009326932617,298.8820520400957,257.4020147323653,729488.7,258.5426940917969,301.6554260253906,0.7363983154297102
1077,2022-03-16,284.2942990766183,304.86880495833464,283.0892785461689,299.6470947265625,1739474,0.0,0.0,297.0049761962891,294.2311439413021,64.7965373878306,280.8274684853517,283.84549940934807,-3.0180309239963776,-6.813861343135221,277.40563507080077,9.051499463450025,295.5086339977008,259.3026361439007,714569.15,258.5426940917969,299.6470947265625,0.437376403808571
1076,2022-03-15,290.7210462462856,291.5690034471501,279.69738471421346,281.92889404296875,615030,0.0,0.0,297.35487670898436,294.01008472557714,50.19183306980666,277.405718259677,282.5813717839709,-5.175653524293921,-7.762818947919931,276.9682586669922,8.079346337823386,293.12695134263896,260.80956599134544,658925.65,258.5426940917969,290.8995666503906,-0.09595489501953125
1075,2022-03-14,278.4477672761443,290.8995739854622,275.85919445504084,287.5076904296875,902657,0.0,0.0,297.99755126953124,294.5031945493571,62.8632046623562,276.5833226627148,282.63357000325107,-6.050247340536259,-8.409610303826433,277.06421356201173,8.152428077012912,293.36906971603753,260.75935740798593,671263.65,258.5426940917969,290.8995666503906,-0.38605041503905113
1074,2022-03-11,279.2957111344252,282.9553919994741,275.3682600373431,278.44775390625,661661,0.0,0.0,298.4268927001953,294.78872532975174,48.99714337215317,274.5970739778107,282.2436403691362,-7.646566391325507,-8.999451044648977,277.4502639770508,8.827830398523663,295.1059247740981,259.79460318000343,646052.85,258.5426940917969,295.22869873046875,-0.9483917236328239
1073,2022-03-10,280.27760785381884,281.8842838817786,274.3864170177871,277.4212646484375,651202,0.0,0.0,299.01779602050783,295.45570375520083,43.63036813069513,273.8969503544581,282.5473112861671,-8.650360931708974,-9.337672207979843,278.3986557006836,9.895005269646248,298.1886662399761,258.6086451613911,637815.65,258.5426940917969,297.41558837890625,-0.9751678466796534
1072,2022-03-09,264.2106968321648,275.63601336670354,263.0056763817001,273.6276550292969,869903,0.0,0.0,299.6229815673828,296.19180331057896,39.72411718158316,273.25616593737095,282.95739501718543,-9.701229079814482,-9.50950002704756,279.37382354736326,10.720242849822103,300.8143092470075,257.93333784771903,631170.85,258.5426940917969,297.41558837890625,-0.9818634033203466
1071,2022-03-08,259.92621871975945,265.10330949053633,255.28466839829423,262.7379150390625,433336,0.0,0.0,300.1933563232422,297.1127889547129,25.63704516857362,273.18862246611167,283.7037742162165,-10.515151750104849,-9.461567763855829,280.3556869506836,11.060150392982258,302.4759877366481,258.2353861647191,621775.3,258.5426940917969,297.41558837890625,-1.6714004516601335
1070,2022-03-07,265.103337694894,265.103337694894,253.3209562346336,258.5426940917969,601352,0.0,0.0,300.9681365966797,298.51584503290275,29.139081178067656,275.08875108921154,285.3810429503888,-10.292291861177262,-9.198171767293575,282.02708740234374,10.779897785148728,303.5868829726412,260.46729183204627,619397.1,258.5426940917969,297.41558837890625,-2.52606658935548
1069,2022-03-04,273.3598833291081,273.3598833291081,265.6388667663637,267.3348083496094,383034,0.0,0.0,301.79825805664063,300.14740221417236,27.94635476559405,278.0971250887415,287.5281108590762,-9.4309857703347,-8.924641743822653,284.5531539916992,10.905760895895876,306.36467578349095,262.7416321999075,614136.0,267.3348083496094,309.06402587890625,-2.1110076904296875
1068,2022-03-03,277.5551472155057,279.2064423624508,273.58304962828646,274.25250244140625,411642,0.0,0.0,302.3373913574219,301.4866917596647,30.205939511657775,280.05390995040193,289.1435750598336,-9.089665109431678,-8.798055737194641,286.6641616821289,11.469108874697538,309.60237943152396,263.72594393273386,620991.5,271.30694580078125,309.5549621582031,-1.9168670654296989
1067,2022-03-02,273.58305829040927,277.3320050586202,270.7267153012861,274.9665832519531,481251,0.0,0.0,302.6980029296875,302.59829132367526,31.163888497663024,281.1087113156739,290.3348608693078,-9.226149553633945,-8.725153394135381,288.5810287475586,12.44751682668082,313.4760624009202,263.685995094197,616928.05,271.30694580078125,312.58984375,-1.6602447509765739
1066,2022-02-28,274.029366576806,276.48402702659826,266.04055167143974,274.7434387207031,662482,0.0,0.0,302.922939453125,303.72611614292924,34.99644015505103,282.22546187271405,291.5643230786962,-9.338861205982141,-8.599904354260739,290.2412734985352,12.746882305289747,315.73503810911467,264.7475088879557,615032.2,271.30694580078125,312.58984375,-1.5932998657226562
1065,2022-02-25,280.27761867958014,281.52725866516164,274.07401080957777,276.0377502441406,1100309,0.0,0.0,303.4138708496094,304.9090825683262,34.10858092297255,283.58582971853417,292.9099938273356,-9.324164108801426,-8.415165141330387,291.83457336425784,12.69923108815163,317.2330355405611,266.43611118795457,605022.5,271.30694580078125,312.58984375,-1.2050125122070199
1064,2022-02-24,268.1828201926985,283.4017039497032,267.73651829671473,277.01959228515625,1392369,0.0,0.0,304.0636859130859,306.0875042958439,28.70705038772266,284.95820780478755,294.2597733139912,-9.30156550920367,-8.187915399462627,293.03958587646486,12.257124915307143,317.55383570707914,268.52533604585057,604059.4,271.30694580078125,312.58984375,-0.6270507812499773
1063,2022-02-23,282.196679855548,285.6332098596936,277.1534739419839,278.224609375,484379,0.0,0.0,304.86345825195315,307.2739496840353,28.982086827846587,286.4015924447205,295.63898779629795,-9.237395351577447,-7.909502872027365,293.66663665771483,11.70268604340265,317.07200874452013,270.26126457090953,572739.0,271.30694580078125,312.58984375,-0.9461578369140966
1062,2022-02-22,264.210739151006,283.4463411897744,264.210739151006,281.7057800292969,1042912,0.0,0.0,305.72035705566407,308.45963704358775,29.156672462378324,287.88831663921513,297.0321380700018,-9.143821430786659,-7.577529752139844,294.61279449462893,11.139928457243986,316.8926514091169,272.33293758014094,620216.25,271.30694580078125,312.58984375,-0.805570983886696
1061,2022-02-21,279.38499958935057,280.0544524637659,269.6109767268432,271.30694580078125,449282,0.0,0.0,306.6263494873047,309.55163120743634,22.935812292841874,289.0124142046548,298.2582467132582,-9.245832508603371,-7.185956832478139,295.4183654785156,10.732538849030744,316.8834431765771,273.95328778045416,601416.15,271.30694580078125,312.58984375,-2.427882385253895
1060,2022-02-18,283.580219416752,285.543931302924,278.4923671969203,279.6973876953125,402585,0.0,0.0,307.82065246582033,311.1126387750549,28.040784168419705,292.23159027808634,300.4143507862563,-8.182760508169963,-6.67098791344683,297.8462478637695,10.480371782099688,318.8069914279689,276.88550429957013,603948.55,279.6973876953125,319.8645935058594,-2.0931564331054915
1059,2022-02-17,288.22174442765174,289.7391816934324,282.0627840220272,286.0348815917969,477820,0.0,0.0,308.8846368408203,312.39489392116684,38.51748599257079,294.51053620222706,302.0717078335318,-7.561171631304717,-6.293044764766046,299.939404296875,10.839219696219528,321.61784368931404,278.260964904436,613056.6,283.8479919433594,321.5605163574219,-1.7762817382812273
1058,2022-02-16,291.9706649884444,293.8897574248994,284.0264977984038,286.9274597167969,528703,0.0,0.0,309.8075891113281,313.47081279175336,48.14817676441842,296.0515643132143,303.3546539328706,-7.303089619656248,-5.976013048131378,301.71568603515624,11.340004148423478,324.3956943320032,279.0356777383093,611989.2,283.8479919433594,321.5605163574219,-1.5018081665039062
1057,2022-02-15,285.3654395547174,292.5508890925267,278.9386814383359,290.8995666503906,626604,0.0,0.0,310.58415466308594,314.5542149580781,45.818429130746466,297.71049242165384,304.6688294701564,-6.958337048502585,-5.64424390525016,303.21749420166014,11.26713333393731,325.7517608695348,280.6832275337855,600906.4,283.8479919433594,321.5605163574219,-1.8521514892578352
1056,2022-02-14,286.52580318810806,288.1324790389154,281.2147999899813,283.8479919433594,861790,0.0,0.0,311.25003723144533,315.51971080737144,39.777981737423545,298.9488425618835,305.7703704957377,-6.821527933854213,-5.315720619437053,305.069645690918,12.146057658577485,329.36176100807296,280.777530373763,582538.25,283.8479919433594,327.9425964355469,-2.2716751098632812
1055,2022-02-11,295.4518496743315,297.1031721069373,290.6764140276468,295.22869873046875,398441,0.0,0.0,312.11140014648436,316.81243402631065,34.40681220352394,301.69445176525153,307.524160779928,-5.829709014676496,-4.939268790832763,307.34132080078126,12.216581651567935,331.77448410391713,282.9081574976454,583371.35,289.56060791015625,329.281494140625,-1.7048751831054574
1054,2022-02-10,299.02226427598885,299.02226427598885,292.9525695091154,297.41558837890625,496917,0.0,0.0,312.81834228515623,317.69340281389606,34.621991624304215,302.87004322612114,308.50779774388474,-5.637754517763597,-4.71665873487183,309.0461959838867,12.802425541416566,334.65104706671985,283.4413449010536,606721.1,289.56060791015625,329.3262023925781,-1.6602416992187727
1053,2022-02-09,293.5773576368556,297.9064911206369,290.9888123006071,296.92462158203125,518306,0.0,0.0,313.52260620117187,318.52106870920176,34.21054587488827,303.8617622892511,309.395174493083,-5.533412203831915,-4.486384789148888,310.7064376831055,13.355834632215377,337.4181069475362,283.99476841867477,612915.7,289.56060791015625,330.62042236328125,-1.660244750976517
1052,2022-02-08,296.74609917957537,296.74609917957537,288.4448687550904,293.2649230957031,681992,0.0,0.0,314.12332824707033,319.40255634704545,34.99150581836946,305.1230605996547,310.3928187259671,-5.269758126312411,-4.224627935478131,312.366682434082,13.613803642480764,339.59428971904356,285.13907514912046,641986.9,289.56060791015625,330.62042236328125,-1.499575805664108
1051,2022-02-07,307.99292418778725,307.99292418778725,294.73777981266454,296.1659240722656,385772,0.0,0.0,314.84723083496095,320.4693985205696,31.743615530597907,307.27908560037315,311.76305037638826,-4.483964776015114,-3.9633453877695617,313.8662582397461,13.038631635423213,339.9435215105925,287.7889949688997,651237.6,289.56060791015625,330.62042236328125,-0.9818634033202898
1050,2022-02-04,306.69863156207737,310.0458953802605,304.0208205075309,309.06402587890625,496130,0.0,0.0,315.64164794921874,321.4613770694799,36.60557737348119,309.2996604236654,313.01082048071805,-3.711160057052666,-3.833190540708173,314.8481216430664,12.357144006592508,339.5624096562514,290.1338336298814,657446.4,289.56060791015625,330.62042236328125,-0.3905166625976335
1049,2022-02-03,312.5898366272888,313.6163254670776,305.5828919103065,309.5549621582031,520144,0.0,0.0,316.3932208251953,321.967391403789,36.82330161855213,309.34250306816705,313.32656404886296,-3.984060980695915,-3.8636981616220494,315.23863830566404,12.287950797569444,339.8145399008029,290.66273671052517,664564.25,289.56060791015625,330.62042236328125,-0.36150512695314774
1048,2022-02-02,308.93016293161577,313.8841028417974,308.840897108708,312.58984375,330373,0.0,0.0,317.18049682617186,322.474021168915,37.69795263628686,309.3038741427059,313.62829220011577,-4.324418057409844,-3.8336074568535823,315.6001434326172,12.218093791727203,340.0363310160716,291.1639558491628,664965.6,289.56060791015625,330.62042236328125,-0.2588546752929801
1047,2022-02-01,310.626138851489,314.64285616422376,302.05713646963324,308.1714782714844,443334,0.0,0.0,317.972236328125,322.87745698193197,34.169909228794566,308.7064251231979,313.711368076125,-5.004942952927081,-3.7109048067145167,315.85899810791017,12.205795600538258,340.2705893089867,291.44740690683363,661425.35,289.56060791015625,330.62042236328125,-0.4485321044921875
1046,2022-01-31,300.8075107535594,307.9483418693709,299.111568811576,306.60943603515625,462288,0.0,0.0,318.7345196533203,323.4777010109298,38.85241526336419,308.80368818714584,314.1545592604962,-5.35087107335039,-3.3873952701613756,316.30753021240236,12.07252709581994,340.4525844040422,292.1624760207625,662325.55,289.56060791015625,330.62042236328125,-0.3726593017577784
1045,2022-01-28,288.8465688919101,303.0835818646898,287.55228260342847,300.13800048828125,1081047,0.0,0.0,319.80296508789064,324.1662016221859,39.646028123627126,309.2026431238712,314.7581691185234,-5.555525994652214,-2.8965263193641215,316.68018951416013,11.870754380982685,340.4216982761255,292.9386807521948,664893.45,289.56060791015625,330.62042236328125,-0.4418380737304801
1044,2022-01-27,294.5591936134347,297.8618378924134,283.8033309244995,289.56060791015625,765961,0.0,0.0,321.28379516601564,325.14694452561054,29.352187772943893,310.8507599667057,315.9277826089428,-5.077022642237068,-2.2317764005420986,317.1220275878906,11.376815205566933,339.8756579990245,294.36839717675673,640755.25,289.56060791015625,330.62042236328125,-0.9216156005859375
1043,2022-01-25,292.77401343378494,309.1532967675067,290.58712347398523,297.14776611328125,1433924,0.0,0.0,322.96010620117187,326.5994480609352,33.25723557503417,314.7216967042602,318.0371565848457,-3.3154598805855358,-1.5204648401183558,318.04364318847655,9.640724492406852,337.3250921732903,298.76219420366283,628013.15,297.14776611328125,330.62042236328125,-0.5266387939453239
1042,2022-01-24,319.5521038378793,319.5521038378793,295.7195757002986,297.81719970703125,666910,0.0,0.0,324.4703924560547,327.8015575281863,33.080989642779684,317.9169568117109,319.7083078225709,-1.7913510108599553,-1.0717160800015608,318.5702819824219,8.678882493272038,335.92804696896593,301.2125169958778,597067.0,297.81719970703125,330.62042236328125,-0.216459655761696
1041,2022-01-21,321.33738440301835,323.34574305553724,316.87436517519865,319.8645935058594,499930,0.0,0.0,326.05208679199217,329.0254088678253,53.626676336719484,321.5714581034709,321.45959647181405,0.11186163165683638,-0.8918073472869622,318.78674163818357,8.173299407451086,335.13334045308574,302.4401428232814,583788.4,302.1463928222656,330.62042236328125,0.9193832397460824
1040,2022-01-20,323.1225729948278,326.4698372178405,317.0082315661034,321.5605163574219,584746,0.0,0.0,327.1651629638672,329.3993196989259,59.63304478882981,321.8817971212185,321.5871967090904,0.29460041212809074,-1.1427245920229119,317.8673583984375,9.03448419571562,335.93632678986876,299.7983900070062,595671.85,301.4769287109375,330.62042236328125,1.0755874633788949
1039,2022-01-19,316.60657620340544,322.5423859775268,312.9022486711866,321.5605163574219,456472,0.0,0.0,328.34964782714843,329.719270855722,64.30022816008655,321.9402118055451,321.5893311372239,0.3508806683212242,-1.5020558430606625,316.7917709350586,9.818192570441616,336.42815607594184,297.15538579417534,601827.85,300.0487670898437,330.62042236328125,1.3634521484374886
1038,2022-01-18,330.3526803940527,330.3526803940527,315.13376886536327,316.963623046875,307047,0.0,0.0,329.59572265625,330.0522812434077,61.104999425770224,322.0092473415675,321.591636319608,0.4176110219594875,-1.965289970906134,315.4283187866211,10.949365814863445,337.327050416348,293.5295871568942,612392.95,294.2914733886719,330.62042236328125,1.2340270996093636
1037,2022-01-17,330.48652244798825,332.5395000776198,327.6301796901412,327.9425964355469,259241,0.0,0.0,330.86857421875,330.586512190205,84.08390649175709,322.92663357696614,321.9618773814267,0.9647561955394508,-2.561015219122539,314.19429168701174,12.097785869739038,338.3898634264898,289.9987199475337,639858.45,292.2830810546875,330.62042236328125,2.086459350585983
1036,2022-01-14,328.9244581144372,335.2173032013182,326.2912663461096,329.281494140625,878452,0.0,0.0,331.8361572265625,330.69442711896653,89.99981105915738,322.0146403299515,321.4834198570971,0.5312204728543861,-3.4424580727880363,312.10783233642576,13.154186190566538,338.41620471755886,285.79945995529266,719241.55,286.2134094238281,330.62042236328125,1.4995742797851221
1035,2022-01-13,331.1560293948082,334.59255967617213,327.0946927605376,329.3262023925781,865436,0.0,0.0,332.73004333496095,330.7520978527764,90.31009840705838,320.6933941825563,320.85957391441485,-0.16617973185856272,-4.435877709198642,310.60825805664064,12.798040884116718,336.20433982487407,285.0121762884072,739231.15,286.2134094238281,330.62042236328125,1.0398849487305029
1034,2022-01-12,330.30800560388354,331.9593279834674,325.800367578632,330.62042236328125,620809,0.0,0.0,333.61595275878904,330.8102976674783,94.07966065896932,319.12379268982505,320.1822436361618,-1.058450946336734,-5.503302203533661,309.56837310791013,12.018284061818953,333.604941231548,285.53180498427224,805941.45,286.2134094238281,330.62042236328125,0.6806106567382812
1033,2022-01-11,325.2648150585368,331.7361925247073,321.5158954911636,330.1295166015625,1099730,0.0,0.0,334.49456970214845,330.8180476798945,94.860221149387,317.0334963855603,319.34718933799223,-2.31369295243195,-6.614515017832892,308.88776245117185,11.114811479686516,331.1173854105449,286.6581394917988,812555.35,286.2134094238281,330.1295166015625,0.4529983520507699
1032,2022-01-10,318.6595353929335,325.80036531770514,317.2760104910508,323.2564392089844,867006,0.0,0.0,335.29890502929686,330.84615098921415,94.14745585624146,314.6524018008326,318.48460315690664,-3.8322013560740515,-7.689720534183127,308.4347640991211,10.362689444662173,329.16014298844544,287.7093852097967,804859.05,286.2134094238281,323.2564392089844,-0.18744812011721024
1031,2022-01-07,315.267651687056,320.0430599012917,314.8213498173065,315.8031921386719,509948,0.0,0.0,336.21856994628905,331.1559351435092,93.90714633753144,313.0880313629868,318.10285627274044,-5.014824909753656,-8.654100328710395,308.6222122192383,10.674132792573781,329.97047780438584,287.27394663409075,789850.55,286.2134094238281,327.0054016113281,-0.7609451293945426
1030,2022-01-06,315.3569217263026,317.94549462114736,306.92183189068624,316.8743591308594,638487,0.0,0.0,337.60599243164063,331.78257771513523,69.23835089546856,312.5943657674077,318.2868294034659,-5.692463636058221,-9.56391918344958,309.38315734863284,11.705627572681486,332.7944124939958,285.97190220326985,799477.6,286.2134094238281,331.0220947265625,-0.8011123657226449
1029,2022-01-05,319.195105712756,321.1588176141698,316.1156118863077,316.7850646972656,528171,0.0,0.0,338.898515625,332.3910764328608,57.52642375598175,311.816185155871,318.3998270252744,-6.583641869403436,-10.531783070297417,310.1842697143555,12.747220923888348,335.67871156213215,284.6898278665788,861203.6,286.2134094238281,332.8966064453125,-0.7698715209961051
1028,2022-01-04,317.14210373038173,318.9273112430551,315.26765763415864,317.7669372558594,259568,0.0,0.0,340.2326599121094,333.0280565037014,50.6084590045178,310.912752511981,318.52900801151515,-7.616255499534134,-11.518818370520911,310.9541412353516,13.603092851988283,338.1603269393282,283.747955531375,891003.75,286.2134094238281,332.8966064453125,-0.3994400024413949
1027,2022-01-03,316.60657987152626,317.7669539195721,312.5452162231533,317.1421203613281,461338,0.0,0.0,341.8322186279297,333.6509593301439,47.014944067603196,309.6665371040031,318.5899736719676,-8.923436567964472,-12.494459088267604,311.353581237793,13.92710454271057,339.2077903232141,283.49937215237185,923918.3,286.2134094238281,332.8966064453125,-0.3525787353515284
1026,2021-12-31,310.62609232501785,315.9817146064837,309.6888693218028,314.0626220703125,513646,0.0,0.0,343.5699798583984,334.32478949213635,40.57215008658499,308.30734014812583,318.7058019368188,-10.398461788692941,-13.387214718343387,311.7061599731445,14.16852642605945,340.0432128252634,283.3691071210256,953508.15,286.2134094238281,332.8966064453125,-0.6426757812500341
1025,2021-12-30,308.7516110403058,311.9649897735475,304.95804535636427,308.9747619628906,598283,0.0,0.0,345.45166015625,335.1518167338434,33.685570211391806,307.2609252531828,319.0772563261393,-11.81633107295653,-14.134402950755996,312.34883575439454,14.566951684387456,341.48273912316944,283.21493238561965,966451.15,286.2134094238281,332.8966064453125,-1.0800521850586051
1024,2021-12-29,309.19794045931553,310.045924936801,303.5745476047334,307.992919921875,511119,0.0,0.0,347.38286743164065,336.2202679489844,31.81222491359044,306.9493185786904,319.88545587519917,-12.936137296508775,-14.713920920205862,313.42888793945315,15.094846366643264,343.61858067273965,283.23919520616664,966387.2,286.2134094238281,332.8966064453125,-1.2317932128905795
1023,2021-12-28,303.038991317497,313.17004993622106,302.59268941570394,307.6805419921875,815001,0.0,0.0,349.2203985595703,337.3724046031521,32.21001085728213,306.7595728799296,320.8368587514651,-14.077285871535537,-15.158366826130132,314.6606811523437,15.623823453438101,345.9083280592199,283.41303424546754,979726.1,286.2134094238281,332.8966064453125,-0.9640090942382926
1022,2021-12-27,296.61223824676046,303.2175283014301,296.61223824676046,302.1463928222656,401338,0.0,0.0,351.01814453125,338.58431736278334,33.07744906704396,306.5921239504281,321.88936409220736,-15.297240141779241,-15.42863706477878,315.624690246582,15.76464359260674,347.1539774317955,284.09540306136853,956400.9,286.2134094238281,332.8966064453125,-1.3656829833984716
1021,2021-12-24,300.85209516471707,303.351402109493,295.3625873290306,301.4769287109375,737599,0.0,0.0,352.79467041015624,340.0715795889269,33.92293979344696,307.4004387010031,323.46880179380275,-16.068363092799643,-15.461486295528662,316.9903732299805,15.718588913446036,348.4275510568726,285.5531954030884,949305.7,286.2134094238281,332.8966064453125,-1.7204925537109261
1020,2021-12-23,297.86190408624225,301.8786212554238,294.5592590733169,300.0487670898437,707866,0.0,0.0,354.7244555664063,341.64687146149794,31.327557055099135,308.4774405173787,325.228151640432,-16.750711123053293,-15.309767096210916,318.7108657836914,15.814071080218413,350.33900794412824,287.0827236232546,942302.3,286.2134094238281,335.88677978515625,-2.3296951293945085
1019,2021-12-22,291.8814323175309,296.16591951055346,290.00695895554406,294.2914733886719,667774,0.0,0.0,356.59162353515626,343.3447532725858,24.025581077308175,310.00992659511235,327.24250240447907,-17.232575809366722,-14.94953108950032,321.0405609130859,16.343313765109666,353.72718844330524,288.3539333828666,924131.9,286.2134094238281,346.6426696777344,-2.7313644409179574
1018,2021-12-21,287.6861503870003,295.76422990081494,286.5257765183252,292.2830810546875,856357,0.0,0.0,358.6252819824219,345.34692796172516,21.1366422959902,312.86782717810155,329.8785847257437,-17.01075754764213,-14.378769909533718,323.7719253540039,16.20176660524587,356.1754585644956,291.36839214351215,904353.3,286.2134094238281,348.91876220703125,-2.994686889648449
1017,2021-12-20,296.0320514434456,296.0320514434456,282.6876406790296,286.2134094238281,1846903,0.0,0.0,360.6628125,347.51279926405317,20.680853605407762,316.61050829144955,332.88622501942814,-16.27571672797859,-13.720773000006613,326.76661224365233,15.599215987763102,357.96504421917854,295.5681802681261,874996.25,286.2134094238281,352.17681884765625,-3.0036117553710824
1016,2021-12-17,308.1268069324876,309.2871808419138,297.5048011518949,299.2900085449219,1278244,0.0,0.0,362.78455627441406,350.01481517589906,24.39396859142117,322.137253540108,336.6200502670762,-14.48279672696816,-13.082037068013618,329.7702239990234,12.935817147470742,355.6418582939649,303.8985897040819,808843.65,299.2900085449219,352.17681884765625,-3.037084960937534
1015,2021-12-16,317.00823966627456,322.22997743562104,305.4490365981743,308.52850341796875,2199642,0.0,0.0,364.7350634765625,352.08521544655116,25.616604978969605,326.2912980846873,339.6064536048485,-13.315155520161227,-12.73184715327498,332.80730895996095,12.527040446241609,357.8613898524442,307.7532280674777,767734.45,308.52850341796875,360.0317077636719,-3.2825500488281136
1014,2021-12-15,322.5869825404355,323.2564353378659,316.0709862081547,317.0082092285156,753087,0.0,0.0,366.50699829101563,353.8630404273096,24.617774892073612,329.5208971149998,342.09268961979893,-12.571792504799134,-12.586020061553416,336.08985900878906,14.30550789135507,364.7008747914992,307.47884322607894,670949.85,317.0082092285156,374.1795043945313,-2.8183975219726562
1013,2021-12-14,327.00535849150606,327.00535849150606,319.77526334878866,321.0695495605469,945804,0.0,0.0,367.96858276367186,355.3673192517502,25.39437730906141,331.79593127617875,344.09944805110155,-12.303516774922798,-12.589576950741986,338.9082565307617,15.820697854119162,370.54965223900007,307.26686082252337,648239.65,321.0695495605469,374.1795043945313,-2.5796264648437273
1012,2021-12-13,333.8338151087125,333.8338151087125,325.3986984565811,327.0054016113281,566836,0.0,0.0,369.07805297851564,356.76722821873807,26.6556777780105,333.7461824972027,345.9418399303459,-12.195657433143197,-12.661091994696783,341.48788299560545,16.92647681897606,375.34083663355756,307.63492935765333,616820.1,324.1936950683594,374.1795043945313,-2.4948257446289404
1011,2021-12-10,334.63712889342537,336.2884512220321,329.50465750782035,331.0220947265625,702489,0.0,0.0,370.179462890625,357.9819966516936,36.3200033259375,334.9717790219072,347.45675499586736,-12.484975973960161,-12.777450635085177,343.9827087402344,18.300898920865745,380.58450658196585,307.3809108985029,608423.65,324.1936950683594,376.9019165039063,-2.2248153686523438
1010,2021-12-09,333.83382956274806,342.35818517024603,329.41542974602186,332.8966064453125,1873007,0.0,0.0,371.1978839111328,359.082400811903,29.947277095869623,335.6899034392426,348.77152781741177,-13.081624378169181,-12.85056930036643,346.20752410888673,19.31874123674841,384.8450065823836,307.5700416353899,589938.8,324.1936950683594,376.9019165039063,-2.394407653808571
1009,2021-12-08,329.99563217498275,334.012349231394,325.8003834644664,332.1824951171875,1124174,0.0,0.0,372.28061828613284,360.15120874523325,24.10567585082063,336.19777561995716,350.0415215271797,-13.84374590722257,-12.792805530915743,348.6019317626953,20.51290019777771,389.62773215825075,307.57613136713985,508301.9,324.1936950683594,380.7847595214844,-2.5840881347656364
1008,2021-12-07,325.7557373046875,327.5855640278753,323.4795814830474,325.7557373046875,917859,0.0,0.0,373.38206176757814,361.2927888933167,18.450620503924384,336.92782662046073,351.4702436399791,-14.542417019518382,-12.530070436839035,351.18601989746094,21.563963512350764,394.3139469221625,308.0580928727594,476743.4,324.1936950683594,383.8642578125,-2.742523193359375
1007,2021-12-06,329.3707859570075,332.0485972249507,322.3192217327782,324.1936950683594,1053135,0.0,0.0,374.72712280273436,362.7432807948934,17.523936653138193,338.95911558696497,353.5274041468025,-14.568288559837526,-12.026983791169195,353.9285430908203,21.647298420268047,397.2231399313564,310.6339462502842,447250.65,324.1936950683594,383.8642578125,-2.6064025878906136
1006,2021-12-03,332.0486094816553,334.90495250227104,325.800382959151,326.9161376953125,772506,0.0,0.0,375.9485052490234,364.31673327352746,17.1746977665871,341.64373749943877,355.87410087307796,-14.230363373639193,-11.39165759900211,356.5349456787109,21.007433204059566,398.54981208683006,314.5200792705918,399374.25,326.9161376953125,383.8642578125,-2.3529830932617415
1005,2021-12-02,330.62042495571006,333.92306974077417,328.0318795177407,330.5758056640625,597004,0.0,0.0,377.0154052734375,365.8432881950872,19.5770348062526,344.32148291837086,358.1907379272992,-13.869255008928349,-10.68198115534284,358.88792877197267,20.132602200181154,399.15313317233495,318.6227243716104,383873.75,326.9607238769531,383.8642578125,-2.1522933959960824
1004,2021-12-01,329.2815200951473,338.1182918303125,325.9342560106071,332.6287841796875,777897,0.0,0.0,378.09498107910156,367.28277727798616,18.760851222879708,346.8206969646087,360.3999325083582,-13.579235543749462,-9.885162691946462,361.04022216796875,19.22713452625449,399.4944912204777,322.5859531154598,381040.3,326.9607238769531,383.8642578125,-2.0961242675781477
1003,2021-11-30,329.4600305769101,335.6189906487739,325.2201630088737,326.9607238769531,348497,0.0,0.0,379.22556457519534,368.6972259758759,11.803434508555668,349.4010447436853,362.62162437465184,-13.22057963096654,-8.961644478995712,363.1363464355469,18.225827817617425,399.5880020707817,326.68469080031207,360865.9,326.9607238769531,383.8642578125,-2.169277954101517
1002,2021-11-29,335.5297471479368,335.5297471479368,322.0514249555717,329.4600524902344,259434,0.0,0.0,380.4960662841797,370.4007566737911,16.014263019852265,353.4811030830911,365.47449641446775,-11.993393331376637,-7.896910691003006,365.3056243896484,16.15814504309207,397.62191447583257,332.98933430346426,375409.35,329.4600524902344,383.8642578125,-1.9889816284180029
1001,2021-11-26,342.31353767270656,345.9285719593882,334.7264058077313,335.88677978515625,597531,0.0,0.0,381.7192370605469,372.0718058241403,22.344299407341992,357.8485668272469,368.3556519284064,-10.507085101159532,-6.872790030909598,367.2946060180664,13.788015817760726,394.8706376535879,339.71857438254494,429500.85,335.88677978515625,383.8642578125,-2.4643768310546648
1000,2021-11-25,348.7402939256518,349.4543660253195,343.8309733301492,346.6426696777344,344458,0.0,0.0,382.75367553710936,373.5487456624662,28.87515554964341,361.84161901671786,370.9531616998664,-9.11154268314857,-5.964216263347113,369.7589828491211,12.19112631385157,394.14123547682425,345.3767302214179,468905.1,346.28564453125,385.17431640625,-1.7428924560546761
999,2021-11-24,352.17676008963497,356.46127396437964,346.4641021634104,348.91876220703125,272202,0.0,0.0,383.55440612792967,374.64695284551647,30.323400535654542,364.6050643510785,372.89800106163705,-8.292936710558536,-5.177384658396749,371.50187530517576,11.160536453713195,393.82294821260217,349.18080239774935,500971.55,346.28564453125,385.17431640625,-1.7286758422851562
998,2021-11-23,346.910461868893,354.1405581062286,340.70688179496483,352.17681884765625,269216,0.0,0.0,384.3706976318359,375.6970830756587,31.49154003990668,367.45711928635984,374.8163401700055,-7.359220883645662,-4.398496645356302,373.2305511474609,10.10627810670286,393.44310736086663,353.0179949340552,525852.1,346.28564453125,385.17431640625,-2.2784027099609716
997,2021-11-22,363.2004696806452,363.2004696806452,342.22428102121125,346.28564453125,523851,0.0,0.0,385.0430401611328,376.65709386047513,29.525530404270214,370.2353557297605,376.6275018757934,-6.392146146032928,-3.6583155857839618,375.5089538574219,10.245590174600363,396.0001342066226,355.0177735082212,551115.95,346.28564453125,397.744873046875,-2.8872268676757926
996,2021-11-18,374.8935539173758,376.14319364907976,357.88946433216466,360.0317077636719,456060,0.0,0.0,385.553466796875,377.89674485350474,40.0169798723003,374.5898486749442,379.0548504633569,-4.465001788412678,-2.9748579457217197,378.3961807250977,9.69863610323767,397.79345293157303,358.99890851862233,594341.7,360.0317077636719,404.0301818847656,-2.4057464599609375
995,2021-11-17,374.0009727477744,377.12508588528567,371.32316148705047,374.1795043945313,263950,0.0,0.0,385.8119879150391,378.6259300408448,38.52436563227832,377.23678338608465,380.57670187933167,-3.339918493247012,-2.6023219850489796,380.8019271850586,10.807625869121173,402.417178923301,359.18667544681625,644313.6,369.23968505859375,408.1466369628906,-1.5677810668944971
994,2021-11-16,375.0274821505189,378.19624199327313,371.3231818183808,373.3761596679688,298883,0.0,0.0,385.75125793457033,378.80741680191886,41.99972232423042,377.7926522936398,381.08847767811574,-3.295825384475961,-2.4179228579994714,382.3697082519531,12.004399717348289,406.3785076866497,358.36090881725653,787991.25,369.23968505859375,408.1466369628906,-1.3246658325195426
993,2021-11-15,380.6508935996292,380.6508935996292,371.7694750757275,372.6620788574219,317413,0.0,0.0,385.59239685058594,379.02910076656985,39.596981376320755,378.5956509528526,381.7054631189275,-3.109812166074903,-2.198447226380349,383.69437408447266,12.41448604992565,408.52334618432394,358.86540198462137,846249.05,369.23968505859375,408.1466369628906,-1.2452880859374886
992,2021-11-12,379.31195741666886,379.31195741666886,372.2603663164017,376.9019165039063,398907,0.0,0.0,385.3398168945312,379.28897921184114,33.209016135503674,379.67448224293094,382.428933859848,-2.754451616917038,-1.97060599145671,384.93966217041014,12.498455694019684,409.93657355844954,359.94275078237075,888488.25,369.23968505859375,408.1466369628906,-0.7035385131836165
991,2021-11-11,382.0343984671428,382.4360810438158,373.1976269412741,375.5184020996094,332792,0.0,0.0,385.31050842285157,379.38641034277725,28.712293758926137,380.17858510457177,382.87109524832334,-2.6925101437515764,-1.774644585091628,385.64320068359376,12.417960680045695,410.47912204368515,360.80727932350237,890350.5,369.23968505859375,408.1466369628906,-1.1223892211913835
990,2021-11-10,381.14179556814094,385.3370440266423,379.1334371605805,380.7847595214844,240269,0.0,0.0,385.24778747558594,379.5442882302535,29.2139259745595,381.025891105474,383.45931070022044,-2.4334195947464536,-1.5451781954266406,386.76558990478514,12.469032132147154,411.70365416907947,361.8275256404908,1018718.3,369.23968505859375,408.1466369628906,-0.6311203002929915
989,2021-11-09,382.92703470751024,389.1752613810593,380.293842570472,383.8642578125,493004,0.0,0.0,384.89294982910155,379.4936567489788,33.41933694252732,381.06973321165395,383.67327479451933,-2.6035415828653754,-1.3231178455966872,387.39671020507814,12.469821300254528,412.3363528055872,362.4570676045691,1057343.4,369.23968505859375,408.1466369628906,-0.6055068969726562
988,2021-11-08,378.2408068836321,382.1682576014829,374.8935431059008,380.606201171875,328004,3.5,0.0,384.43580078125,379.3152648688351,35.78511670851583,380.56163782968196,383.65799615308083,-3.0963583233988743,-1.0030119112795148,388.0022171020508,12.58277460686245,413.1677663157757,362.8366678883259,1089346.7,369.23968505859375,408.1466369628906,-0.6776702880859489
987,2021-11-04,375.1708996031495,377.1627225111753,374.37417584310464,376.3217468261719,95607,0.0,0.0,383.9482061767578,379.26257359115993,33.84931670828496,380.5535354038287,383.9021397515773,-3.348604347748619,-0.47967530824967486,388.67988739013674,12.528337934975594,413.7365632600879,363.6232115201856,1098765.45,369.23968505859375,408.1466369628906,-0.7989425659179688
986,2021-11-03,374.41842684040745,377.118442441227,371.895445942037,373.9757995605469,462496,0.0,0.0,383.49761169433594,379.38260733666965,37.86349333635499,381.32295150885716,384.50857118560975,-3.1856196767525944,0.2375569516250613,389.4788299560547,12.204066407169748,413.88696277039423,365.0706971417152,1137023.1,369.23968505859375,408.1466369628906,-1.1419784545898324
985,2021-11-02,374.418424294977,377.8266327140732,370.9216580015205,373.6216735839844,540335,0.0,0.0,382.90626220703126,379.6032933683481,34.122421130695884,382.65879731764085,385.3511929156148,-2.6923955979739276,1.0933511087194752,390.62080841064454,11.736681260777694,414.0941709321999,367.14744588908917,1230768.35,369.23968505859375,408.1466369628906,-1.1751785278320312
984,2021-11-01,371.76272262526095,376.587344537952,369.81515147602727,374.55126953125,374409,0.0,0.0,382.35209411621094,379.84744111464863,38.258011697328946,384.3019107237603,386.28955446214525,-1.9876437383849748,2.039787785392826,391.7959869384766,11.104670096736264,414.0053271319491,369.58664674500403,1290504.85,369.23968505859375,408.1466369628906,-0.7768081665038835
983,2021-10-29,366.6724816169445,379.77423944411686,363.3084977853323,370.3462829589844,639366,0.0,0.0,381.88822082519533,380.06361138335876,33.708497292968545,386.074754576944,387.2286172566169,-1.1538626796728977,3.046645666337276,392.57279510498046,10.352804149037173,413.2784034030548,371.8671868069061,1377165.3,369.23968505859375,408.1466369628906,-0.30983886718752274
982,2021-10-28,386.8562455272652,390.83989107617305,367.3806450659384,369.23968505859375,1341264,0.0,0.0,381.50490600585937,380.46023703333316,34.3000452208902,388.9344766893003,388.57920400042747,0.35527268887284436,4.096772752839819,392.882633972168,9.72637508719658,412.3353841465611,373.42988379777483,1392939.95,369.23968505859375,408.1466369628906,-0.6418106079101449
981,2021-10-27,387.6972976456805,391.5481338883689,377.6496516314253,385.17431640625,1385616,0.0,0.0,380.9578192138672,380.9182187465878,44.54237712787783,392.5153478948833,390.1263655157742,2.388982379109109,5.032147768831562,393.5244445800781,8.419911186059297,410.3642669521967,376.68462220795953,1356583.35,376.5430603027344,408.1466369628906,0.161558532714821
980,2021-10-26,376.2332425961504,391.2825722999964,376.2332425961504,381.5005187988281,985787,0.0,0.0,380.04158081054686,380.74450047476483,38.420366469072086,393.8500808928166,390.52252944453613,3.327551448280474,5.692939116262175,393.3628860473633,8.617250147778915,410.59738634292114,376.12838575180547,1338998.6,376.5430603027344,408.1466369628906,-0.276640319824196
979,2021-10-25,399.1612682632797,399.1612682632797,378.0479419975184,383.4922790527344,769813,0.0,0.0,379.21563720703125,380.7136425839867,39.42303731017816,396.09545581899636,391.2442902961928,4.851165522803569,6.284286033257599,393.6395263671875,8.299334115927481,410.23819459904246,377.04085813533254,1351565.2,376.5430603027344,408.1466369628906,-0.18811950683596024
978,2021-10-22,406.3318533020727,411.1122226436378,392.3448417071552,397.744873046875,774493,0.0,0.0,378.31090759277345,380.60022885056844,56.6898567695211,398.38694250377125,391.86445119566946,6.522491308101792,6.642566160871105,393.82764587402346,8.097406936240697,410.02245974650486,377.63283200154206,1384126.85,376.5430603027344,408.1466369628906,0.23680419921879547
977,2021-10-21,413.10404126185,413.10404126185,400.1350671650848,404.0301818847656,1388366,0.0,0.0,377.2176196289063,379.9004474548008,71.31089126902182,398.50368240502513,391.39401744757305,7.1096649574520825,6.672584874063433,393.59084167480466,8.045908786815048,409.6826592484348,377.49902410117454,1463623.2,376.5430603027344,408.1466369628906,0.9383682250976335
976,2021-10-20,406.1548140424249,416.6893657677724,394.29240738592745,408.1466369628906,1455498,0.0,0.0,376.0570513916016,378.9155603352104,69.77838034566778,397.4988643177996,390.38312429259764,7.115740025201944,6.563314853216269,392.65247344970703,7.856481675327813,408.36543680036266,376.9395100990514,1419117.3,376.5430603027344,408.1466369628906,1.3942749023437386
975,2021-10-19,402.3039519406475,421.7795525676801,391.5038353320537,405.5351257324219,3137503,0.0,0.0,374.9336633300781,377.7224551667336,68.59733008984705,395.5629056550558,388.9620432789742,6.600862376081579,6.4252085602198505,391.2581985473633,7.424560240271449,406.1073190279062,376.40907806682037,1398619.75,376.5430603027344,405.5351257324219,1.0490264892578125
974,2021-10-18,399.3383182047514,410.7580960761165,395.31039394106233,399.8694763183594,1464039,0.0,0.0,373.93952392578126,376.5872441232361,60.211258202581625,393.7497747318983,387.6361966826984,6.113578049199873,6.381295106254418,390.2091720581055,6.7529966328261875,403.71516532375784,376.7031787924531,1299414.05,376.5430603027344,399.8694763183594,0.5355758666992188
973,2021-10-14,394.29238779669487,399.51538445881744,389.733332075075,397.5678405761719,1162197,0.0,0.0,373.1844024658203,375.63694893159834,58.48504417499668,392.6371017161781,386.65753431184555,5.979567404332556,6.448224370518054,389.67359619140626,6.359837168066886,402.39327052754004,376.9539218552725,1312230.85,376.5430603027344,397.9661865234375,0.3541015625000341
972,2021-10-13,399.60391907520807,401.7728036408917,389.6005529506445,390.9726867675781,436152,0.0,0.0,372.39210021972656,374.7418104971259,48.30131186925201,391.7406037416338,385.78470981069944,5.955893930934337,6.565388612064428,389.3194946289062,6.088539210857199,401.4965730506206,377.14241620719184,1310534.75,376.5430603027344,397.9661865234375,0.017704772949173275
971,2021-10-12,395.7087981457151,401.4629529285946,386.85625232590047,397.9661865234375,2900148,0.0,0.0,371.6617657470703,374.0793257513932,60.46680506272079,391.88022500964394,385.3696716541491,6.510553355494835,6.717762282346951,389.30178985595705,6.083992038979149,401.46977393391535,377.13380577799876,1375831.1,376.5430603027344,397.9661865234375,0.5178741455078466
970,2021-10-11,398.36459702684346,401.9056156670821,389.6891121645902,393.40716552734375,1012771,0.0,0.0,370.768544921875,373.1043518423302,60.75308998847232,390.7736865525906,384.361950464606,6.411736087984593,6.7695645140599785,388.7839157104492,5.738673614763464,400.2612629399761,377.3065684809223,1276653.55,376.5430603027344,397.125244140625,0.33639831542967613
969,2021-10-08,394.2038864447397,406.3318860054829,393.8497899864626,395.9743957519531,1133070,0.0,0.0,369.99571716308594,372.2756655694725,59.08453528558931,390.2948721935446,383.638333259587,6.65653893395762,6.859021620578824,388.44751739501953,5.649905627471781,399.7473286499631,377.14770614007597,1310741.7,376.5430603027344,397.125244140625,0.3120529174804574
968,2021-10-07,394.1153550103416,398.1432525960332,392.3005668879568,394.15960693359375,516379,0.0,0.0,369.1202001953125,371.30837045998345,53.809819139707166,389.2622315465612,382.6514482601977,6.610783286363528,6.909642292234125,388.1354644775391,5.378119086252785,398.89170265004464,377.3792263050335,1536318.75,376.5430603027344,397.125244140625,0.41828308105471024
967,2021-10-06,398.5416597224391,401.3744584319371,388.4497349608568,392.3005981445313,860760,0.0,0.0,368.13579711914065,370.37566693044835,51.393624764885786,388.3717996580099,381.730795566326,6.641004091683897,6.984357043701773,387.71718139648436,5.207546842217476,398.1322750809193,377.3020877120494,1670792.75,376.5430603027344,397.125244140625,1.0246810913085938
966,2021-10-05,397.9219368861763,411.2007556921666,393.6284467357409,396.81536865234375,2337401,0.0,0.0,367.3240185546875,369.4807717788531,55.10204286745182,387.65747266046054,380.88521136006955,6.772261300390994,7.0701952817062415,386.69250030517577,6.183083151580984,399.0586666083377,374.3263340020138,1663707.8,371.8069763183594,397.125244140625,1.1928802490234034
965,2021-10-04,390.397303350913,399.2498499121583,384.7759308813567,397.125244140625,1735065,0.0,0.0,366.50073181152345,368.36507394728204,57.50179703640546,385.99240066193636,379.6107987766876,6.381601885248756,7.144678777035052,385.49962005615237,6.42401370258825,398.34764746132885,372.6515926509759,1671707.1,371.8069763183594,397.125244140625,1.2991119384765852
964,2021-10-01,376.144672955131,394.64648863384,373.7987536756663,390.0874328613281,2107618,0.0,0.0,365.5977716064453,367.19118944959456,52.9729830455234,383.9682473021748,378.20964314757265,5.758604154602153,7.335447999981625,384.2005081176758,6.574650289910335,397.3498086974964,371.05120753785513,1633233.35,371.14300537109375,393.0087890625,1.2327163696289176
963,2021-09-30,380.6594889075224,384.3775691403919,375.0381166332808,376.5430603027344,954859,0.0,0.0,364.84087890625,366.25664890217683,35.91681052263213,382.8556681096014,377.2594199704722,5.596248139129216,7.729658961326493,382.96779174804686,7.638070259693358,398.2439322674336,367.69165122866013,1584647.55,365.43310546875,393.0087890625,0.825498962402321
962,2021-09-29,376.23321135494297,384.2005028895183,373.17907212702505,382.0758972167969,614132,0.0,0.0,364.48677734375,365.83679537562347,45.89042620725666,384.0034149835772,377.31672874389125,6.686686239685969,8.263011666875812,382.14229278564454,9.117816677292094,400.37792614022874,363.90665943106035,1638632.35,360.0330810546875,393.0087890625,0.33197021484375
961,2021-09-28,385.7939820301543,389.1136871084856,379.7742609611116,381.9431457519531,1033921,0.0,0.0,364.256611328125,365.17397489231024,58.5767982143097,384.35387275935545,376.9359952660588,7.417877493296658,8.657093023673273,381.8103225708008,9.240404118669368,400.29113080813954,363.32951433346204,1676315.55,360.0330810546875,393.0087890625,0.47803955078126137
960,2021-09-27,390.7513783372203,390.7513783372203,375.74632894997967,387.0333251953125,1237119,0.0,0.0,363.6351617431641,364.4895189388554,62.760873751380586,384.7921867607013,376.53542322718727,8.25676353351406,8.966896906267426,381.33228302001953,9.4774380185073,400.28715905703416,362.3774069830049,1731616.5,360.0330810546875,393.0087890625,1.199522399902321
959,2021-09-24,397.0367225621901,397.2580362313998,381.2349211774522,387.2546691894531,1421046,0.0,0.0,362.7322021484375,363.56936358144895,64.19663452204438,384.3847070453175,375.69559106973725,8.68911597558025,9.144430249455766,380.1327606201172,10.207938603711952,400.54863782754114,359.7168834126933,1721797.55,360.0330810546875,393.0087890625,1.3123931884765625
958,2021-09-23,387.7415134051182,402.1711525268777,387.7415134051182,393.0087890625,2364420,0.0,0.0,361.7177001953125,362.6026164137753,74.31699283084673,383.86289574638374,374.77086482016,9.092030926223742,9.258258817924645,378.82036743164065,10.907436534268088,400.63524050017685,357.00549436310445,1767864.0,360.0330810546875,393.0087890625,1.8391159057617301
957,2021-09-22,383.5808120098218,387.6087366980012,380.26110721969815,385.2628173828125,498248,0.0,0.0,360.5960821533203,361.36154814239876,73.20851075297796,382.20000605254444,373.3118308807728,8.88817517177165,9.29981579084987,376.9812515258789,11.475367593946578,399.93198671377206,354.0305163379858,1767453.3,356.2264709472656,390.61859130859375,1.5735397338867188
956,2021-09-21,381.19067254422674,384.4218467394466,371.851219413368,380.2611389160156,1045547,0.0,0.0,359.5806951904297,360.3859861325859,53.72523718950466,381.64313126522296,372.3557519606096,9.287379304613353,9.402725945619425,375.4077117919922,12.400408782069604,400.2085293561314,350.606894227853,1815892.95,353.7920227050781,390.61859130859375,1.7926406860351562
955,2021-09-20,386.8562633290477,389.0693998469485,380.6594810789257,384.5545959472656,1153389,0.0,0.0,358.6609155273438,359.5747554067316,59.5818907405966,381.8944026014425,371.7233210041771,10.171081597265413,9.431562605870942,373.61507110595704,14.132395824792845,401.8798627555427,345.35027945637137,1810848.4,344.4083251953125,390.61859130859375,1.9320663452148779
954,2021-09-17,391.3268167199961,394.0268596774975,378.7119376514514,389.157958984375,1720375,0.0,0.0,357.62074096679686,358.55517007854655,69.13108116869326,381.4107310840201,370.69681900873,10.713912075290068,9.246682858022323,371.68300476074216,15.1619791961774,402.006963153097,341.35904636838734,1804728.05,344.4083251953125,390.61859130859375,1.8900177001953011
953,2021-09-16,392.34484938868496,396.23996422415314,385.08575086490106,390.4858093261719,1128275,0.0,0.0,356.41413818359376,357.3060766538189,71.37360259359338,380.00214419304643,369.2199278106784,10.782216382368006,8.879875553705388,369.79298706054686,15.224860491504824,400.2427080435565,339.34326607753724,1917678.35,344.4083251953125,390.61859130859375,1.9652633666992188
952,2021-09-15,388.6267684633941,395.1333951608782,381.1463563050916,390.61859130859375,1742079,0.0,0.0,355.2544549560547,355.9518018508657,73.36142052302372,378.0960232597509,367.5186572894389,10.577365970311973,8.404290346539732,367.82772369384764,14.947480299590206,397.72268429302807,337.9327630946672,1973875.8,344.4083251953125,390.61859130859375,2.4366622924804346
951,2021-09-14,389.4677435402357,391.5923490214017,384.4660338040472,387.6087036132813,916597,0.0,0.0,354.04254150390625,354.53683085259104,73.15153163791597,375.8191927054158,365.6706625679065,10.148530137509283,7.86102144059667,365.3910614013672,15.008687060152294,395.4084355216718,335.37368728106264,1960943.0,341.8853454589844,389.73333740234375,2.4123153686523438
950,2021-09-13,390.08743483848247,391.14975116686,378.003714928364,386.67919921875,1694534,0.0,0.0,352.87135009765626,353.1869584950118,75.93701407843055,373.67564526762203,363.9156192842765,9.760025983345542,7.289144266368517,362.97874603271487,15.126546087101927,393.2318382069187,332.725653858511,1989093.5,339.3623962402344,389.73333740234375,2.323793029785179
949,2021-09-09,389.4234928893754,398.8957279096868,386.32510179134425,389.73333740234375,5644611,0.0,0.0,351.6213708496094,351.81992826138986,77.40866298646266,371.31136273105335,362.09453288951863,9.216829841534718,6.6714238371242605,360.6549530029297,14.861541597670579,390.3780361982708,330.93186980758855,1948907.55,339.3623962402344,389.73333740234375,2.5738769531250227
948,2021-09-08,372.60365712647166,388.62677084939565,366.1413093287008,385.7939453125,3205859,0.0,0.0,350.3227020263672,350.272442174004,71.14129770895113,367.96191279081876,359.8834285284926,8.078484262326185,6.035072336021646,358.08107604980466,13.992696955105266,386.0664699600152,330.09568213959415,1715136.5,338.2557983398437,385.7939453125,2.1356735229492188
947,2021-09-07,373.1348583766392,376.1004670432968,367.7790782145757,371.8069763183594,719061,0.0,0.0,349.1249523925781,348.822584903045,65.2487060121983,364.719725059604,357.81058718577196,6.909137873832037,5.524219354445511,355.94540252685545,12.744263268783511,381.43392906442244,330.45687598928845,1633261.95,338.2557983398437,375.4364929199219,1.2902603149414062
946,2021-09-06,374.0200800309565,383.8021328562045,371.67416067179767,372.957763671875,2497387,0.0,0.0,348.1015972900391,347.88444647793017,70.50232231089768,363.43113392164844,356.690876055165,6.740257866483432,5.177989724598879,354.65514221191404,12.354201394259189,379.3635450004324,329.9467394233957,1652129.3,338.2557983398437,375.4364929199219,1.0490264892578125
945,2021-09-03,368.5757723351986,373.1348282979512,363.75112377270193,371.14300537109375,965590,0.0,0.0,346.99768493652346,346.8610457761365,70.77544405223172,361.69901942160726,355.38952504582824,6.309494375779025,4.787422689127741,353.6061157226562,11.585098547832136,376.7763128183205,330.43591862699196,1568316.55,338.2557983398437,375.4364929199219,0.7657424926757699
944,2021-09-02,356.84615164949594,369.23971663944536,356.84615164949594,365.43310546875,1135902,0.0,0.0,345.92387023925784,345.8699453845056,67.61436149699989,359.9819310671552,354.12924661980696,5.852684447348224,4.40690476746492,352.84037322998046,10.847612858678653,374.53559894733775,331.14514751262317,1590412.35,338.2557983398437,375.4364929199219,0.165985107421875
943,2021-09-01,375.3479758674773,375.8348551241817,358.6609201220901,360.0330810546875,2034555,0.0,0.0,344.9527459716797,345.07144905453646,65.97405283629777,358.99080844868337,353.2249379118916,5.765870536791795,4.045459847494094,352.6743881225586,10.668706207272457,374.0118005371035,331.33697570801365,1614251.65,338.2557983398437,375.4364929199219,0.10401763916013351
942,2021-08-31,372.3823536487648,378.844728638908,369.5938069753497,375.4364929199219,1367796,0.0,0.0,344.05598205566406,344.46077019738743,78.09373959973964,358.8013043385008,352.6802864604679,6.121017878032887,3.6153571751696685,352.57037048339845,10.603124341631961,373.7766191666624,331.3641218001345,1564228.3,338.2557983398437,375.4364929199219,1.0490264892578125
941,2021-08-30,365.5216313532756,375.7020595990956,360.4756961713656,372.3823547363281,2139940,0.0,0.0,342.85380615234374,343.1964549842228,72.95841590890133,355.77672459642423,350.85978994371163,4.916934652712598,2.9889419994538633,351.52134399414064,9.1616633836174,369.8446707613754,333.19801722690585,1553511.5,338.2557983398437,372.3823547363281,0.9538604736328011
940,2021-08-27,358.5723257462202,365.5658579347712,356.8460956743231,363.0428771972656,1040740,0.0,0.0,341.7906158447266,342.00519376985113,60.2291147475128,352.7575191164417,349.1379847603023,3.619534356139411,2.5069438361391794,350.56748352050784,7.761540219027214,366.09056395856226,335.0444030824534,1522844.3,338.2557983398437,363.0428771972656,0.4138549804687841
939,2021-08-26,358.79366897910376,369.4167238950307,357.2444734705311,361.0068054199219,2342375,0.0,0.0,341.02575622558595,341.1465128136301,54.63175053060939,350.8874540108373,348.02559336534523,2.8618606454920723,2.2287962061391213,350.15362854003905,7.266191834172584,364.6860122083842,335.6212448716939,1517223.2,338.2557983398437,362.1134033203125,0.4404129028320085
938,2021-08-25,356.7133772213569,363.61835278563535,351.0920047087846,356.2264709472656,2356206,0.0,0.0,340.3936846923828,340.3358886256182,44.87278920713664,349.04757193645827,346.9870964009791,2.0604755354791564,2.0705300963008835,349.71321563720704,6.827438086816544,363.36809181084016,336.05833946357393,1487097.7,338.2557983398437,362.1134033203125,0.5643508911132926
937,2021-08-24,345.24932056102864,356.18222111529354,342.593556556713,353.7920227050781,1467041,0.0,0.0,339.8465972900391,339.6872934288163,46.48202488060797,347.7423175708569,346.2479464372762,1.494371133580728,2.0730437365063152,349.14886474609375,6.726462983032034,362.6017907121578,335.6959387800297,1425269.25,338.2557983398437,362.1134033203125,0.10401763916013351
936,2021-08-23,346.35589631318146,352.0657998510659,339.53942441646905,344.4083251953125,944656,0.0,0.0,339.35705200195315,339.1115901930505,40.565246720169476,346.6423711828167,345.64442033585203,0.9979508469646703,2.217711887237712,349.0448471069336,6.666702183758626,362.37825147445085,335.7114427394164,1413633.45,338.2557983398437,362.1134033203125,-0.5621353149413721
935,2021-08-20,349.2772260481874,354.50025031562615,340.8673065193116,345.91326904296875,1030982,0.0,0.0,339.1560992431641,338.8953969276521,43.01254250020339,347.04856136236293,345.74330794709516,1.3052534152677708,2.5226521473059726,349.606982421875,6.728876721017775,363.0647358639105,336.14922897983945,1483931.1,338.2557983398437,362.1134033203125,-0.3031982421875341
934,2021-08-18,354.01336923128986,362.51182023708367,348.0821786139546,351.35760498046875,3979381,0.0,0.0,338.7488818359375,338.6089531678432,46.51588673785121,347.25497814770733,345.7297110594253,1.5252670882820212,2.827001830315523,349.9101806640625,6.6901886001509565,363.2905578643644,336.52980346376063,1489914.6,338.2557983398437,362.1134033203125,-0.044259643554653394
933,2021-08-17,342.1509334593732,354.7215607084553,341.8853678619846,351.1805419921875,2252224,0.0,0.0,338.28692626953125,338.088600032634,49.0077988828145,346.50904599629615,345.2794795457418,1.22956645055433,3.1524355158238984,349.9544403076172,6.703183588010723,363.3608074836386,336.54807313159574,1491476.4,338.2557983398437,362.1134033203125,-0.38287200927737786
932,2021-08-16,338.6541444794605,345.2050502879524,336.7508524473509,341.8853454589844,1483423,0.0,0.0,337.8486010742188,337.55423505469304,46.900280061029896,345.65968308795226,344.8073945500262,0.8522885379260856,3.6331527821412903,350.33731231689455,6.989476696714541,364.31626571032365,336.35835892346546,1531910.3,338.2557983398437,362.1134033203125,-1.434112548828125
931,2021-08-13,340.823061098921,344.9837690147721,338.6541762674142,339.3623962402344,1479607,0.0,0.0,337.46779296875,337.37745503819133,38.46153846153849,346.3459262932191,345.04115847730947,1.3047678159096563,4.328368843195092,351.7714248657227,8.029216325016819,367.8298575157563,335.71299221568904,2108003.9,338.2557983398437,370.5675964355469,-0.5754135131835483
930,2021-08-12,339.0525184268843,342.68206776099026,338.2115157341161,340.2033386230469,890815,0.0,0.0,337.10862121582034,337.2964370299446,36.35650598902464,347.6156590301254,345.49545945627546,2.120199573849959,5.08426910001645,352.3468383789062,7.487193772173883,367.321225923254,337.37245083455844,2169692.75,338.2557983398437,370.5675964355469,-0.08410034179689774
929,2021-08-11,344.3640498622556,346.31162084775605,331.17376132468166,338.2557983398437,969190,0.0,0.0,336.80686950683594,337.17778798532817,38.23974982554115,348.96335364959424,345.91882912293374,3.0445245266604957,5.825286481558073,352.4309387207031,7.351835186224331,367.13460909315177,337.7272683482545,2200829.75,338.2557983398437,370.5675964355469,0.08631134033203125
928,2021-08-10,347.6395585256525,349.6756336876276,337.8132251884794,343.0804748535156,1568368,0.0,0.0,336.4610974121094,337.13378756269486,41.48151805124522,350.91018188773074,346.5318715855809,4.378310302149828,6.520476970282466,352.3446273803711,7.534866366879658,367.41436011413043,337.27489464661176,2176533.75,336.5295715332031,370.5675964355469,0.30762939453126137
927,2021-08-09,352.3313350833149,354.0133134405975,343.9656682052824,346.00177001953125,1096408,0.0,0.0,336.0712335205078,336.8910656324573,38.82893989702643,352.3337649848608,346.80798332414616,5.525781660714642,7.056018637315625,352.03699798583983,8.041565238904218,368.12012846364826,335.9538675080314,2142577.0,336.5295715332031,370.5675964355469,0.5754150390624773
926,2021-08-06,357.155978692874,357.9527024286302,350.6050730490803,351.97723388671875,821132,0.0,0.0,335.2412774658203,336.51920014727057,35.29409208607112,353.4850367967389,346.8724803885153,6.612556408223554,7.4385778814658705,351.46158294677736,8.865658266019723,369.1928994788168,333.7302664147379,2121052.95,334.49346923828125,370.5675964355469,0.88525390625
925,2021-08-05,365.5659577114423,365.6102096423548,352.90679864992035,355.8281555175781,1407506,0.0,0.0,334.27783752441405,335.88825999464,53.13554247913363,353.7591827803789,346.46410010865907,7.295082671719854,7.64508324977645,350.57632904052736,9.659832881836032,369.8959948041994,331.2566632768553,2268836.4,334.27215576171875,370.5675964355469,1.1641143798828466
924,2021-08-04,359.4133874475427,364.2822880164133,355.3854896014445,362.1134033203125,1612688,0.0,0.0,333.2662005615234,335.07438670798945,62.37141591159619,353.38300591907,345.71497567594554,7.668030243124463,7.732583394290598,349.4122146606445,10.370371905939944,370.1529584725244,328.6714708487646,2236294.0,332.5458679199219,370.5675964355469,1.6642791748046761
923,2021-08-03,356.1379400034241,359.41339306179646,352.3313557600862,357.9527282714844,1034088,0.0,0.0,332.11313720703123,333.97075337687426,62.913559353212776,351.79566093702584,344.4031014643962,7.392559472629671,7.748721682082132,347.74793548583983,10.882985924108016,369.5139073340559,325.9819636376238,2210300.15,328.82781982421875,370.5675964355469,1.2725540161132471
922,2021-08-02,357.68713726497515,359.1035501348259,352.33135733790374,354.4559631347656,1153460,0.0,0.0,331.0956903076172,332.9918972587269,60.97564704263678,350.6761941489425,343.3191313198291,7.357062829113374,7.837762234445247,346.4753814697266,11.112515190292696,368.700411850312,324.2503510891412,2188276.55,328.82781982421875,370.5675964355469,1.221652221679733
921,2021-07-30,354.765810070403,359.7232416404914,351.35757417747794,353.3051452636719,1526596,0.0,0.0,330.1359515380859,332.1158129372559,61.59304531251823,349.9889634242474,342.4281847746342,7.560778649613212,7.957937085778215,345.25372924804685,11.524383869040207,368.30249698612727,322.20496150996644,2160638.8,328.82781982421875,370.5675964355469,1.2128005981444971
920,2021-07-29,353.65920934837754,357.06744492924304,347.1968616359517,354.7657775878906,928318,0.0,0.0,329.1773950195313,331.2509422300553,62.825485843808046,349.38602127162477,341.5580279355112,7.827993336113593,8.057226694819466,344.04092864990236,11.902593639953134,367.8461159298086,320.2357413699961,2120066.6,328.82781982421875,370.5675964355469,1.5292770385742074
919,2021-07-28,343.47878416620586,355.4297212441537,341.7082749694728,352.19854736328125,1739865,0.0,0.0,328.22630798339844,330.2911530317763,62.43003534182747,348.4078837595764,340.5014079633208,7.90647579625562,8.114535034495933,342.51165161132815,12.406309731549102,367.32427107442635,317.69903214822995,2123270.15,324.18023681640625,370.5675964355469,1.3699325561523779
918,2021-07-27,354.98709834414035,356.7576075628144,342.32796823695185,344.939453125,1119637,0.0,0.0,327.28901123046876,329.3969736713067,60.668239584672044,347.71867219526644,339.56563681132394,8.153035383942495,8.16654984405601,341.14171905517577,12.787226205939898,366.7161714670556,315.56726664329597,2088746.2,324.18023681640625,370.5675964355469,0.9516494750976676
917,2021-07-26,355.16418475084794,362.2904740448489,350.5608496561031,351.711669921875,1234325,0.0,0.0,326.44099853515627,328.7625867548294,63.2640693443423,348.2239847534967,339.1357315062299,9.088253247266834,8.169928459084389,340.1900695800781,13.19155913602113,366.5731878521204,313.8069513080358,2089855.65,324.18023681640625,370.5675964355469,1.5536224365234261
916,2021-07-23,354.1018359618077,366.5396521436358,352.9952677244271,355.6510314941406,2350609,0.0,0.0,325.37457153320315,327.82588948270507,68.05989009854657,347.58986017742797,338.1296564329783,9.460203744449643,7.9403472620387765,338.6364471435547,13.587031280094587,365.81050970374383,311.4623845833655,2083155.55,320.63922119140625,370.5675964355469,1.8944442749023551
915,2021-07-22,358.52811251468603,358.660895301341,349.71981845027864,351.97723388671875,1150652,0.0,0.0,324.2861260986328,326.6901694006056,66.79637722566954,346.1241926652984,336.7279464280853,9.396246237213063,7.560383141436059,336.7420028686523,13.730494196412508,364.20299126147734,309.2810144758273,2010983.35,317.7621459960937,370.5675964355469,1.7262481689452898
914,2021-07-20,360.1215583417551,374.197128011089,349.4985032046434,352.2427978515625,4010617,0.0,0.0,323.34801330566404,325.6580443195397,69.2588047047785,345.06000335231283,335.5080034313946,9.551999920918206,7.101417367491807,335.01575469970703,13.883700784960444,362.7831562696279,307.24835312978615,1996139.95,317.4522705078125,370.5675964355469,1.7682952880859375
913,2021-07-19,366.4954295909003,372.603681347583,354.5444916694579,358.8379821777344,3060902,0.0,0.0,322.4238043212891,324.57295233864085,75.44678342399959,343.75404071608557,334.1692198777812,9.584820838304381,6.488771729135207,333.2474594116211,13.826168473979118,360.89979635957934,305.59512246366285,1846623.75,316.8768920898437,370.5675964355469,2.182154846191395
912,2021-07-16,352.5969110957175,388.9366301525128,351.62315260772107,370.5675964355469,13005295,0.0,0.0,321.37380554199217,323.1743796921472,89.69322870388152,341.01150590487674,332.1957188937849,8.815787011091857,5.714759451842913,331.0653045654297,12.99368336734993,357.05267130012953,305.07793783072987,1718378.85,315.19488525390625,370.5675964355469,2.761994934082054
911,2021-07-15,343.8328816197382,354.98709499532515,340.2918632157948,350.87066650390625,2713384,0.0,0.0,319.9983825683594,321.23996268221254,86.13764805278755,335.6376712629367,329.1259686904439,6.511702572492766,4.939502562030677,328.30330963134764,9.576696569255827,347.4567027698593,309.149916492836,1100920.15,315.19488525390625,350.87066650390625,1.582391357421841
910,2021-07-14,335.4229705157637,346.9312805895196,335.3787185910416,341.8853454589844,1513555,0.0,0.0,318.9042333984375,320.0305461996944,83.76713306011001,332.86803576457856,327.38639286536693,5.481642899211636,4.5464525594151555,326.7209182739258,8.161653994101428,343.04422626212863,310.397610285723,1011918.45,315.19488525390625,341.8853454589844,0.8542724609375227
909,2021-07-13,338.7869872460226,339.6722419532076,334.05086915941706,336.5295715332031,483270,0.0,0.0,318.0072576904297,319.1385135768662,81.0968166211832,331.2285249110502,326.2264766578776,5.002048253172632,4.312654974466035,325.8666458129883,7.344078056580816,340.55480192614993,311.1784896998266,995184.5,315.19488525390625,336.9278869628906,0.35631713867189774
908,2021-07-12,335.51147428044146,338.6541171250233,331.08520153267835,336.9278869628906,889233,0.0,0.0,317.1920690917969,318.42867447660757,82.49639687851474,330.264698252477,325.4022290678515,4.862469184625468,4.140306654789386,325.5103286743164,6.962472199624306,339.435273073565,311.5853842750678,999250.1,315.19488525390625,336.9278869628906,0.40278930664061363
907,2021-07-09,334.6262520303659,335.37872387328224,329.4475070124448,334.49346923828125,665927,0.0,0.0,316.42219116210936,317.67360457920825,82.05883963279982,329.0532093960382,324.48017643624837,4.573032959789828,3.9597660223303652,325.10753936767577,6.483746698369292,338.07503276441435,312.1400459709372,990742.95,315.19488525390625,334.49346923828125,0.2589355468749659
906,2021-07-08,332.54589841619503,346.66572065848715,330.4655446196434,334.27215576171875,3776801,0.0,0.0,315.71759521484375,316.98707949108285,81.56337263340296,328.0640712429031,323.6791130120857,4.3849582308174035,3.8064492879654996,324.8486038208008,6.185741299192308,337.2200864191854,312.4771212224162,1009313.7,315.19488525390625,334.27215576171875,-0.004426574706997144
905,2021-07-07,328.82781500135366,333.74096697139294,325.773675982686,332.5458679199219,756658,0.0,0.0,314.99559020996094,316.28156617391403,70.70140348980456,326.9353286031184,322.831669592115,4.103659011003401,3.661822052252523,324.8530303955078,6.19286737937154,337.23876515425087,312.46729563676473,912891.5,315.19488525390625,334.3606872558594,0.34967346191405113
904,2021-07-06,333.5639101465314,337.6360865592059,327.63272075521934,328.82781982421875,1092811,0.0,0.0,314.2950103759766,315.61771712305654,55.91679450293582,325.9152305455178,322.05453372589045,3.8606968196273215,3.551362812564803,324.50335693359375,5.9273871825019615,336.3581312985977,312.6485825685898,944288.95,315.19488525390625,334.3606872558594,0.02839965820311363
903,2021-07-05,334.0065646266452,334.0065646266452,325.7737072868679,332.50164794921875,593616,0.0,0.0,313.4949890136719,315.078529257703,54.43041951725275,325.3856688584812,321.51267083802423,3.8729980204569756,3.4740293107991738,324.47495727539064,5.906902350181209,336.28876197575306,312.6611525750282,941076.5,315.19488525390625,334.3606872558594,0.16186828613280113
902,2021-07-02,328.91635040212583,331.970489713824,325.9507689733444,330.0229187011719,600705,0.0,0.0,312.53415344238283,314.36738155600847,51.74260950574771,324.0918544783471,320.6335526691287,3.458301809218426,3.3742871333847235,324.31308898925784,5.71666196118366,335.74641291162516,312.8797650668905,1052334.8,315.19488525390625,334.3606872558594,0.35889892578126137
901,2021-07-01,326.6589351639829,330.9966771383341,324.0031714634627,329.04913330078125,715152,0.0,0.0,311.6220196533203,313.7283800398793,49.59120566150101,323.0134791651062,319.8824033865652,3.1310757785410033,3.353283464426297,323.9541900634766,5.562569419473107,335.0793289024228,312.82905122453036,1049268.75,315.19488525390625,334.3606872558594,0.38226623535155113
900,2021-06-30,325.5523706040564,329.3147025552929,323.33923416215254,324.18023681640625,992389,0.0,0.0,310.7651702880859,313.1030431720874,34.4172945501427,321.91608750407437,319.14906499342794,2.7670225106464272,3.4088353858976204,323.571923828125,5.455681934020083,334.4832876961652,312.66055996008487,1050026.7,315.19488525390625,334.3606872558594,-0.04677581787109375
899,2021-06-29,327.54419080964243,329.58026551375053,320.9490334586316,324.7998962402344,1049386,0.0,0.0,309.9620294189453,312.650912819258,49.079045655551575,321.5044239927413,318.74657124758966,2.757852745151638,3.569288604710418,323.6186996459961,5.46517417622406,334.5490479984442,312.688351293548,1066827.9,315.19488525390625,334.3606872558594,0.1916351318359375
898,2021-06-28,320.6392151558996,328.8720718273469,319.5768988685659,325.9064636230469,1141826,0.0,0.0,309.3561071777344,312.15503594493237,47.22842600186748,320.90524722046985,318.26230524817805,2.642941972291794,3.7721475696001123,323.4270645141602,5.4887215709118085,334.4045076559838,312.44962137233654,1099029.5,315.19488525390625,334.3606872558594,0.11595916748046875
897,2021-06-25,320.72772503716214,323.4720196512432,314.7080046711609,320.63922119140625,1100323,0.0,0.0,308.6494482421875,311.59375318256036,38.70845565380257,319.99593514727405,317.65077257818854,2.3451625690855167,4.054448968927192,323.3111053466797,5.457995312310088,334.2270959712999,312.39511472205953,1398326.7,315.19488525390625,334.3606872558594,0.8067626953125
896,2021-06-24,318.2490252144308,319.4883762376917,312.4506184542674,317.7621459960937,907165,0.0,0.0,307.98612426757813,311.2245504066891,43.910609132861424,319.8789740483409,317.41169668913113,2.4672773592097883,4.481770568887611,322.5043426513672,6.880776807239446,336.2658962658461,308.7427890368883,1382541.0,304.50396728515625,334.3606872558594,0.697845458984375
895,2021-06-23,317.8063669062146,319.5768759140487,312.4948398827124,317.4522705078125,853784,0.0,0.0,307.33754638671877,310.9577097703868,45.39083435139068,320.2638518760222,317.3836607445742,2.8801911314480435,4.985393871307067,321.80649719238284,8.003239686681944,337.81297656574674,305.80001781901893,1354442.75,303.80523681640625,334.3606872558594,0.6102981567382812
894,2021-06-22,317.8063986053395,321.03757246376057,315.6817929871877,316.8768920898437,1020293,0.0,0.0,307.1484503173828,310.6926256586551,41.045233064550835,320.775048488424,317.3781719635151,3.396876524908862,5.511694556271822,321.19619903564455,8.780409965841125,338.7570189673268,303.6353791039623,1325232.35,303.80523681640625,334.3606872558594,0.6208328247070654
893,2021-06-21,311.56536305573445,316.25720156584623,309.92763666475446,315.19488525390625,496004,0.0,0.0,307.0651867675781,310.4402066206474,44.04538611632128,321.48380419725675,317.41827435340883,4.065529843847912,6.040399064112561,320.5753662109375,9.510503268666348,339.5963727482702,301.5543596736048,1317407.05,303.80523681640625,334.3606872558594,0.4057250976562159
892,2021-06-18,319.75397073183404,321.03757368593733,309.9276393176691,315.32769775390625,656121,0.0,0.0,306.70813415527346,310.2461381050042,41.89545450734305,322.62724400513866,317.59614548136904,5.031098523769629,6.534116369178722,320.1696411132813,9.916537244108508,340.00271560149827,300.3365666250643,1322216.1,303.80523681640625,334.3606872558594,0.442933654785179
891,2021-06-17,324.44583650448993,324.44583650448993,317.2752682754405,319.22283935546875,933350,0.0,0.0,306.29078186035156,310.0387275070898,61.126275013518324,323.9544342326355,317.777621299566,6.1768129330694705,6.909870830530995,319.7267074584961,10.333275780254214,340.3932590190045,299.06015589798767,1319421.7,303.80523681640625,334.3606872558594,0.6922760009765625
890,2021-06-16,330.1557025967522,330.1557025967522,322.40972511138904,324.7998962402344,1178876,0.0,0.0,305.76757873535155,309.66386579899273,67.13393023921896,324.8147242103022,317.66200385509376,7.15272035520843,7.093135304896375,319.03443145751953,10.821083985639506,340.67659942879857,297.3922634862405,1297621.5,303.80523681640625,334.3606872558594,0.879423522949196
889,2021-06-15,329.18191511870367,331.3507725916156,327.10156148955633,329.4032287597656,564582,0.0,0.0,305.28742248535156,309.0460686381257,70.78763457520508,324.81742020486,317.0909724642825,7.726447740577498,7.07823904231836,318.15500793457034,11.040348197853472,340.23570433027726,296.0743115388634,1277085.15,303.80523681640625,334.3606872558594,1.2034759521484375
888,2021-06-14,329.31472815286423,330.11145193071366,321.3031844167668,328.8721008300781,719090,0.0,0.0,304.60864685058596,308.2151641433649,70.91525005386161,323.98363683124086,316.10599196064385,7.87764487059701,6.9161868677535745,316.9515319824219,11.061532698538386,339.07459737949864,294.82846658534515,1275181.45,303.80523681640625,334.3606872558594,1.3166641235351904
887,2021-06-11,336.17548243204754,336.39679611370127,327.5885007775499,329.31475830078125,1037342,0.0,0.0,303.90381286621096,307.37202387043783,68.36443745399917,323.0948251950886,315.0847032510891,8.010121943999536,6.675822367042715,315.6348678588867,11.134930508657579,337.9047288762019,293.3650068415715,1258144.05,302.538818359375,334.3606872558594,1.5462219238281136
886,2021-06-10,329.31472501780394,339.9377806635396,326.12780292091776,334.3606872558594,1848357,5.0,0.0,303.09143310546875,306.4764020569544,74.8580247047893,321.9639282667809,313.94629884711367,8.01762941966723,6.342247472803509,314.0886459350586,11.281484273574508,336.6516144822076,291.5256773879096,1225643.45,298.39031982421875,334.3606872558594,1.6565963745117074
885,2021-06-09,330.3123303968472,335.5089254635496,322.277223644602,325.5523986816406,1384607,0.0,0.0,302.1196179199219,305.33826796720314,70.84833657207767,319.7099720869485,312.313147774414,7.396824312534477,5.923401986087579,312.4320495605469,10.557363713244593,333.5467769870361,291.3173221340577,1151881.3,298.39031982421875,329.2642822265625,1.0240402221679688
884,2021-06-08,329.2642081713707,333.5001058352974,323.1942074654569,328.25982666015625,1028562,0.0,0.0,301.4610900878906,304.5132014074302,72.15060435205417,318.6477127060953,311.25400770183586,7.393705004259459,5.555046404475854,311.4080093383789,10.205159213436813,331.81832776525255,290.9976909115053,1099225.7,298.39031982421875,329.2642822265625,1.1113739013671875
883,2021-06-07,324.1113452094086,336.6880127276919,322.1462400767567,329.2642822265625,2818782,0.0,0.0,300.8313842773438,303.5439513971148,74.7291844976534,316.9000556235388,309.89354218517025,7.006513438368529,5.095381754529951,310.29663543701173,9.45619028345797,329.2090160039277,291.3842548700958,1070475.05,298.39031982421875,329.2642822265625,1.1463119506835824
882,2021-06-04,323.15062854323617,324.8100453591206,318.8710714959201,322.8449401855469,539384,0.0,0.0,300.1160858154297,302.4941419755047,72.68291286084693,314.65201442298905,308.3438829818589,6.308131441130172,4.617598833570307,309.15032348632815,8.362162162983038,325.8746478122942,292.4259991603621,980577.75,298.39031982421875,325.1157531738281,1.0524246215820767
881,2021-06-03,328.47819123315907,329.1768845035087,319.87539374310035,321.40380859375,730311,0.0,0.0,299.3675982666016,301.663497150605,74.24095335204618,313.16239155706944,307.18379840556383,5.978593151505606,4.1949656816803405,308.09789886474607,7.857193736441868,323.8122863376298,292.3835113918623,988473.45,298.39031982421875,325.1157531738281,1.2620300292968523
880,2021-06-02,320.5305074944121,328.1725836267721,319.43878233264644,325.1157531738281,1328413,0.0,0.0,298.5833038330078,300.85777015292564,75.6327387404499,311.66395209585477,306.04619759050894,5.617754505345829,3.749058814224023,306.8358688354492,7.631339783953606,322.0985484033564,291.57318926754203,967330.35,296.1632080078125,325.1157531738281,1.403959655761696
879,2021-06-01,326.2511326599638,328.39092461203234,317.6046748160277,320.9671936035156,1693418,0.0,0.0,297.909052734375,299.8676483969704,67.1699640756146,309.2181700816778,304.5206331438434,4.6975369378344,3.281884891443571,305.4319091796875,6.605260335299194,318.6424298502859,292.22138850908914,929941.45,296.1632080078125,323.5872802734375,1.2598526000977017
878,2021-05-31,307.4297507591093,327.95418014217483,306.6000291226726,323.5872802734375,7127770,0.0,0.0,297.3265081787109,299.00644247017266,69.66734681597129,307.0819839867982,303.20490830706956,3.877075679728648,2.927971879845864,304.1720565795898,5.845465795538973,315.8629881706678,292.48112498851185,869022.35,295.7701416015625,323.5872802734375,1.2576644897460483
877,2021-05-28,306.55641585590627,307.3861376143304,300.70475851009905,304.50396728515625,784609,0.0,0.0,296.7963659667969,298.0031429679986,46.45274158648312,304.08102102559104,301.5743185497601,2.5067024758309344,2.690695929875168,302.9143920898438,3.7944559910502376,310.5033040719442,295.3254801077433,536177.65,295.7701416015625,307.21142578125,0.2620147705078466
876,2021-05-27,306.4690351417519,306.4690351417519,302.3204801624299,303.80523681640625,345200,0.0,0.0,296.76055725097655,297.7378031999514,53.38238226099182,304.00412170567006,301.3399466509284,2.6641750547416336,2.736694293386226,302.6523773193359,3.8592882018822356,310.3709537231004,294.93380091557145,534104.85,295.7701416015625,307.21142578125,0.2816665649414176
875,2021-05-26,304.7659590385577,306.9494090197669,303.6742340479531,305.2463073730469,269576,0.0,0.0,296.85750244140627,297.4901528482593,63.40201961255787,304.0402825946271,301.14272343769017,2.89755915693695,2.754824103047374,302.3707107543945,3.9745693215797253,310.319849397554,294.42157211123504,584118.5,295.7701416015625,307.21142578125,0.386471557617142
874,2021-05-25,309.0017950407541,310.4865515181094,303.23750907793703,304.4602355957031,863787,0.0,0.0,296.8644891357422,297.17357511255364,60.92541708173492,303.8210053621871,300.81443672286167,3.006568639325451,2.7191403395749796,301.98423919677737,4.05521284417146,310.09466488512027,293.87381350843447,611481.85,295.7701416015625,307.21142578125,0.7816741943359489
873,2021-05-24,309.176489765111,309.176489765111,303.10648869732967,307.08038330078125,592185,0.0,0.0,296.9588146972656,296.8761603989557,67.33603888814054,303.70478168336604,300.52277281303435,3.1820088703316856,2.6472832646373616,301.2025650024414,4.958877742951579,311.1203204883446,291.28480951653825,635405.75,288.8267517089844,307.21142578125,1.1310256958008154
872,2021-05-21,307.82277959721233,311.22895613302927,305.6829880196979,306.4690246582031,600233,0.0,0.0,296.9806494140625,296.4596615050036,61.58684279085492,303.09103593474515,299.99816397401463,3.0928719607305197,2.513601863213781,300.0715393066406,6.014909663879138,312.1013586343989,288.0417199788823,644364.1,284.4598693847656,307.21142578125,1.1026397705077784
871,2021-05-20,307.6917710633543,311.62198116202387,303.93624763044727,305.3773193359375,497346,0.0,0.0,297.16143920898435,296.0511160701791,58.88325638401467,302.47685616684373,299.48049511927957,2.9963610475641644,2.3687843388345957,298.9688995361328,6.756082062872461,312.4810636618777,285.4567354103879,653562.55,284.4162292480469,307.21142578125,0.9585327148437841
870,2021-05-19,305.0716340447794,312.23336095748937,304.0672523402202,307.21142578125,768149,0.0,0.0,297.3614440917969,295.670454712393,63.42420668982844,301.9494992270085,299.00874918194694,2.940750045061577,2.211890161652203,298.01036682128904,7.147614021049875,312.30559486338876,283.7151387791893,678809.35,284.4162292480469,307.21142578125,1.1594116210937386
869,2021-05-18,303.93629612804745,308.95823205545054,303.4996060474037,305.3337097167969,526508,0.0,0.0,297.25489196777346,295.19939466876616,62.04589575542334,300.9927853080555,298.35253505400266,2.6402502540528303,2.0296751907998596,296.8509552001953,7.450807681441578,311.75257056307845,281.94933983731215,660014.25,284.023193359375,306.3380432128906,0.5414962768554688
868,2021-05-17,298.56495012990354,305.6829916037014,298.21560347018766,302.538818359375,378342,0.0,0.0,297.17890686035156,294.78574915660164,67.8815982909453,300.20352632464795,297.79404108097907,2.4094852436688825,1.8770314249866171,296.30945892333983,7.1908710045020685,310.691200932344,281.9277169143357,697753.8,284.023193359375,306.3380432128906,0.598265075683571
867,2021-05-14,299.6130466908567,303.93628904992835,294.5474525347366,298.39031982421875,387330,0.0,0.0,296.8889447021484,294.4692973524068,68.06350181199714,299.7789277728794,297.41445889870744,2.364468874171962,1.7439179703160506,295.71119384765626,7.142908079396427,309.9970100064491,281.4253776888634,731982.85,284.023193359375,306.3380432128906,0.5458648681640739
866,2021-05-12,306.2943798097596,307.16775981873707,300.00603308374514,301.228759765625,373114,0.0,0.0,296.87060302734375,294.30925561886346,73.50425745962055,300.03140194536314,297.33639002466657,2.6950119206965724,1.5887802443520727,295.1653289794922,7.341776507717526,309.84888199492724,280.48177596405714,739155.95,284.023193359375,306.3380432128906,0.7947753906249773
865,2021-05-11,301.7964195506955,307.2113856955466,299.5693114245131,305.07159423828125,331495,0.0,0.0,296.71514099121094,294.0268268781793,77.97916157474052,299.81370052349735,297.0250004453899,2.7887000781074676,1.312222325265948,294.3705535888672,7.509303530742232,309.3891606503517,279.3519465273827,767318.85,284.023193359375,306.3380432128906,-0.14629364013671875
864,2021-05-10,308.52148697947126,310.3555903219273,303.1938636146008,306.0323486328125,453549,0.0,0.0,296.3588024902344,293.5760200471547,81.49998777031972,298.8577198480821,296.3812729419585,2.4764469061236127,0.9431028870555679,294.51684722900393,7.753286615462119,310.02342045992816,279.0102739980797,795980.6,284.023193359375,307.9974670410156,-0.33406829833984375
863,2021-05-07,303.32487147073084,309.1765282889901,301.92748475602093,306.3380432128906,1020836,0.0,0.0,295.8443829345703,293.0675984722299,63.11709028817451,297.55324188722204,295.60918688669017,1.9440550005318755,0.5597668822885566,294.8509155273438,8.3931136887449,311.6371429048336,278.06468814985396,914196.3,284.023193359375,312.7137145996094,0.4497894287109716
862,2021-05-06,297.8225794229824,303.41220608146426,294.98409442848185,301.79644775390625,697298,0.0,0.0,295.54393981933595,292.5259476664886,62.61038929865894,295.956005282555,294.7508783805941,1.2051269019609094,0.2136948527277268,294.4011260986328,7.975783241365629,310.35269258136407,278.44955961590153,914254.35,284.023193359375,312.7137145996094,0.36681823730469887
861,2021-05-05,298.6960050592042,299.7003868800298,293.6304109564208,296.1632080078125,307449,0.0,0.0,295.54219421386716,292.1475599078185,60.353839821632995,294.8941066514002,294.1872328307291,0.7068738206710918,-0.0341631595805689,294.0343078613281,7.784163508788494,309.60263487890506,278.46598084375114,907988.4,284.023193359375,312.7137145996094,0.15502624511714203
860,2021-05-04,296.9492167229864,300.13704857182387,294.02338822752705,297.0365600585937,580635,0.0,0.0,295.6417584228516,291.9836559037371,63.53533713575781,294.6633609502343,294.0291548165624,0.634206133671853,-0.21942240464348406,293.87928161621096,7.770395929757114,309.4200734757252,278.33848975669673,919328.2,284.023193359375,312.7137145996094,-0.18777618408199714
859,2021-05-03,296.0758299425163,297.69158832746353,292.62596816528963,295.7701416015625,475036,0.0,0.0,295.7308428955078,291.77741491782456,40.54055074999894,294.2318702032598,293.78856239719994,0.4433078060598632,-0.43282953922231826,294.06705780029296,7.895085857789635,309.85722951587223,278.2768860847137,929168.5,284.023193359375,312.7137145996094,0.015284729003894881
858,2021-04-30,296.7745469677214,301.7528241932133,295.81385018161365,298.4339904785156,470876,0.0,0.0,295.7430706787109,291.6144464817536,39.29276869791895,293.9521844944775,293.6300360608509,0.3221484336265803,-0.6518638755428636,294.05177307128906,7.891910458711466,309.835593988712,278.26795215386613,924953.7,284.023193359375,312.7137145996094,0.24017944335935226
857,2021-04-29,299.56936022632794,303.6305721698444,293.9797331796159,299.263671875,743153,0.0,0.0,295.45572692871093,291.33609774719184,51.18278333654573,293.1373106791978,293.24571970743773,-0.10840902823991883,-0.8953669528352245,293.8115936279297,7.8243303539963245,309.46025433592234,278.1629329199371,926419.2,284.023193359375,312.7137145996094,0.5283950805664404
856,2021-04-28,302.1021152387767,305.6829783154458,292.71328090480233,298.1719055175781,1345473,0.0,0.0,295.19720581054685,291.0125232929956,52.23563898480606,292.0234268254156,292.76428353403276,-0.7408567086171729,-1.092106433984051,293.28319854736327,7.793537229956635,308.8702730072765,277.69612408745,929881.45,284.023193359375,312.7137145996094,0.6200988769531364
855,2021-04-27,289.9184866073161,300.0933577482959,287.56035006838573,297.5168762207031,816843,0.0,0.0,294.80855163574216,290.72030361035957,52.65899207703981,290.9055216086588,292.33167377534915,-1.4261521666903718,-1.1799188653257704,292.66309967041013,7.877030414926322,308.41716050026275,276.9090388405575,916435.85,284.023193359375,312.7137145996094,0.24454345703122726
854,2021-04-26,286.11926861220144,290.6608282277805,285.6388936616367,288.8267517089844,1342265,0.0,0.0,294.57361267089846,290.44289248340675,42.77424795637715,289.7034571337416,291.9168575797208,-2.2134004459791754,-1.11836053998462,292.4185562133789,7.793893540891877,308.00634329516265,276.83076913159516,905234.9,284.023193359375,312.7137145996094,-0.3973892211914176
853,2021-04-23,283.4118027501987,287.99704763290606,283.4118027501987,284.4598693847656,771352,0.0,0.0,294.5806005859375,290.50885741297503,43.4306678384409,289.8628581200611,292.1640660493797,-2.3012079293185934,-0.844600563485981,292.8159454345703,7.803730186353511,308.42340580727733,277.2084850618633,886417.0,284.023193359375,312.7137145996094,-0.4519744873046534
852,2021-04-22,286.0319877922188,287.1237129364639,283.673850819271,284.4162292480469,784202,0.0,0.0,294.66182495117187,290.7557548835142,44.61459376774742,290.8452197082966,292.7804017825488,-1.9351820742521681,-0.48044872202782785,293.267919921875,7.552006774756366,308.3719334713877,278.16390637236225,900653.6,284.023193359375,312.7137145996094,-0.0502166748046875
851,2021-04-20,286.2939817249661,291.2722588799444,283.71752646157336,286.2066650390625,1002282,0.0,0.0,294.70112609863276,291.0145110319006,48.596767039896385,292.01412706470563,293.4495355853089,-1.4354085206032892,-0.11676538397174269,293.31813659667966,7.493159943345485,308.30445648337064,278.3318167099887,914031.2,284.023193359375,312.7137145996094,0.20087890624995453
850,2021-04-19,289.2634734829543,289.7438218329052,282.3637499974872,284.023193359375,392247,0.0,0.0,294.70894653320306,291.21074964385315,49.02345236214414,293.0700292511862,294.02896522900863,-0.9589359778224207,0.21289540018614395,293.1172576904297,7.743510509549043,308.6042787095278,277.6302366713316,900676.65,282.1890869140625,312.7137145996094,-0.3690002441405795
849,2021-04-16,290.18054196755105,296.2068594045853,290.13688362336615,294.5037841796875,1281299,0.0,0.0,294.7682257080078,291.5041192881176,51.09415248748938,294.71490850424277,294.82942697857936,-0.11451847433659168,0.5058532446882851,293.4862579345703,7.457916723892014,308.40209138235434,278.57042448678624,924320.5,282.1890869140625,312.7137145996094,0.13319091796870453
848,2021-04-15,289.962140226019,294.0670366074624,283.7611373182082,290.5735168457031,1062923,0.0,0.0,294.5927941894531,291.38168398642085,46.39592644529211,294.753294745071,294.8554784024907,-0.10218365741968682,0.6609461744445042,293.3530670166016,7.462573413208625,308.2782138430188,278.42792019018435,897287.7,282.1890869140625,312.7137145996094,-0.3253326416015625
847,2021-04-13,284.023187443503,289.96216079848045,282.1017407768349,287.4730224609375,530792,0.0,0.0,294.3574945068359,291.41467040032774,46.504550769695896,295.5132543631379,295.19803532703366,0.3152190361042244,0.8517286324105519,293.67839965820315,7.47683653039693,308.632072718997,278.7247265974093,884519.35,282.1890869140625,312.7137145996094,-0.7620254516601221
846,2021-04-12,301.44709669516686,303.67423165048257,279.56893871755284,285.333251953125,936372,0.0,0.0,294.1132366943359,291.5755539896906,49.95262142147659,296.97511470899246,295.8160363563213,1.1590783526711448,0.9858560314871336,294.44042510986327,7.586941173025826,309.6143074559149,279.26654276381163,897851.25,282.1890869140625,312.7137145996094,-1.1659622192382812
845,2021-04-09,315.24653739487155,315.24653739487155,305.20266689359664,307.9974670410156,904730,0.0,0.0,293.90485046386715,291.8303418279178,67.74774661336187,299.0918170282411,296.654659108577,2.4371579196641164,0.9425504511911309,295.60638732910155,7.899116734920085,311.4046207989417,279.8081538592614,895563.45,282.1890869140625,312.7137145996094,0.12009124755860512
844,2021-04-08,298.25928550936186,316.4692647869619,298.040940498008,312.7137145996094,2817863,0.0,0.0,293.1834631347656,291.1704591661587,63.800940033068365,297.47260793500936,295.7472344739819,1.7253734610274591,0.5688985840728845,295.48629608154295,7.716976414780176,310.9202489111033,280.0523432519826,877077.85,282.1890869140625,312.7137145996094,0.17686004638670738
843,2021-04-07,293.7177060358289,301.2724649423812,288.21542227201365,297.3422546386719,1021997,0.0,0.0,292.6196002197265,290.2911426178546,54.41794317263496,294.70149763235486,294.3899160639317,0.31158156842315066,0.27977986483424083,295.30943603515624,7.33231956582801,309.97407516681227,280.6447969035002,774173.25,282.1890869140625,309.176513671875,-0.5414932250976676
842,2021-04-06,292.5386628606393,296.0758414555894,291.31590944927666,294.4600830078125,571979,0.0,0.0,292.3943231201172,290.00334212720895,47.97301349183752,294.22135999484266,294.1537289779525,0.06763101689017503,0.2718294389370134,295.8509292602539,7.8704887196393285,311.59190669953256,280.10995182097525,764922.9,282.1890869140625,309.176513671875,-1.0524215698242188
841,2021-04-05,298.6959954351413,299.6567188798031,288.3901208739035,293.06268310546875,534245,0.0,0.0,292.3019836425781,289.8214343361639,42.99302978858044,294.17795581066633,294.1292206555637,0.0487351551026336,0.32287904444872295,296.9033508300781,9.000823465889837,314.90499776185777,278.9017038982985,787540.35,282.1890869140625,315.5085144042969,-1.1157440185546648
840,2021-04-01,294.4164200397718,302.9318755230514,293.4556966545592,300.7920837402344,777441,0.0,0.0,292.2739428710937,289.68913846802906,44.140633886185846,294.3807326661568,294.2145436595713,0.16618900658551183,0.39141501678524526,298.0190948486328,9.84332461020634,317.70574406904547,278.3324456282201,1019821.55,282.1890869140625,315.5085144042969,-0.054586791992221606
839,2021-03-31,292.3203003050476,297.7789253730875,290.04950694605446,295.4644470214844,390740,0.0,0.0,292.05583068847653,289.23595702834723,42.18330370492465,293.21503247086997,293.68834045311826,-0.4733079822482864,0.4477215193351786,298.073681640625,9.862520185439099,317.79872201150323,278.3486412697468,1059726.7,282.1890869140625,315.5085144042969,-0.30350036621092613
838,2021-03-30,289.0014710682949,295.027788454901,288.73946769848635,293.6304016113281,500186,0.0,0.0,291.8940728759765,288.9817329469947,38.32026834619963,292.8060480071219,293.54625192764894,-0.7402039205270512,0.6779788947310448,298.37718200683594,9.871392416921795,318.1199668406795,278.63439717299235,1091723.35,282.1890869140625,315.5085144042969,0.2794845581054801
837,2021-03-26,287.866075192726,291.88362882852823,286.992695126397,288.6957702636719,812398,0.0,0.0,291.4357940673828,288.7919913688587,34.449134226032555,292.65616553362986,293.53951995295455,-0.8833544193246894,1.0325245985455687,298.09769744873046,10.08957738539662,318.2768522195237,277.91854267793724,1119100.6,282.1890869140625,315.5085144042969,-0.438873291015625
836,2021-03-25,290.7045193252169,292.1892492360839,279.30689507829726,285.7699279785156,1076561,0.0,0.0,290.9801409912109,288.79591876090717,27.81761380812422,293.376237400895,293.9270199280972,-0.550782527202216,1.5114943530131333,298.5365707397461,9.847076473418795,318.2307236865837,278.84241779290846,1123030.35,282.1890869140625,315.5085144042969,-0.38428649902346024
835,2021-03-24,294.0671056428696,294.24176567989656,289.52551822502,292.6260070800781,592824,0.0,0.0,290.68166809082027,288.91942858875984,31.13684034744594,294.7592027504185,294.57958728406373,0.17961546635478953,2.0270635730669704,298.92085723876954,9.465194888921332,317.8512470166122,279.9904674609269,1089081.35,282.1890869140625,315.5085144042969,0.26856689453126137
834,2021-03-23,294.0233942521956,298.21563456625205,292.10197409668365,296.7745361328125,965907,0.0,0.0,290.18635742187496,288.76813967074685,46.33228164368534,295.1470565086622,294.73587370038257,0.4111828082796478,2.4889255997450155,298.6522903442383,9.725821878313276,318.1039341008648,279.20064658761174,1092836.15,282.1890869140625,315.5085144042969,0.8231582641601562
833,2021-03-22,286.0319702632276,294.0670774938319,285.7699669060436,293.4993591308594,1056084,0.0,0.0,289.5994213867187,288.44134797841764,43.97906046505673,294.8511511224531,294.57278070578815,0.27837041666492723,3.0083612976113567,297.8291320800781,10.554500635019,318.9381333501161,276.72013081004013,1079440.7,280.3113708496094,315.5085144042969,0.10917358398438637
832,2021-03-19,279.4815896259654,288.08438763732795,274.28496815748105,285.4205627441406,1051754,0.0,0.0,288.9620166015625,288.23489854362407,48.1840144539395,295.096931484561,294.65865443178245,0.43827705277857376,3.6908590178479637,297.71995849609374,10.612775900109872,318.9455102963135,276.494406695874,1062355.6,280.3113708496094,315.5085144042969,-0.8144302368164062
831,2021-03-18,292.1456137098068,295.5081320831942,279.61260521996815,282.1890869140625,735191,0.0,0.0,288.54417358398433,288.3497693925826,40.245271060671534,296.8562712555465,295.39770176679383,1.458569488752687,4.504004509115311,298.53438873291014,10.237603425499355,319.00959558390883,278.05918188191146,1033170.1,280.3113708496094,315.5085144042969,-0.9476165771484375
830,2021-03-17,291.7088865378102,298.17189246574446,288.3027102592242,291.4031982421875,865124,0.0,0.0,288.2887561035156,288.6012258202773,48.59700630705692,299.52303204490727,296.4543909550123,3.0686410898949816,5.265363264205966,299.4820053100586,9.495234602421979,318.47247451490256,280.4915361052146,1047533.15,280.3113708496094,315.5085144042969,-0.5043792724609375
829,2021-03-16,296.0758647918288,296.0758647918288,290.3115505890862,291.8399658203125,740643,0.0,0.0,287.8559808349609,288.4868595989749,52.905398532943025,300.9993654635836,296.8584863720382,4.140879091545401,5.8145438077837115,299.9863845825195,9.30961647941274,318.605617541345,281.36715162369404,1041216.95,280.3113708496094,315.5085144042969,-0.22707824707032387
828,2021-03-15,301.66541418396463,301.75275750524736,290.2241320853498,297.0801696777344,807556,0.0,0.0,287.2612835693359,288.3499981205529,60.40079832581746,302.66471085326924,297.2599680161763,5.404742837092954,6.232959986843289,300.21346282958984,9.154549523814747,318.52256187721935,281.90436378196034,1069643.6,280.3113708496094,315.5085144042969,0.6506683349609261
827,2021-03-12,309.96257526772166,312.3207120705918,299.5693579747951,302.7135314941406,797430,0.0,0.0,286.467446899414,287.99366458760676,56.627755516356515,303.6800819760938,297.2743518832516,6.405730092842191,6.440014274280872,299.5627944946289,9.82676119322286,319.21631688107465,279.9092721081832,1058119.5,280.3113708496094,315.5085144042969,0.8187957763672102
826,2021-03-10,307.47342797026766,313.8054331686185,301.7091411124546,308.6524963378906,890616,0.0,0.0,285.6094091796875,287.39285369346254,53.83870161151264,303.855818427358,296.8392175143805,7.016600912977481,6.448585319640542,298.7439987182617,10.224606924394143,319.19321256705,278.2947848694734,1036978.55,280.3113708496094,315.5085144042969,1.495664978027321
825,2021-03-09,310.0498852080276,315.02816163189914,304.1109121527432,305.5956420898437,535018,0.0,0.0,284.6983673095703,286.52511317736344,52.532264881193996,302.9836951708975,295.8941552084997,7.089539962397794,6.306581421306308,297.2483337402344,10.866613885746935,318.9815615117283,275.5151059687405,1041795.75,278.7391967773437,315.5085144042969,0.9912857055664404
824,2021-03-08,309.176513671875,318.6090068174368,304.0672354457616,309.176513671875,759771,0.0,0.0,283.85884765624996,285.7467242421602,54.53607229877422,302.5087957310891,295.1180362579921,7.390759473096978,6.110841786033435,296.25704803466795,10.968869693345491,318.1947874213589,274.319308647977,1059516.6,278.7391967773437,315.5085144042969,1.0000183105468636
823,2021-03-05,314.3731220851733,318.7836801491482,303.41218777565183,308.172119140625,836990,0.0,0.0,282.95203796386716,284.7904063062535,56.637144121511305,301.2964833782189,293.9933580648815,7.303125313337432,5.790862364267549,295.2570297241211,10.635669312563257,316.5283683492476,273.98569109899455,1092781.65,278.7391967773437,315.5085144042969,0.9825515747070312
822,2021-03-04,313.2814061404667,321.40382920631487,309.4821979373668,315.5085144042969,1024328,0.0,0.0,282.03675598144525,283.83605068036076,66.7597799896801,300.04636778505414,292.859057178822,7.187310606232131,5.412796627000078,294.27447814941405,10.28155477157137,314.8375876925568,273.7113686062713,1084692.85,278.7391967773437,315.5085144042969,1.456361389160179
821,2021-03-03,306.5564190229896,327.2555383192535,302.538865180888,315.3775634765625,5179869,0.0,0.0,280.81550170898436,282.5432970589756,65.13428205991934,297.2350683997373,291.047100600784,6.187967798953309,4.969168132192064,292.8181167602539,9.111864471544173,311.04184570334223,274.5943878171655,1073692.1,278.7391967773437,315.3775634765625,1.4389938354492529
820,2021-03-02,303.06288801977774,311.75303048460466,297.1239141320649,301.8838195800781,1575544,0.0,0.0,279.6236956787109,281.20312291948227,62.85160890187302,293.93643293122364,289.1006635707217,4.835769360501956,4.664468215501753,291.3791229248046,7.48980520014625,306.3587333250971,276.39951252451215,850648.9,278.7391967773437,301.8838195800781,0.7448333740234148
819,2021-03-01,289.1324472999407,306.9494211749106,287.0363405656628,301.5344543457031,1030673,0.0,0.0,278.89822387695307,280.35901285170286,58.14898013913646,292.49145354052285,288.07801108997313,4.413442450549724,4.621642929251701,290.6342895507812,7.121840675716483,304.87797090221414,276.39060819934826,840038.6,278.7391967773437,301.70916748046875,0.7901123046875114
818,2021-02-26,292.58229706503795,300.26803032656363,285.20222547769225,288.04071044921875,1047731,0.0,0.0,278.30782836914057,279.4947091172539,49.344734522906286,290.8472715759446,287.0014956295147,3.84577594642991,4.673693048927195,289.8441772460937,6.7137836889531695,303.271744624,276.4166098681874,825749.15,278.7391967773437,301.70916748046875,0.46160888671875
817,2021-02-25,296.2505094033557,302.01479613395384,293.49934105513813,297.4732360839844,890993,0.0,0.0,277.9379766845703,279.1458927363573,55.74872755236181,291.3575554171675,286.91835844393836,4.439196973229116,4.880672324551516,289.38256835937494,7.1476688856016235,303.6779061305782,275.0872305881717,796377.7,278.7391967773437,301.70916748046875,1.110655212402321
816,2021-02-24,288.215378352574,296.7308327129909,285.28955024164003,293.4556579589844,397581,0.0,0.0,277.2401342773437,278.3978379058419,54.655158079740545,290.24561347774625,286.07396823273467,4.171645245011575,4.991041162382116,288.2719131469726,7.539396348087452,303.3507058431475,273.1931204507977,800712.75,275.2601318359375,301.70916748046875,0.9270858764648438
815,2021-02-23,282.1890759827337,293.36832903025885,277.90951942485805,287.2546691894531,667920,0.0,0.0,276.65120300292966,277.78323300571367,50.46927561353731,289.66196902661204,285.4834330546347,4.17853597197734,5.1958901417247505,287.3448272705078,7.994675560285891,303.33417839107955,271.355476149936,820599.05,274.9139404296875,301.70916748046875,0.766328430175804
814,2021-02-22,290.83559103499226,294.6784583786391,277.8658904284181,280.3113708496094,697998,0.0,0.0,276.20187133789057,277.3966437737243,44.738988894618174,290.0996599060955,285.3417341638492,4.7579257422463,5.450228684161603,286.578498840332,8.70663406138852,303.991766963109,269.16523071755495,841638.35,271.9281005859375,301.70916748046875,-0.21045989990233238
813,2021-02-19,300.6610640840801,304.1109257349476,288.6957474591537,291.3158874511719,714382,0.0,0.0,275.91909973144527,277.2776753216474,55.199321632401585,291.8793488254566,285.7441632289883,6.135185596468261,5.623304419640428,286.7889587402343,8.597356913649918,303.98367256753414,269.59424491293447,851483.85,271.9281005859375,301.70916748046875,0.26187438964842613
812,2021-02-18,302.1021725350611,304.37296613533954,298.7833388024241,301.70916748046875,468044,0.0,0.0,275.3193060302734,276.70468707146273,72.7973066411637,291.9817963480538,285.2984252912137,6.683371056840144,5.4953341254334696,286.5270843505859,8.531725989533282,303.5905363296524,269.46363237151934,861742.95,271.9281005859375,301.70916748046875,0.5933029174804574
811,2021-02-17,301.62179345726145,307.2550785609432,297.0365483793274,301.14141845703125,1022452,0.0,0.0,274.55232238769526,275.68409603436044,74.32119144523406,290.21318341488745,283.98556591607326,6.2276174988141975,5.1983248925818,285.9337814331054,7.801743475835145,301.5372683847757,270.33029448143515,912073.9,271.9281005859375,301.49078369140625,0.47403869628908524
810,2021-02-16,296.5125070790701,303.9362370059393,290.79187879680063,301.49078369140625,738800,0.0,0.0,273.7802508544921,274.64502164976165,74.97631054863153,288.22623158904315,282.6130977127966,5.613133876246536,4.941001741023701,285.45974273681634,7.084108633055967,299.62796000292826,271.2915254707044,946079.8,271.9281005859375,301.49078369140625,0.5802154541015625
809,2021-02-15,285.59528161469507,300.4427427383948,282.71313805794284,296.38153076171875,1309176,0.0,0.0,272.86358367919917,273.5492762603068,73.93608123253975,285.81449484315897,281.10288283450785,4.711612008651116,4.772968707217991,284.8795272827148,6.110284638447331,297.1000965596094,272.6589580058201,1076393.55,271.9281005859375,296.38153076171875,0.45024871826171875
808,2021-02-12,287.29831916186026,291.2721869126363,283.01873647217724,284.0668029785156,577074,0.0,0.0,272.0291958618164,272.6173475051471,49.55823622492667,283.89321558523903,279.880591000331,4.012624584908053,4.78830788185971,284.42927856445306,5.521539550238653,295.47235766493037,273.38619946397574,1421244.95,271.9281005859375,291.66064453125,0.6675170898437273
807,2021-02-11,277.7348183080146,287.3419975576629,277.7348183080146,286.3376159667969,374611,0.0,0.0,271.3389788818359,272.1500227919484,50.25591274743154,283.86165424100693,279.5456940420762,4.315960198930725,4.982228706097624,283.76176147460933,6.317306937093132,296.3963753487956,271.1271476004231,1450702.3,270.7164611816406,291.66064453125,1.0212249755859375
806,2021-02-10,286.03192445677706,288.3900609075677,276.6430902952187,278.7391967773437,986960,0.0,0.0,270.6388287353515,271.57093735624034,38.13982021308704,283.4114793817724,279.0023402880986,4.409139093673787,5.148795832889349,282.7405364990234,7.431582906631409,297.6037023122862,267.8773706857606,1479974.95,265.9131164550781,291.66064453125,0.3946456909179119
805,2021-02-09,289.1761044251406,290.6171760002388,283.84848144275765,285.7699279785156,889435,0.0,0.0,270.09064697265626,271.27835533905244,42.919563553984645,284.2609853098503,279.02339176895896,5.237593540891339,5.333710017693239,282.3458908081055,7.852883173994907,298.0516571560953,266.64012446011566,1531793.75,265.9131164550781,291.66064453125,0.8954727172851449
804,2021-02-08,288.95780244271776,294.5910879207208,287.3420439772026,289.1761474609375,1425072,0.0,0.0,269.4018505859375,270.686862578258,49.111346632845205,283.9866320973657,278.4836688721944,5.5029632251713,5.357739136893713,281.45041809082034,8.440982610528787,298.3323833118779,264.5684528697628,1544689.2,265.9131164550781,291.66064453125,1.0874206542969205
803,2021-02-05,288.82677597644795,292.40761264520233,284.5035343253232,288.5210876464844,675214,3.0,0.0,268.67695220947263,269.932197889169,51.36835760601633,283.0430838494436,277.628270585095,5.414813264348595,5.321433114824315,280.3629974365234,8.787109733490237,297.9372169035039,262.78877796954293,1569426.15,265.9131164550781,291.66064453125,1.344598388671841
802,2021-02-04,286.2947351640885,289.4536916681029,284.3041837119502,286.3812866210937,804313,0.0,0.0,267.914091796875,269.1734676949929,63.901640285494004,282.04708315907254,276.75684522018383,5.290237938888708,5.298088077443245,279.0183990478516,9.501516466368333,298.02143198058826,260.0153661151149,1567464.6,261.6291198730469,291.66064453125,1.0926437377929688
801,2021-02-03,287.6795140816727,287.6795140816727,233.67469984443085,286.5976867675781,719005,0.0,0.0,267.2554751586914,268.47110773882554,66.9744373676439,281.2590461659778,275.98688990811104,5.2721562578667545,5.300050612081877,277.9257553100586,9.859987446437438,297.64573020293346,258.20578041718375,1563662.85,261.6291198730469,291.66064453125,0.8589736938476449
800,2021-02-02,288.37189632921775,290.622075989057,280.40963681781915,286.9871520996094,1363338,0.0,0.0,266.5431997680664,267.73124737030497,62.32648890927363,280.2883842384141,275.13802615935367,5.150358079060425,5.3070242006356585,277.06678161621096,9.812952941243944,296.69268749869883,257.4408757337231,1586591.2,261.6291198730469,291.66064453125,0.8611358642578466
799,2021-02-01,280.3663609340684,289.8431518057559,275.4764806301065,285.7322082519531,744884,0.0,0.0,265.8049612426758,266.9452920752313,63.296797212495456,279.0704264454695,274.1900960841332,4.880330361336291,5.346190731029466,276.2056457519531,9.650923822333926,295.507493396621,256.90379810728524,1605175.05,261.6291198730469,291.66064453125,1.1813552856445426
798,2021-01-29,277.3805259292373,280.669270430137,274.8706918194139,278.8085327148437,460302,0.0,0.0,265.25885528564453,266.17847917005895,59.37274117354921,277.85919338974514,273.2667271107076,4.592466279037524,5.46265582345276,275.02429046630857,9.867074971788945,294.7584404098865,255.29014052273067,1609896.9,261.6291198730469,291.66064453125,1.0710098266601449
797,2021-01-28,275.3034207756758,277.72670339983137,270.02409818898,275.2601318359375,977694,0.0,0.0,264.68851593017575,265.66296678047587,60.82471828313266,277.68658623972726,272.82338266237673,4.863203577350532,5.680203209556569,273.9532806396484,10.572032007634325,295.0973446549171,252.8092166243798,1622905.35,257.3883361816406,291.66064453125,0.7724243164062159
796,2021-01-27,270.54336882583823,282.83291075968486,267.4277010074692,274.9139404296875,795307,0.0,0.0,264.17183502197264,265.27124575780397,57.92600473352825,278.12775976768904,272.62844272849185,5.499317039197194,5.884453117608078,273.1808563232422,11.02612818502557,295.2331126932934,251.12859995319107,1612622.05,257.3883361816406,291.66064453125,0.5906768798828352
795,2021-01-25,285.68893754208017,286.8573162220483,265.69676523397226,271.9281005859375,1088706,0.0,0.0,263.62140075683595,264.87766638344135,51.861396105924214,278.7120905564166,272.4456029123962,6.266487644020401,5.980737137210799,272.5901794433594,11.242701798429053,295.07558304021745,250.10477584650127,1616687.65,257.3883361816406,291.66064453125,0.4154220581054915
794,2021-01-22,287.3333197183936,289.6267882229428,282.1405488801093,284.52056884765625,894908,0.0,0.0,263.12635650634763,264.58989355884967,63.37254420418637,279.9455432783219,272.4870030985129,7.458540179809006,5.909299510508398,272.1747573852539,11.420546816385398,295.0158510180247,249.3336637524831,1592300.35,257.3883361816406,291.66064453125,1.0342269897460596
793,2021-01-21,289.9297153976075,292.4395494425702,284.7369443755608,286.0783996582031,919564,0.0,0.0,262.370807800293,263.7763966082861,69.56213384359697,279.1137204475338,271.52431783858145,7.589402608952355,5.521989343183246,271.1405303955078,11.177683881951157,293.49589815941016,248.78516263160552,1585478.3,257.3883361816406,291.66064453125,1.1835189819336165
792,2021-01-20,292.5260456006801,297.3293473231925,287.7660063971188,289.8431091308594,1474663,0.0,0.0,261.5832369995117,262.86611076951397,76.07780689812108,277.84741513650306,270.3599912930117,7.487423843491342,5.005136026740968,269.9570114135742,10.758042714949868,291.47309684347397,248.44092598367448,1577069.6,257.3883361816406,291.66064453125,1.769865417480446
791,2021-01-19,293.3050167699861,295.8581398016709,288.5017140493991,291.66064453125,1702570,0.0,0.0,260.7999954223633,261.76500879558154,75.34433468777958,275.6663798648019,268.80134186598394,6.865037998817968,4.384564072553374,268.18714599609376,10.212135399704682,288.61141679550315,247.7628751966844,1539679.0,254.44580078125,291.66064453125,1.7936691284180029
790,2021-01-18,289.6701091338976,294.2570466492985,283.0060419244724,289.886474609375,3345075,0.0,0.0,259.89991485595704,260.54477876555427,70.81371459141164,272.7583317436295,266.97259765276266,5.7857340908668675,3.7644455909872248,266.39347686767576,8.943899687344347,284.28127624236447,248.50567749298708,1523244.05,254.44580078125,289.886474609375,1.2138122558593523
789,2021-01-15,271.6684313058701,295.2955523420482,270.0673218257147,287.3765563964844,8206204,0.0,0.0,258.92453826904296,259.34715852703096,69.04925272769806,269.6441239498576,265.1394874962337,4.5046364536239025,3.259123466017314,265.1796646118164,7.030382262716883,279.24042913725015,251.11890008638264,1389599.7,254.44580078125,287.3765563964844,0.7680938720703239
788,2021-01-14,267.6008195927722,273.05321878509204,265.9997098579481,270.7164611816406,1166221,0.0,0.0,257.9924377441406,258.2031014711349,57.49293771228406,266.42004532319817,263.3605219842137,3.0595233389844907,2.9477452191156663,264.4115707397461,5.033128527355293,274.4778277944567,254.3453136850355,1058052.05,254.44580078125,272.0146789550781,0.05841674804685226
787,2021-01-13,273.2695411576596,274.4379197751347,263.4032827212624,265.9131164550781,960064,0.0,0.0,257.33641723632815,257.6923520951959,54.120012885017,265.63887880348136,262.7720468484195,2.866831955061855,2.91980068914846,264.35315399169923,4.9623826041014585,274.27791919990216,254.4283887834963,1061472.25,254.44580078125,272.0146789550781,0.16660003662110512
786,2021-01-12,268.2066086015922,276.94777813121846,265.6967746446377,270.8462829589844,2023336,0.0,0.0,256.70895812988283,257.3568106927517,67.99620660856473,265.589017412282,262.5207612798868,3.068256132395163,2.933042872670111,264.1865539550781,4.963186086079717,274.1129261272376,254.2601817829187,1035980.55,254.44580078125,272.0146789550781,0.341859436035179
785,2021-01-11,269.2019290911313,271.3223214342059,265.740081289738,267.8604736328125,1147344,0.0,0.0,255.99754821777344,256.8062199880075,63.74387611247869,264.6331509492452,261.854719545559,2.77843140368617,2.8992395577388477,263.84469451904295,4.709303504439246,273.26330152792144,254.42608751016445,960369.15,254.44580078125,272.0146789550781,0.1536193847655909
784,2021-01-08,263.96588668082524,271.75504399271847,263.9226241493688,267.427734375,1919811,0.0,0.0,255.36749114990235,256.3550259616889,51.70458058090146,264.04636500677844,261.37425921857874,2.6721057881997012,2.929441596252017,263.69107513427736,4.620690183191887,272.93245550066115,254.4496947678936,964330.3,254.44580078125,272.0146789550781,0.06274719238280113
783,2021-01-07,266.5190007013741,267.4277251249424,259.8549335558704,261.6291198730469,635983,0.0,0.0,254.74435821533203,255.90307867951293,40.369154942970084,263.4315705761927,260.88998120606504,2.5415893701276673,2.993775548265096,263.62832794189455,4.575577745629734,272.77948343315404,254.4771724506351,924023.95,254.44580078125,272.0146789550781,0.015145874023460237
782,2021-01-06,270.8895618099036,272.144492069909,261.58584682761455,264.5284118652344,728278,0.0,0.0,254.24152404785156,255.66936271242992,45.30740403466369,263.7592888858556,260.8308501127065,2.9284387731490824,3.1068220927994528,263.6131820678711,4.5830390033137745,272.77926007449867,254.44710406124355,952165.65,254.44580078125,272.0146789550781,0.05842132568358238
781,2021-01-05,268.2498607413433,271.6684185616248,264.4850971164508,269.418212890625,1177572,0.0,0.0,253.65560577392577,255.30776886945827,56.15259809807117,263.6194483441503,260.5350451725043,3.084403171646045,3.151417922712045,263.5547607421875,4.578202851161532,272.7111664445106,254.39835503986444,1039950.75,254.44580078125,272.0146789550781,0.34401855468752274
780,2021-01-04,264.8745548559786,272.3175310993508,263.1003688544091,269.7644348144531,1735015,0.0,0.0,252.98573974609374,254.7318323787984,55.080234359216114,262.5651275175186,259.8243917550546,2.7407357624639985,3.1681716104785447,263.2107421875,4.368101859872624,271.9469459072452,254.47453846775474,1118322.95,254.44580078125,272.0146789550781,0.7053504943847315
779,2021-01-01,257.8643451449886,264.5716738679189,257.8643451449886,262.1051025390625,839321,0.0,0.0,252.31933502197265,254.11825676917982,47.30429823324155,261.2561625544396,259.0291883103027,2.2269742441368976,3.275030572482181,262.50539169311526,4.393040497857585,271.2914726888304,253.7193106974001,1071157.45,254.44580078125,272.0146789550781,0.3721481323242415
778,2020-12-31,259.63854216274405,261.32620325152124,256.86905381495546,257.3883361816406,720471,0.0,0.0,251.83640808105469,253.79226306428663,40.54052455331474,261.1018098299627,258.7831151720019,2.3186946579608048,3.537044654568502,262.133243560791,4.730993966179217,271.59523149314947,252.6712556284326,1080715.85,254.44580078125,272.0146789550781,0.39161911010739914
777,2020-12-30,263.9225890986842,264.7880509072888,259.1625491513591,259.8116455078125,772028,0.0,0.0,251.4244482421875,253.64548456970073,48.44995693023447,261.7769868569303,258.8946974912308,2.8822893656995348,3.841632153720426,261.7416244506836,5.418635149961536,272.5788947506067,250.90435415076055,1085287.85,249.5559539794922,272.0146789550781,0.4240768432617301
776,2020-12-29,264.2254926741589,266.5622502377159,260.67712021277185,263.10040283203125,876619,0.0,0.0,250.95190551757813,253.39380453141044,49.727331244133744,262.13432164767903,258.82134164990424,3.3129799977747894,4.081467850725648,261.3175476074219,5.88910032536592,273.0957482581537,249.53934695669005,1069341.75,249.5559539794922,272.0146789550781,0.5885147094726904
775,2020-12-28,264.8313006148701,267.64405135669466,262.6676461980819,263.6196594238281,600960,0.0,0.0,250.39627868652343,252.99761684567082,51.129169844039566,261.9586705232513,258.4790167553341,3.4796537679172275,4.273589813963363,260.7290328979492,6.276908069145352,273.2828490362399,248.1752167596585,1050691.35,249.5559539794922,272.0146789550781,0.6144775390624773
774,2020-12-24,263.273484177801,266.51896585449083,260.8934642815617,263.8360290527344,758467,0.0,0.0,249.79824432373047,252.56406408737865,57.49405571008365,261.6566725413283,258.06776534185457,3.588907199473738,4.472073825474896,260.1145553588867,6.5735687887470435,273.2616929363808,246.96741778139264,1043863.85,249.5559539794922,272.0146789550781,0.5452400207519759
773,2020-12-23,256.0035817727926,263.4465582995828,254.8352295092093,262.40802001953125,751390,0.0,0.0,249.21578826904297,252.10398388471106,57.15428487029293,261.26042590289086,257.6063042449842,3.6541216579066713,4.692865481975185,259.56931533813474,6.69968345093612,272.96868224000696,246.1699484362625,1064695.95,249.5559539794922,272.0146789550781,0.6014976501464844
772,2020-12-22,256.13346206543804,259.2923927451579,245.14208527649345,254.44580078125,726851,0.0,0.0,248.58832916259766,251.68341098124898,54.76792907433787,261.0517724271381,257.22216698302043,3.8296054441176466,4.952551437992314,258.96781768798826,6.966136970295666,272.9000916285796,245.03554374739693,1049539.85,249.5559539794922,272.0146789550781,0.0497673034667514
771,2020-12-21,265.6968115918684,269.8943072202241,252.71488268672823,255.78726196289065,1373871,0.0,0.0,248.1452114868164,251.5706603771673,54.30965851919751,262.25285818093596,257.44427627916207,4.808581901773891,5.233287936460981,258.9180503845215,7.003598109485253,272.92524660349204,244.910854165551,1041374.65,249.5559539794922,272.0146789550781,0.24016723632814774
770,2020-12-18,272.44737264488447,273.4859374022709,263.7494918460192,265.6102294921875,672188,0.0,0.0,247.6943051147461,251.3985541899949,67.04549925178179,263.42842112967145,257.5768374244638,5.851583705207645,5.339464445132752,258.67788314819336,7.196316198505798,273.07051554520496,244.28525075118176,992353.35,249.5559539794922,272.0146789550781,0.7767501831054915
769,2020-12-17,270.0241270447895,276.1689121413103,269.1586650991331,272.0146789550781,1575251,0.0,0.0,247.08069213867188,250.81848581031355,79.14650224944184,263.0317287001231,256.93416605904594,6.097562641077161,5.211434630114029,257.90113296508787,7.24690075284246,272.3949344707728,243.40733145940294,1017462.55,249.5559539794922,272.0146789550781,0.6793884277343523
768,2020-12-16,264.05243773264203,271.53867807694485,262.23496241375074,269.5481262207031,1234625,0.0,0.0,246.2922561645508,249.9533350697109,74.00012077140318,261.39846501740396,255.72772502736336,5.670739990040602,4.989902627373246,257.2217445373535,6.446895330698061,270.1155351987496,244.3279538759574,1035616.9,249.5559539794922,269.5481262207031,0.962828063964821
767,2020-12-15,262.71092971567793,264.0091224694931,258.25380654327233,262.58111572265625,450230,0.0,0.0,245.66306396484376,249.15354767579285,70.20070392117543,259.91670843498594,254.62209293189616,5.294615503089773,4.819693286706406,256.2589164733887,5.926007242423555,268.1109309582358,244.4069019885416,1005308.55,249.5559539794922,266.1727905273437,0.6577514648437841
766,2020-12-14,265.2640243308292,266.9516852950424,262.84074201422203,264.00909423828125,511108,0.0,0.0,245.0918588256836,248.60548367388006,66.5761329135787,259.4322707463186,253.98537110863538,5.446899637683202,4.700962732610564,255.6011650085449,5.917406518639241,267.4359780458234,243.76635197126643,988917.45,249.42608642578125,266.1727905273437,0.8308433532714616
765,2020-12-11,267.38447170680325,269.11539555300544,260.8502183403089,264.7880859375,1226567,0.0,0.0,244.41766479492188,247.97676487533306,70.58083232401191,258.6001210205072,253.1834732582637,5.416647762243485,4.514478506342404,254.77032165527345,5.840807762875101,266.45193718102365,243.08870612952325,975611.25,247.3922271728516,266.1727905273437,0.8806098937988338
764,2020-12-10,261.3694876599035,267.86045175741765,254.0130616827208,266.1727905273437,1113684,0.0,0.0,243.65865447998047,247.2905885054487,74.34564881268318,257.4750364901448,252.2551042439248,5.219932246220026,4.288936192367133,253.88971176147462,5.572469998638944,265.0346517587525,242.74477176419674,932967.2,247.17588806152344,266.1727905273437,0.9714828491210881
763,2020-12-09,264.83131213553503,265.61022247710343,259.37891333275803,261.3262023925781,1198817,0.0,0.0,242.82434936523438,246.51988638210605,53.96451284448078,255.89362666519958,251.14168934125126,4.751937323948312,4.05618717890391,252.91822891235353,4.980593885233824,262.87941668282116,242.95704114188587,892822.05,246.74313354492188,263.3599853515625,0.7313171386718977
762,2020-12-08,265.69674251166,270.7596987506744,257.90758719372855,263.3599853515625,2483980,0.0,0.0,242.1553466796875,245.91554695310717,65.31439451375991,254.905885623858,250.32692829714512,4.578957326712896,3.8822496426428095,252.18691177368163,4.749501896427855,261.68591556653735,242.6879079808259,857473.75,246.69985961914065,263.3599853515625,0.6339477539062273
761,2020-12-07,257.3450710070708,265.61022061612323,257.042154095306,262.537841796875,2745016,0.0,0.0,241.29767486572266,245.20352905929263,65.34958729178808,253.36877658245723,249.28428373279172,4.084492849665509,3.7080727216252876,251.5529640197754,3.960262536762846,259.4734890933011,243.63243894624972,804675.2,246.69985961914065,262.537841796875,0.7940612792968977
760,2020-12-04,255.6574249267578,259.3789267247489,253.6235842991324,255.6574249267578,791705,0.0,0.0,240.39672912597655,244.4960060904117,60.914353232467434,251.70167381619947,248.22399908766505,3.4776747285344243,3.613967689615232,250.7589027404785,3.151323227700058,257.0615491958786,244.45625628507838,706383.55,246.6566162109375,258.4269104003906,0.7269889831542855
759,2020-12-03,250.98392716685697,256.9556084274328,250.1184653490402,254.66213989257807,1030489,0.0,0.0,239.8411019897461,244.0404379746425,60.093383843558115,250.9824463415525,247.62932502053764,3.353121321014868,3.6480409298854335,250.03191375732422,3.6060912657063238,257.24409628873684,242.81973122591157,692573.3,241.11764526367188,258.4269104003906,0.6945304870605469
758,2020-12-02,248.82030605314853,251.8494228224912,247.52211315200168,249.5559539794922,811911,0.0,0.0,239.32615234375,243.6068991208492,54.33923020392905,250.31341115045694,247.06669983077438,3.2467113196825608,3.7217708321030747,249.33738327026367,3.985118690910481,257.3076206520846,241.3671458884427,666882.95,240.7715301513672,258.4269104003906,0.5820259094238338
757,2020-12-01,251.41666010741892,254.7919559418197,249.77228792263895,251.33010864257807,453106,0.0,0.0,239.05353149414063,243.36408055519027,57.545882350600564,250.4511306360869,246.86755949887694,3.583571137209958,3.840535710208203,248.75535736083984,4.731641956641785,258.2186412741234,239.29207344755628,646196.0,237.9154357910156,258.4269104003906,0.8394973754882642
756,2020-11-27,252.06575647602676,254.7919559418197,250.29157029988497,251.33010864257807,503611,0.0,0.0,238.86745666503907,243.03893655162344,50.93630205371017,250.2913164530885,246.51055556738086,3.7807608857076502,3.904776853457764,247.91585998535157,5.650932011068699,259.217724007489,236.61399596321417,644507.65,234.5401611328125,258.4269104003906,0.8027160644531364
755,2020-11-26,253.96978305532917,255.9603346876735,250.33483282640597,251.33010864257807,464410,0.0,0.0,238.7185971069336,242.70052136423755,56.04025495594271,250.10244514590858,246.1249913213651,3.9774538245434883,3.9357808453952923,247.11314392089844,6.2490205545088475,259.61118502991616,234.61510281188075,631751.65,234.5401611328125,258.4269104003906,0.7486244201660099
754,2020-11-25,250.9839394522896,261.36948177445333,250.8108365155336,252.9312286376953,1175109,0.0,0.0,238.6034912109375,242.34829331206038,63.857878414597764,249.87923360105958,245.70858193566806,4.170651665391517,3.925362600608243,246.36451950073243,6.604004477651126,259.57252845603466,233.15651054543017,628988.15,234.5401611328125,258.4269104003906,0.8330070495605639
753,2020-11-24,253.753388880802,254.3591962425282,249.64244567820512,250.3780670166016,448268,0.0,0.0,238.47453704833984,241.9163367681569,61.884270812490335,249.32432541258032,245.13077019950586,4.193555213074461,3.864040334412424,245.53151245117186,6.78047626991384,259.09246499099953,231.9705599113442,602773.15,234.5401611328125,258.4269104003906,0.6945327758788835
752,2020-11-23,253.49371723058889,257.4315836663779,248.82022950656355,253.4504547119141,563547,0.0,0.0,238.35077697753906,241.5709600233224,69.32181227095627,249.132736030031,244.7109864541382,4.42174957589279,3.7816616147469144,244.83697967529298,6.9667687361313515,258.77051714755567,230.90344220303027,605027.6,234.5401611328125,258.4269104003906,0.9108978271484602
751,2020-11-20,250.98391723632807,255.31122615419588,249.46935911507444,250.98391723632807,393445,0.0,0.0,238.02017059326172,241.08608268909418,69.99996288254174,248.3476962696886,244.01182899351613,4.335867276172479,3.621639624460445,243.92608184814452,6.972279252799054,257.8706403537426,229.9815233425464,608135.4,234.5401611328125,258.4269104003906,0.7529502868652287
750,2020-11-19,256.86908059554315,263.9658787192736,247.78173067242065,250.07522583007807,1174372,0.0,0.0,237.73370330810548,240.6820894422683,68.07613515391334,247.86838336666327,243.45406193409116,4.414321432572109,3.443082711532436,243.1731315612793,6.983091931306181,257.1393154238917,229.20694769866694,613679.9,234.5401611328125,258.4269104003906,0.6815513610839901
749,2020-11-18,249.29627215212145,262.1483857432648,248.86354123263376,258.4269104003906,1938338,0.0,0.0,237.51127868652344,240.2986961203169,82.77628739681592,247.46713928240604,242.9243688224122,4.5427704599938465,3.200273031272518,242.4915802001953,6.939047688845932,256.36967557788716,228.61348482250344,579902.85,234.5401611328125,258.4269104003906,1.023407745361311
748,2020-11-17,249.2530002091488,252.7148474342759,247.95480749972617,250.29156494140625,628458,0.0,0.0,237.18499908447265,239.5587690068445,77.3647851787259,245.47445362459064,241.68416549617393,3.790288128416705,2.864648674092186,241.468172454834,5.896126099770976,253.26042465437595,229.67592025529203,514895.55,234.5401611328125,250.6810302734375,0.6750610351562614
747,2020-11-14,249.9886312798192,250.68099011374335,248.38752176309848,249.42608642578125,122408,0.0,0.0,237.0525830078125,239.120695703393,75.90991119821614,244.59861520335141,240.99557354055534,3.6030416627960733,2.633238810511056,240.79311141967773,5.598107906536843,251.9893272327514,229.59689560660405,515672.7,234.5401611328125,250.6810302734375,0.662078857421875
746,2020-11-13,247.43548969224963,250.2915290909745,245.5314898382276,247.3922271728516,244984,0.0,0.0,236.83015930175782,238.70006751064247,75.13417086568293,243.72089316290962,240.32113250973725,3.3997606531723648,2.3907880974398017,240.13103256225585,5.298368261787406,250.72776908583066,229.53429603868105,522938.35,234.5401611328125,250.6810302734375,0.6036582946777287
745,2020-11-12,248.3875292633756,251.28683149009848,246.18061230328053,247.17588806152344,373686,0.0,0.0,236.67870422363282,238.34528548361354,72.80691769585013,243.0533778883747,239.7554449366881,3.2979329516866187,2.1385449585066607,239.52737426757812,5.112026440470038,249.7514271485182,229.30332138663806,529341.35,234.5401611328125,250.6810302734375,0.6728973388671875
744,2020-11-11,247.5220437849632,248.38750547651892,244.27656244162884,246.74313354492188,310781,0.0,0.0,236.59475372314452,237.9848527253315,70.80404373666528,242.30383058416584,239.16180948670126,3.1420210974645784,1.848697960211671,238.85447692871094,4.93493136513131,248.72433965897355,228.98461419844833,535846.0,233.7179412841797,250.6810302734375,0.6014953613281193
743,2020-11-10,250.9839058176431,252.2820984339413,245.6180324388922,246.69985961914065,491851,0.0,0.0,236.3593490600586,237.62737187555229,66.66653089605697,241.49668459130112,238.5553035620436,2.9413810292575135,1.5253671758984444,238.25298156738282,4.647582982514755,247.54814753241232,228.95781560235332,541377.05,233.7179412841797,250.6810302734375,0.7832397460937557
742,2020-11-09,248.9933954409605,254.01306382056487,244.92571400756336,250.6810302734375,1428009,0.0,0.0,236.14385009765624,237.257066253365,79.6673028089331,240.55065276805757,237.90373907747585,2.6469136905817265,1.1713637125586769,237.46974182128906,4.465539450722989,246.40082072273503,228.5386629198431,533649.8,231.0350646972656,250.6810302734375,0.9195556640625
741,2020-11-06,241.2474798905222,248.2577258441401,240.4685695427421,246.6566162109375,779183,0.0,0.0,236.0772085571289,236.70914935458654,76.19049799726459,238.7087659488976,236.8815557817989,1.8272101670986842,0.8024762180529144,236.55018615722656,3.358105664628896,243.26639748648435,229.83397482796877,483076.9,231.0350646972656,246.6566162109375,0.6707336425781136
740,2020-11-05,242.41583786945785,243.62747901916552,237.91542627134805,241.11764526367188,515500,0.0,0.0,236.16548583984374,236.30313029922527,68.92653228730461,237.26370226489036,236.0995509474678,1.1641513174225508,0.5462927307914718,235.87945251464845,2.450214480780658,240.77988147620977,230.97902355308713,472849.55,231.0350646972656,241.11764526367188,0.309403228759777
739,2020-11-04,237.13657931970155,243.7573580949895,236.40093136426884,240.7715301513672,516682,0.0,0.0,236.314345703125,236.1066194843499,71.27950269386432,236.56298535602096,235.69810340217145,0.8648819538495047,0.3918280841337019,235.57004928588867,2.122764521804649,239.81557832949798,231.32452024227936,472713.35,231.0350646972656,240.7715301513672,0.40893249511719887
738,2020-11-03,234.92960852531425,238.4347181364672,233.28521002941807,237.9154357910156,398172,0.0,0.0,236.31694091796874,235.91621496732876,60.88234867074184,235.79779539323073,235.29222926223582,0.5055661309949073,0.2735646167047512,235.16111679077147,1.8364736181706793,238.83406402711284,231.4881695544301,471609.05,231.0350646972656,237.9587554931641,-0.00865402221680256
737,2020-11-02,235.4056229820111,237.04999521312843,232.3765065098161,234.5401611328125,419339,0.0,0.0,236.41560302734376,235.83461411738236,61.67140209252993,235.41276986636075,235.08237273993345,0.33039712642730024,0.21556423813221215,235.16977081298828,1.8504902361197018,238.87075128522767,231.46879034074888,479961.25,231.0350646972656,238.0885162353516,0.02596511840820881
736,2020-10-30,236.09796018757615,238.73763443199505,233.84778071600232,235.2757873535156,248491,0.0,0.0,236.37579193115235,235.88744893307907,59.61015617326382,235.57142599973315,235.12574966850312,0.4456763312300325,0.1868560160584401,235.14380569458007,1.8633879015820334,238.87058149774413,231.417029891416,499054.2,231.0350646972656,238.0885162353516,0.2488197326659929
735,2020-10-29,233.6746834066735,237.13653056825385,231.16484949688729,236.3576202392578,409140,0.0,0.0,236.36713745117189,235.91241471183676,60.11244135012822,235.6251784808636,235.11374665370212,0.5114318271614877,0.12215093726554198,234.89498596191407,2.154368485781952,239.203722933478,230.58624899035016,511042.6,230.2993927001953,238.0885162353516,0.4760025024414176
734,2020-10-28,236.2710876464844,240.0791145459725,233.6747020679516,236.2710876464844,650809,0.0,0.0,236.36281005859374,235.89424305765633,53.944153687272575,235.49200725206467,235.01423676685766,0.47777048520700305,0.024830714791555533,234.41898345947266,2.776175427840696,239.97133431515405,228.86663260379126,529556.8,226.8375701904297,238.0885162353516,0.5906776428222713
733,2020-10-27,234.6266741108504,237.5692386330537,233.15537864385104,236.48741149902344,493357,0.0,0.0,236.32992248535157,235.8788616458674,60.1809037849705,235.3503562712611,234.9136886964875,0.43666757477359397,-0.08840422781230634,233.82830581665038,3.518806752268588,240.86591932118756,226.7906923121132,547706.1,224.45753479003903,238.0885162353516,0.4305671691894588
732,2020-10-26,236.01143489021635,236.79034519969025,231.9004914888738,235.2324981689453,625703,0.0,0.0,236.18798706054687,235.85402287635083,43.88887582897782,235.14361895712247,234.78779087228463,0.3558280848378388,-0.21967217845878143,233.39773864746093,3.6985669139110424,240.794872475283,226.00060481963885,585483.05,224.45753479003903,238.0885162353516,0.737805175781233
731,2020-10-23,236.27109096533053,237.91546323913943,234.6267186915216,235.92491149902344,504335,0.0,0.0,236.13259765625,235.8793912317551,53.55995992249246,235.12745910042742,234.75221428855178,0.37524481187563197,-0.3635472442829365,232.6599334716797,4.660111844614057,241.9801571609078,223.3397097824516,592643.35,220.4763946533203,238.0885162353516,0.9217178344726733
730,2020-10-22,237.13655755478695,237.7423914417276,232.80924811035655,236.44419860839844,498831,0.0,0.0,236.08759307861328,235.8775332616625,60.26022414701529,234.98246775522813,234.65839851171407,0.3240692435140602,-0.5482452583225785,231.73821563720702,5.689671611232683,243.11755885967239,220.35887241474165,607431.5,217.4905548095703,238.0885162353516,0.42840652465818607
729,2020-10-21,237.1365561389111,239.64639031933507,232.1601503075288,237.9587554931641,638192,0.0,0.0,235.97421661376953,235.85440406383654,67.43566508044196,234.7166985091972,234.51553450397932,0.20116400521786204,-0.7663238837817382,231.30980911254883,5.639028297119742,242.5878657067883,220.03175251830936,614853.85,217.4905548095703,238.0885162353516,0.4522048950195483
728,2020-10-20,236.31432442034864,240.4252678050001,233.76122806011705,236.79034423828125,644001,0.0,0.0,235.89978698730468,235.76851216876193,68.62754859106985,234.1272336030214,234.24007682484455,-0.112843221823141,-1.0081958560316382,230.85760421752929,5.436778458200125,241.73116113392953,219.98404730112904,617163.05,217.4905548095703,238.0885162353516,0.04327163696288494
727,2020-10-19,236.2710607357968,236.87689453317148,232.46303427003343,236.18450927734372,267721,0.0,0.0,235.97767944335936,235.72680473735298,61.566367124702914,233.6430316693378,234.0360554317696,-0.3930237624317954,-1.2320340145837625,230.8143325805664,5.390319736182892,241.59497205293218,220.03369310820062,625081.4,217.4905548095703,238.0885162353516,-0.2920928955078068
726,2020-10-16,233.76124058321824,237.91544671396025,231.12156621089807,235.31906127929688,373044,0.0,0.0,235.97854614257812,235.70812291939419,67.4822783112985,233.18094483151856,233.86417912412367,-0.6832342926051069,-1.4417865776217542,231.1064254760742,5.836455067697164,242.77933561146853,219.4335153406799,648013.55,217.4905548095703,242.0263671875,-0.42840347290041336
725,2020-10-15,235.0161339439588,235.62196774990795,231.12155596462145,233.7179412841797,503779,0.0,0.0,235.83574493408204,235.72400298633693,68.5094848495818,232.79219638646794,233.74778855170982,-0.9555921652418817,-1.6314246488759159,231.53482894897462,6.444701958074144,244.42423286512292,218.64542503282632,650119.95,217.4905548095703,243.8871307373047,-0.5928436279296818
724,2020-10-14,229.69353255324708,236.70377768665517,229.69353255324708,234.71322631835935,421402,0.0,0.0,235.68082763671876,235.80588305581273,56.42281527095706,232.62387913233852,233.75017633311222,-1.1262972007737062,-1.8003827697844244,232.1276725769043,7.161576598862462,246.45082577462924,217.80451937917937,655314.85,217.4905548095703,245.57481384277344,-0.5885147094726619
723,2020-10-13,230.21286532780303,232.37652007712447,229.34740342807444,231.0350646972656,337306,0.0,0.0,235.52850646972655,235.8504812899945,52.09584450786269,232.24399782578928,233.67313233429246,-1.4291345085031821,-1.9689041620371037,232.71618728637696,7.837002980618348,248.39019324761367,217.04218132514026,677468.3,217.4905548095703,246.4835205078125,-0.6577499389648267
722,2020-10-12,233.5015581002322,236.2710461287303,230.2128141767116,232.2899169921875,416551,0.0,0.0,235.4705194091797,236.04702890602422,46.77413457791149,232.46380384915722,233.88417774525462,-1.4203738960974022,-2.103846575420584,233.3739372253418,8.230638079344962,249.8352133840317,216.91266106665188,730323.95,217.4905548095703,246.4835205078125,-0.23151092529298012
721,2020-10-09,233.32849481737796,235.9681426097876,227.70299340054697,233.241943359375,574636,0.0,0.0,235.4263821411133,236.20038041271144,42.85712513232465,232.4954196413335,234.0117186055,-1.5162989641664808,-2.2747147452513796,233.60544815063477,8.263595295100536,250.13263874083583,217.0782575604337,733249.7,217.4905548095703,246.4835205078125,-0.17093048095702557
720,2020-10-08,233.97756756991907,236.011407775066,231.7706244662002,234.92958068847656,512776,0.0,0.0,235.40993865966797,236.32113294550066,42.73680048144023,232.3596880562351,234.07330062518997,-1.7136125689548862,-2.464318690522604,233.7763786315918,8.290991693628792,250.3583620188494,217.1943952443342,722943.05,217.4905548095703,246.4835205078125,-0.20122070312498863
719,2020-10-07,237.95875446972116,237.95875446972116,231.25142489974928,232.59288024902344,494596,0.0,0.0,235.52071899414062,236.37793099680775,39.36167339473038,231.89243485037298,234.00479822012704,-2.112363369754064,-2.651995220914533,233.97759933471679,8.3689223360849,250.71544400688657,217.239754662547,735866.7,217.4905548095703,246.4835205078125,-0.4760025024414176
718,2020-10-06,235.4055797136096,238.8674264741038,234.6266694748573,238.0885162353516,565216,0.0,0.0,235.6652508544922,236.53242286406424,42.56131247017026,231.76508114152745,234.11775165781535,-2.352670516287901,-2.7869031837046503,234.4536018371582,8.554693865659305,251.5629895684768,217.3442141058396,738390.55,217.4905548095703,246.4835205078125,-0.27911224365234943
717,2020-10-05,230.2128322355921,237.8288852937048,230.2128322355921,234.02085876464844,801198,0.0,0.0,235.5813018798828,236.46890884890965,40.69670731765199,230.61536566992305,233.80009049161242,-3.1847248216893718,-2.895461350558837,234.73271408081055,8.767938919500999,252.26859191981254,217.19683624180857,756383.0,217.4905548095703,246.4835205078125,-0.2142021179199105
716,2020-10-01,228.8280970599017,232.67941267538905,227.78955873598707,230.2993927001953,488259,0.0,0.0,235.74400939941407,236.56882926051213,44.3122970325427,229.9961851072457,233.78242902976953,-3.7862439225238234,-2.8231454827762037,234.94691619873046,8.801897033424243,252.55071026557894,217.34312213188198,743734.2,217.4905548095703,246.4835205078125,-0.4760040283203182
715,2020-09-30,224.45754995579716,228.74157053105495,222.16408119387512,226.8375701904297,779424,0.0,0.0,236.0564404296875,236.824724630321,41.0700181246621,229.94105645398213,234.06107193613548,-4.120015482153349,-2.5823708728392987,235.42292022705078,8.79475075905394,253.01242174515866,217.8334187089429,765431.7,217.4905548095703,246.4835205078125,-0.8070396423339901
714,2020-09-29,227.1837343195133,229.3473889320801,221.2120528711889,224.45753479003903,1013795,0.0,0.0,236.45022521972658,237.23236358705125,36.80062220636512,230.50532668371892,234.63895207579193,-4.133625392073014,-2.197959720510786,236.22995986938477,8.705580178019165,253.6411202254231,218.81879951334645,784759.15,217.4905548095703,246.4835205078125,-0.5257682800292969
713,2020-09-28,222.4236696572272,230.0830114238918,222.4236696572272,227.8760681152344,1248896,0.0,0.0,237.01017852783204,237.75378517060278,36.97541985257107,231.60492520984252,235.45346545865218,-3.8485402488096554,-1.714043302620229,236.75572814941407,8.26348008465754,253.28268831872916,220.22876798009898,786272.2,217.4905548095703,246.4835205078125,-0.40244216918944176
712,2020-09-25,222.42368371306503,225.020069126058,215.4999892784171,220.4763946533203,768909,0.0,0.0,237.4290628051758,238.15695729531168,26.241113468140426,232.28289922704397,236.0596572461256,-3.776758019081626,-1.1804190660728724,237.1581703186035,8.000064667745916,253.15829965409534,221.15804098311168,809002.55,217.4905548095703,246.4835205078125,-1.3436279296875
711,2020-09-24,225.36624933224,225.75571771023337,215.5865414747436,217.4905548095703,800098,0.0,0.0,238.07902435302734,238.87861291335216,29.670313947967173,234.42953642226644,237.30631825355002,-2.87678183128358,-0.5313343278206838,238.501798248291,7.274625532607933,253.05104931350687,223.95254718307515,826014.9,217.4905548095703,247.3489532470703,-1.6789962768554858
710,2020-09-23,229.47717763442589,233.76122385985764,225.53933723828695,227.8760681152344,647278,0.0,0.0,238.7436993408203,239.75159487677183,35.8895250965098,237.50935126093844,238.8915793290684,-1.3822280681299617,0.05502754804504034,240.1807945251465,5.918757893560002,252.0183103122665,228.3432787380265,913102.6,227.8760681152344,251.0704803466797,-1.0342285156249886
709,2020-09-22,236.05471780124367,237.0499936388524,225.53936168567463,228.91465759277344,684376,0.0,0.0,239.12450317382812,240.23631025479375,34.177233443742196,239.2608572874301,239.77282022617513,-0.5119629387450289,0.41434145208879086,241.21502304077148,5.443611051920792,252.10224514461308,230.3278009369299,1024337.3,228.91465759277344,251.0704803466797,-0.5993316650390739
708,2020-09-21,239.34347004503135,242.2860615381424,234.020884816634,235.92491149902344,802368,0.0,0.0,239.5373291015625,240.69841852671294,51.04762653174515,241.14198450464042,240.64147323684728,0.5005112677931436,0.6459175497972458,241.81435470581056,4.614853554264236,251.04406181433905,232.58464759728207,1130959.85,234.972900390625,251.0704803466797,-0.3461814880371037
707,2020-09-18,244.92566926147023,244.92566926147023,238.60780920566305,242.0263671875,726364,0.0,0.0,239.7787927246094,240.8932555482513,57.57246358971873,242.0905432329344,241.0187981758732,1.0717450570612073,0.6822691202982714,242.16053619384766,4.404708971257271,250.96995413636222,233.3511182513331,1249492.85,234.972900390625,251.0704803466797,0.4738380432129077
706,2020-09-17,243.8871307373047,245.5747918539722,239.94929001414556,243.8871307373047,415172,0.0,0.0,239.96227142333984,240.84700609358808,46.52778883108519,242.10221160483158,240.93819265494307,1.164018949888515,0.5849001361075373,241.68669815063475,4.901607057301324,251.4899122652374,231.88348403603212,1243365.8,232.5496063232422,251.0704803466797,0.4522033691406193
705,2020-09-16,247.0028206937721,247.43555164327475,243.4977105675208,245.57481384277344,607677,0.0,0.0,240.18383026123047,240.72291937343635,44.70391608235307,241.77768085347282,240.7022776083541,1.0754032451187072,0.4401204326622929,241.23449478149413,5.101047152831505,251.43658908715713,231.03240047583114,1245461.2,232.5496063232422,251.0704803466797,0.47167816162109943
704,2020-09-15,245.7046101372044,249.85884280011308,242.5024171887489,246.4835205078125,864471,0.0,0.0,240.5204943847656,240.5248828644838,48.05823774726705,241.08729303723632,240.31247470960056,0.7748183276357565,0.28129972954818927,240.76281661987304,5.114716228805781,250.9922490774846,230.53338416226148,1250141.75,232.5496063232422,251.0704803466797,0.5928405761718523
703,2020-09-14,237.56928539544305,247.08936604881237,237.13655445665356,244.1900634765625,1394419,0.0,0.0,241.0233288574219,240.28167316475609,52.79413888490611,240.10616076985883,239.8187910457436,0.2873697241152229,0.15792008002629743,240.16997604370118,5.103880282835401,250.377736609372,229.96221547803037,1261455.15,232.5496063232422,251.0704803466797,0.7399711608886719
702,2020-09-11,237.13650091859304,238.60779634302477,234.97284671313145,236.92013549804688,475066,0.0,0.0,241.55645324707032,240.1221470295803,44.46239363749093,239.3636330050036,239.4690892512781,-0.10545624627448547,0.12555766900406606,239.4300048828125,5.544196185419194,250.5183972536509,228.34161251197412,1234318.05,229.39064025878903,251.0704803466797,0.222855377197277
701,2020-09-10,240.07911143216543,241.29075273740588,234.71326381987225,236.6605529785156,368503,0.0,0.0,242.24968811035157,240.25284137780616,53.233505897399134,239.80790527899575,239.6730055515366,0.1348997274591568,0.18331114782370392,239.20714950561523,5.7366327383506555,250.68041498231653,227.73388402891393,1253207.4,229.39064025878903,251.0704803466797,0.14929351806640057
700,2020-09-09,240.55510427280325,240.55510427280325,234.453583080728,238.95399475097656,771249,0.0,0.0,243.0069677734375,240.39946539410371,53.23349311928257,240.38015115181034,239.91400175737826,0.4661493944320796,0.19541400291484068,239.05785598754883,5.844238788074239,250.7463335636973,227.36937841140036,1279492.1,229.39064025878903,251.0704803466797,0.4089309692382983
699,2020-09-08,243.67075092003572,244.44968764292503,240.33874423304192,242.1129302978516,545073,0.0,0.0,243.66212310791016,240.45846419586402,54.83872084477815,240.63945231559828,239.99080231789037,0.6486499977079063,0.12773015503553092,238.64892501831054,6.13098953360771,250.91090408552594,226.38694595109513,1264711.95,229.39064025878903,251.0704803466797,0.393782806396473
698,2020-09-07,238.34817627962448,244.92569129281597,236.74706665489128,243.67076110839844,925065,0.0,0.0,244.26102294921876,240.39093496721148,57.33334125175969,240.37154722791587,239.82103207949348,0.5505151484223916,-0.0024998056325629125,238.25514221191406,6.149684002245783,250.55451021640562,225.9557742074225,1271150.9,229.39064025878903,251.0704803466797,0.14928970336913494
697,2020-09-04,235.40559894195388,243.19475478929797,234.97286806154588,238.30490112304688,548222,0.0,0.0,244.75260528564453,240.25706451246916,57.243346332892045,239.77169015873721,239.51305375718107,0.25863640155614576,-0.14075354414630153,238.10585250854493,6.0466738380856455,250.19920018471623,226.01250483237362,1282542.15,229.39064025878903,251.0704803466797,0.10385284423827557
696,2020-09-03,243.9736793973869,248.82027082450213,238.91072251738083,239.8194732666016,922209,0.0,0.0,245.36621795654298,240.33674465081293,55.82993977450872,240.03837907431728,239.6097059679118,0.4286731064054834,-0.24060103057191337,238.00199966430665,6.06089541772204,250.12379049975073,225.88020882886258,1350055.8,229.39064025878903,251.0704803466797,0.5820236206054688
695,2020-09-02,235.40557345002225,245.2718311725541,231.98698930027675,242.97836303710935,1165973,0.0,0.0,245.91428161621093,240.35785776853584,57.6079187857795,240.07818013026557,239.5929245840166,0.4852555462489647,-0.4079195648162625,237.41997604370118,6.425146639532628,250.27026932276644,224.56968276463593,1347143.85,228.1790008544922,251.0704803466797,0.8503143310547046
694,2020-09-01,236.22783068118832,238.30493391056856,232.24670075132596,234.972900390625,1044056,0.0,0.0,246.42324584960937,240.25089836981854,53.74521142434549,239.55087414720305,239.3220895077692,0.2287846394338544,-0.6312133425825692,236.56966171264648,6.767047588111716,250.1037568888699,223.03556653642306,1356804.65,225.9720764160156,251.0704803466797,0.39378662109373863
693,2020-08-31,254.22942480243896,255.1814381436337,233.6747053503269,235.92491149902344,1703503,0.0,0.0,247.04158447265624,240.46632685876523,51.44123151467893,240.38323301203545,239.67002463714073,0.7132083748947196,-0.8462128380866751,236.17587509155274,7.0864691716167485,250.34881343478622,222.00293674831926,1334867.85,225.9720764160156,251.0704803466797,0.3894599914550838
692,2020-08-28,253.7966537362038,254.5755640151833,245.7911326891113,247.3489532470703,1109156,0.0,0.0,247.2023193359375,240.65169075099956,56.21964276406542,241.19383692349217,239.9696336881901,1.2242032353020704,-1.2360681413320238,235.78641510009766,7.311456491475686,250.40932808304902,221.1635021171463,1313336.9,225.9720764160156,251.0704803466797,0.8632949829101619
691,2020-08-27,250.118467058216,257.6912580158609,248.90682578735252,251.0704803466797,2541852,0.0,0.0,247.0975958251953,240.37833309809872,63.665316235046454,240.07472486465977,239.37928812347968,0.6954367411800888,-1.8511359854905471,234.9231201171875,6.881022736427243,248.68516559004198,221.161074644333,1295555.0,225.9720764160156,251.0704803466797,0.9325355529785213
690,2020-08-26,242.5456683795613,253.4072033569063,237.95873142452427,248.5606384277344,2871972,0.0,0.0,246.89178466796875,239.94191892468726,67.02820647951754,238.0754965952016,238.4439927456237,-0.3684961504220894,-2.487779167158206,233.99058456420897,5.748034336469667,245.48665323714832,222.49451589126963,1209107.6,225.9720764160156,248.5606384277344,0.40460205078125
689,2020-08-25,238.0019886584469,243.8871181769186,238.0019886584469,240.9012908935547,2816827,0.0,0.0,246.6708154296875,239.5901344551751,63.723149487640626,236.1691071711047,237.63466109105482,-1.4655539199501106,-3.0175999213422355,233.58598251342772,4.889097432650593,243.3641773787289,223.80778764812655,1104455.25,225.9720764160156,242.8485412597656,0.05409088134763351
688,2020-08-24,233.11209781804848,250.1184137472225,231.20807164695097,242.8485412597656,3173028,0.0,0.0,246.58411376953126,239.5366178658535,64.70109390692186,235.30871013065928,237.37333070685483,-2.0646205761955514,-3.405611421690266,233.5318916320801,4.809236476317497,243.15036458471508,223.9134186794451,1015966.85,225.9720764160156,242.8485412597656,0.44787368774416336
687,2020-08-21,236.4441845923652,237.1365434977118,230.99175916851345,232.5496063232422,603823,0.0,0.0,246.44986846923828,239.4014373191632,54.980504563856954,233.93783174354903,236.93531386262197,-2.9974821190729415,-3.740859133063945,233.08401794433593,4.2843877191790956,241.6527933826941,224.51524250597774,893291.6,225.9720764160156,240.6849670410156,-0.4803314208984375
686,2020-08-20,233.58813318702897,237.742365650088,232.50630594328413,234.8430633544922,457080,0.0,0.0,246.5439602661133,239.68110389042528,55.41333342588317,234.19023636542298,237.28617046577233,-3.0959341003493535,-3.9267033865616954,233.56434936523436,4.7360250976591285,243.0363995605526,224.09229916991612,902406.75,225.9720764160156,242.1562347412109,-0.55389404296875
685,2020-08-19,236.27106459425264,239.3001808069995,234.62669250397812,236.1412506103516,701288,0.0,0.0,246.51564849853514,239.87857493270826,54.134599312197054,234.07154054922856,237.48161903467474,-3.410078485446178,-4.134395708114781,234.1182434082031,5.4824269278145055,245.08309726383212,223.1533895525741,904333.1,225.9720764160156,245.9209442138672,-0.5192779541015682
684,2020-08-18,229.78011742119156,235.8816127992945,227.83282829050347,234.626708984375,1090739,0.0,0.0,246.5731643676758,240.03111878260034,44.33249191294944,233.69522962902437,237.58884850862057,-3.893618879596204,-4.315475013781931,234.63752136230468,6.136903310363654,246.91132798303198,222.36371474157738,906469.4,225.9720764160156,246.5268096923828,-0.8914245605468807
683,2020-08-17,232.7226734818033,234.06415512317173,226.57788939979488,229.39064025878903,851677,0.0,0.0,246.7693212890625,240.25170693762993,38.89403096250513,233.52586974623333,237.82581967056024,-4.29994992432691,-4.420939047328363,235.52894592285156,7.316696370271194,250.16233866339394,220.8955531823092,892515.35,225.9720764160156,252.4552001953125,-0.971482086181652
682,2020-08-14,235.31904112287808,237.65579837863788,230.99173243576448,232.4630279541016,852853,0.0,0.0,247.28432220458984,240.69501578166424,48.56644110748662,234.27772965304138,238.5006340235019,-4.222904370460526,-4.451186328078726,236.50042800903321,7.736625602893413,251.97367921482004,221.0271768032464,883430.05,225.9720764160156,252.4552001953125,-1.025572204589821
681,2020-08-13,231.68413107072317,238.6943504198006,231.0782972547743,233.6746826171875,894197,0.0,0.0,247.38874450683593,241.03101528483006,42.541855597952285,234.60767541648497,238.9836425090539,-4.375967092568942,-4.508256817483276,237.52600021362304,8.495539694934727,254.5170796034925,220.53492082375357,877631.95,225.9720764160156,252.97447204589844,-0.8524810791015796
680,2020-08-12,233.371760672589,234.28051137689965,230.2128304988551,230.7753753662109,475646,0.0,0.0,247.26771057128906,241.33127376106037,36.881594688881584,234.7773104709027,239.40835930040322,-4.631048829500514,-4.541329248711859,238.37848129272462,8.932901339604529,256.24428397193367,220.51267861351556,868643.95,225.9720764160156,252.97447204589844,-0.8070442199706918
679,2020-08-11,241.9831692759249,242.50245173423733,233.7179917116094,234.23727416992188,673852,0.0,0.0,247.2579788208008,241.7621267567685,38.80130200765575,235.50493503539212,240.09899801513862,-4.5940629797464965,-4.518899353514695,239.1855255126953,8.938968015857123,257.06346154440956,221.30758948098105,872157.35,225.9720764160156,252.97447204589844,-0.7659339904785156
678,2020-08-10,237.87221577990223,244.0602632719913,236.4874714151476,240.6849670410156,1152890,0.0,0.0,247.34239501953124,242.06926359704798,39.172032638283696,235.735418829114,240.56793592275596,-4.832517093641968,-4.5001084469567445,239.95145950317382,9.146541860926936,258.2445432250277,221.65837578131996,895944.0,225.9720764160156,252.97447204589844,-0.3656562805175838
677,2020-08-07,228.65505235462615,240.901333375548,227.0972050343359,236.22784423828125,1898495,0.0,0.0,247.17316741943358,242.1257654972942,38.23771375013255,234.83550097240462,240.5585734332952,-5.723072460890592,-4.417006285285438,240.3171157836914,9.321908302668886,258.96093238902915,221.67329917835363,878625.7,225.9720764160156,252.97447204589844,-0.7486228942871094
676,2020-08-06,227.18372505565569,231.64084809343552,226.36152577168727,228.1790008544922,863970,0.0,0.0,246.8376840209961,242.36649697725392,25.021796418378102,234.58234765133614,240.90503176889632,-6.322684117560186,-4.090489741384149,241.06573867797852,9.574017448702762,260.21377357538404,221.917703780573,827937.85,225.9720764160156,252.97447204589844,-1.3393035888671818
675,2020-08-05,228.91464119054783,232.28993685579945,224.1546013926348,225.9720764160156,1359189,0.0,0.0,246.46969360351562,242.94557845165235,25.08706370624465,235.7465925234896,241.92311424204865,-6.176521718559059,-3.5324411473401387,242.4050422668457,9.54993299127701,261.5049082493997,223.3051762842917,851020.65,225.9720764160156,254.96507263183597,-1.8217971801757926
674,2020-08-04,229.90991878073973,231.68413129384268,226.40480910282548,227.09716796875,605320,0.0,0.0,246.04781005859374,243.6383744531069,31.074354828745015,237.52377727030304,243.19919726813131,-5.675419997828271,-2.8714210045354083,244.2268394470215,9.723874676132974,263.67458879928745,224.77909009475553,840906.15,227.09716796875,262.40802001953125,-2.2264038085937443
673,2020-08-03,228.48189107100373,235.57868764626065,225.9287684659089,228.13571166992188,1272884,0.0,0.0,245.53978973388672,244.3135257381827,30.152314837724518,239.41952441603996,244.48735961208183,-5.0678351960418695,-2.170421256212192,246.45324325561523,10.649018961605842,267.7512811788269,225.15520533240354,852846.45,228.13571166992188,271.625244140625,-2.135528564453125
672,2020-07-31,233.674715225717,233.674715225717,226.75101995976985,230.0830535888672,753518,0.0,0.0,245.0883923339844,244.97384467974436,33.279500982654,241.471126733516,245.79549144745462,-4.324364713938621,-1.4460677712547727,248.58877182006836,11.057051262081112,270.70287434423057,226.47466929590612,837166.0,230.0830535888672,271.625244140625,-2.0749412536621037
671,2020-07-30,241.8100356433563,241.8100356433563,231.1648654515038,232.41976928710935,812904,0.0,0.0,244.60234741210937,245.58163207120873,32.75039585202572,243.54168548708853,247.0524864761416,-3.510800989053081,-0.7264935355838105,250.66371307373046,11.292808611788924,273.2493302973083,228.0780958501526,843133.4,232.41976928710935,271.625244140625,-2.105238342285162
670,2020-07-29,240.5984114164846,244.6660929655846,239.7329495049145,240.46859741210935,778925,0.0,0.0,244.0110925292969,246.11885096035564,35.547898131378176,245.56385206890295,248.22310385126417,-2.659251782361224,-0.0304166722164928,252.76895141601562,11.632259641816958,276.03347069964957,229.5044321323817,890650.95,233.8910675048828,274.5245361328125,-1.5621582031249943
669,2020-07-28,238.43472908574032,246.57006483207735,238.21836363284945,239.8194732666016,1047059,0.0,0.0,243.1685693359375,246.34947355416162,30.16716321450039,246.49026200650178,248.84346436639655,-2.353202359894766,0.6267921053196901,254.33110961914062,11.985966360665145,278.30304234047094,230.35917689781033,900841.35,233.8910675048828,274.5245361328125,-1.6119224548340014
668,2020-07-27,242.4158721024069,243.4976994266663,232.98234311722487,233.8910675048828,719523,0.0,0.0,242.31409088134765,246.61600417814367,18.678135806306415,247.70313268648363,249.56538365438013,-1.8622509678965002,1.371790721623304,255.94303207397462,12.098914311471871,280.14086069691837,231.74520345103087,905861.15,233.8910675048828,274.5245361328125,-1.717940521240223
667,2020-07-24,243.97371005624623,246.1373648570498,238.4780215798449,242.1562347412109,786126,0.0,0.0,241.8309991455078,247.13538934848083,22.805617900498717,250.21441726495652,250.8193289463399,-0.6049116813833848,2.180301144003255,257.66097259521484,11.209567679535903,280.08010795428663,235.24183723614303,952533.55,242.1562347412109,274.5245361328125,-1.3414649963378906
666,2020-07-23,246.65659196348585,248.25770143929225,245.01221996608845,245.9209442138672,495607,0.0,0.0,241.18604431152343,247.33862014877755,24.194991261329974,251.67954136018298,251.51237648275023,0.16716487743275366,2.876604350349915,259.00243759155273,10.856218172501476,280.7148739365557,237.2900012465498,986026.5,245.9209442138672,274.5245361328125,-1.0650856018066293
665,2020-07-22,253.14758746684825,253.66686985170415,244.92570001066,246.5268096923828,744014,0.0,0.0,240.47267364501954,247.39648447265145,23.10891302123987,252.7265590231495,251.95969106426088,0.7668679588886107,3.553964218579205,260.06752319335936,10.545765840745338,281.15905487485,238.9759915118687,1041594.85,246.5268096923828,274.5245361328125,-1.094988250732456
664,2020-07-21,250.85409069349285,255.05158541605908,249.33953264805731,252.4552001953125,811658,0.0,0.0,239.65431427001954,247.43198140245832,30.32716813033599,253.853786174198,252.39432157401114,1.4594646001868625,4.250738283501853,261.1625114440918,10.1969892380484,281.5564899201886,240.76853296799501,1148100.25,246.916259765625,274.5245361328125,-0.6717315673827784
663,2020-07-20,251.07048807575327,254.96506640243467,247.7384546694548,248.82028198242188,669971,0.0,0.0,238.7079278564453,247.2269520639745,24.549856079616788,254.10807453399536,252.38945128430703,1.718623249688335,4.948556704330601,261.8342430114746,10.034411899108319,281.9030668096912,241.76541921325796,1387670.45,246.916259765625,274.5245361328125,0.24293136596679688
662,2020-07-17,251.8061197524003,256.78252507231497,250.1617212129032,252.97447204589844,736891,0.0,0.0,237.87121643066405,247.16191818975216,33.142375827945614,255.06949136155419,252.67498482845784,2.3945065330963473,5.756040067991167,261.5913116455078,10.417558408491267,282.4264284624903,240.75619482852528,1414870.8,243.96165466308597,274.5245361328125,0.5430847167968409
661,2020-07-16,247.6951877762959,252.62830438940503,243.8438720452886,250.72430419921875,714437,0.0,0.0,236.83791015625,246.9246710935829,29.15032515770079,255.4504039644007,252.6510258510626,2.7993781133380935,6.596423451714871,261.04822692871096,11.147927539499543,283.34408200771,238.75237184971186,1426950.1,242.1127777099609,274.5245361328125,0.4972190856933594
660,2020-07-15,254.4457885633419,254.4457885633419,245.83443243329788,246.916259765625,545914,0.0,0.0,235.80231201171875,246.76958402804675,25.679468998084758,256.3096948307974,252.8051635832101,3.504531247587323,7.5456847863090655,260.5510078430176,11.833328775324079,284.21766539366575,236.88435029236945,1421509.0,240.7799224853516,274.5245361328125,0.4702041625976676
659,2020-07-14,246.57009974213355,256.6094634600297,243.1948034815121,249.5559539794922,1149585,0.0,0.0,234.85663299560548,246.76359726324762,26.59409167387433,258.0175921153742,253.27627588861688,4.741316226757334,8.5559731709895,260.08080368041993,12.56768052751298,285.2161647354459,234.94544262539398,1442906.1,237.51217651367188,274.5245361328125,0.6494873046875114
658,2020-07-13,257.90764180210806,258.2538212738447,245.96427835048908,247.9980926513672,806524,0.0,0.0,233.92609466552733,246.6496235197274,28.33433788479526,259.5560717764437,253.57390164134685,5.982170135096823,9.509637407047542,259.4313163757324,13.445234651750305,286.321785679233,232.54084707223183,1512407.3,236.5662078857422,274.5245361328125,0.5930908203125114
657,2020-07-10,252.022501446772,254.40252153580232,249.3395644276869,251.20030212402344,884738,0.0,0.0,233.20987854003906,246.59458396333395,56.030546811002196,261.65752252645757,254.01996636054523,7.637556165912343,10.391504225035222,258.8382255554199,14.215665038971947,287.2695556333638,230.406895477476,1532186.4,236.1362762451172,274.5245361328125,0.6973052978515284
656,2020-07-09,263.92260828441687,264.35533922017635,251.84940461200773,254.96507263183597,1325626,0.0,0.0,232.27225158691405,246.40659546697927,61.06037741597124,263.5588353269001,254.24553949946696,9.313295827433166,11.079991239815941,258.1409202575684,14.93393393765944,288.0087881328873,228.2730523822495,1548965.1,236.1362762451172,274.5245361328125,1.076879882812534
655,2020-07-08,272.62045837158934,273.7022855873496,253.79666481736052,262.40802001953125,1156899,0.0,0.0,231.21375274658203,246.05726986841367,70.80003791913187,265.1213376350936,254.18797684887744,10.933360786216156,11.521665092911634,257.06404037475585,15.919038978790402,288.90211833233667,225.22596241717505,1517586.55,233.42747497558597,274.5245361328125,1.1695487976074048
654,2020-07-07,270.8895961849188,276.77472700696245,269.2452237268597,271.625244140625,844126,0.0,0.0,230.10700622558593,245.3898923112252,87.0463645866268,265.61466811065037,253.53037339522513,12.084294715425244,11.668741169585504,255.89449157714844,16.358933351586934,288.6123582803223,223.17662487397456,1493843.15,233.42747497558597,274.5245361328125,1.3595344543457202
653,2020-07-06,273.9186618079083,274.91393760320767,267.81716663567414,270.8462829589844,959275,0.0,0.0,228.39627014160158,244.3190616243109,87.09318226022532,264.5218361052004,252.08278373559313,12.439052369607282,11.564852783125568,254.53495712280272,16.110778016902817,286.7565131566084,222.3134010889971,1503517.05,233.42747497558597,274.5245361328125,0.7852798461914006
652,2020-07-03,276.08229019553227,276.8612004654489,270.0673206437953,271.5818786621094,872866,0.0,0.0,227.50944549560546,243.23631789636505,88.60975733804835,263.3719366772397,250.58170379772181,12.790232879517902,11.34630288650514,253.74967727661132,15.650055433116835,285.049788142845,222.44956641037766,1585621.0,233.42747497558597,274.5245361328125,1.6948867797851506
651,2020-07-02,274.1783302296405,282.74642450890605,273.00997774774265,274.5245361328125,1763255,0.0,0.0,226.53825561523436,242.0793562324571,92.27804600936139,261.87921995271796,248.9016898085708,12.977530144147153,10.98532038825195,252.05479049682617,15.451488815020728,282.9577681268676,221.15181286678472,1595628.4,233.42747497558597,274.5245361328125,2.3450775146484375
650,2020-07-01,273.4859477226471,277.293974623767,270.7164592063054,271.7117614746094,982733,0.0,0.0,225.6182830810547,240.75506317529974,92.45168475220828,259.58007155633715,246.8518621026315,12.72820945370566,10.487267949278149,249.70971298217773,15.420863284371704,280.55143955092115,218.86798641343432,1551369.35,227.62298583984372,272.05792236328125,2.0711486816406364
649,2020-06-30,269.98081932372514,275.4332181040347,264.8313110442565,272.05792236328125,1147455,0.0,0.0,225.0778988647461,239.49152446920547,82.82097336722495,257.3743097530149,244.86307015287326,12.511239600141664,9.92703257317127,247.6385643005371,15.088417521024034,277.8153993425852,217.46172925848902,1558125.75,227.62298583984372,272.05792236328125,1.6799919128417855
648,2020-06-29,269.072050738834,270.62989772402096,259.7250744748974,268.2498779296875,1652971,2.0,0.0,224.70343780517578,238.16228373883501,72.92382748184399,254.7045620056938,242.68748197604063,12.017080029653158,9.28098081642867,245.9585723876953,14.06203405654186,274.082640500779,217.8345042746116,1582722.7,227.62298583984372,268.98553466796875,1.801314544677723
647,2020-06-26,268.598582717675,276.3809225521685,266.7497423073567,268.98553466796875,1455985,0.0,0.0,224.25808837890625,236.9342186698206,61.18053813308072,252.2417772922404,240.64249029974889,11.599286992491528,8.596956013122547,244.1572578430176,13.345466552163524,270.8481909473446,217.46632473869053,1606339.8,227.62298583984372,268.98553466796875,2.476593017578125
646,2020-06-25,265.54578596300786,270.61938273168244,259.9562533302645,267.22265625,1606974,0.0,0.0,223.73697143554688,235.62600169030435,69.03043515360712,249.19745776938072,238.3750467502913,10.82241101908943,7.846373268280301,241.68066482543946,13.088929677340563,267.8585241801206,215.50280547075835,1693586.6,219.45367431640625,268.42657470703125,2.872158813476574
645,2020-06-24,268.4695868615572,275.17701613261966,264.6858818953934,268.42657470703125,2874122,0.0,0.0,223.23133422851564,234.33634232052083,73.59520462440967,245.92014895472266,236.06723799031457,9.852910964408096,7.1023638305780175,238.8085060119629,13.485641224442087,265.77978846084704,211.8372235630787,1683701.0,209.77947998046875,268.42657470703125,3.17743377685548
644,2020-06-23,246.54144547074867,276.896902900216,244.5206087879534,265.88983154296875,5603062,0.0,0.0,222.79879119873047,232.94490426392858,70.55608339894177,241.828071545212,233.47849105297723,8.349580492234765,6.414727047120497,235.6310722351074,13.625676699314235,262.88242563373586,208.37971883647893,1566435.7,204.87789916992188,265.88983154296875,3.20968399047851
643,2020-06-22,244.1336245670763,249.293194059482,237.38318256592672,243.96165466308597,1213978,0.0,0.0,222.1770620727539,231.60021335458,53.7780550561426,237.4532060910744,230.88558381377794,6.567622277296465,5.931013685841929,232.4213882446289,13.683388186529925,259.7881646176887,205.05461187156905,1314132.1,201.69615173339844,255.14068603515625,1.9197906494140682
642,2020-06-19,242.3707719194431,248.3472572500132,241.0808796008116,242.1127777099609,978477,0.0,0.0,221.91478393554686,231.09566472974302,56.403120614575,236.26985180525412,229.8394981458333,6.430353659420831,5.771861537978294,230.50159759521483,14.639164922267469,259.77992743974977,201.2232677506799,1277778.7,201.69615173339844,255.14068603515625,1.8165985107421818
641,2020-06-18,237.4691933025922,242.49977907453265,236.78126116409132,240.7799224853516,605615,0.0,0.0,221.3936672973633,230.64598664891778,62.02715952620305,235.207501640762,228.85763578070308,6.349865860058912,5.60723850761766,228.68499908447265,15.35902820277139,259.40305549001545,197.96694267892988,1285806.4,201.69615173339844,255.14068603515625,1.8961448669433594
640,2020-06-17,233.7714836395553,244.21960589676485,233.1695234095409,237.51217651367188,973856,0.0,0.0,221.02819763183595,230.23235661477761,64.58615226822937,234.19433421447297,227.9038528443312,6.2904813701417766,5.421581669507345,226.7888542175293,16.109795904938363,259.008446027406,194.56926240765256,1286941.75,201.69615173339844,255.14068603515625,1.9584869384765682
639,2020-06-16,239.91992197661608,248.51920233420088,229.3428176339552,236.5662078857422,2539609,0.0,0.0,220.56383605957032,229.93522110870032,66.0008398278738,233.59109016007315,227.13518695078395,6.455903209289204,5.204356744348737,224.83036727905272,17.088747459910735,259.0078621988742,190.65287235923125,1277075.65,198.34243774414065,255.14068603515625,1.9735328674316293
638,2020-06-15,239.40399273187603,242.19875923128876,233.04052964333664,236.1362762451172,1202106,0.0,0.0,219.77098297119142,229.6645685871884,66.92013875145282,233.05015966449696,226.38070527598728,6.669454388509678,4.89147012811362,222.8568344116211,17.920987359151436,258.698809129924,187.01485969331821,1255311.8,197.09555053710935,255.14068603515625,1.3199897766113224
637,2020-06-12,221.86148591960503,238.50110261216085,220.48559548702204,237.2541961669922,1220312,0.0,0.0,219.2197686767578,229.4004172542117,65.15835954703195,232.48904755892963,225.6002595984569,6.88878796047274,4.446974063014606,221.53684463500977,17.863556868920366,257.2639583728505,185.80973089716903,1229274.65,197.09555053710935,255.14068603515625,1.3672851562500057
636,2020-06-11,241.2098131744193,243.058653196156,230.8906767819308,233.42747497558597,698055,0.0,0.0,218.8637582397461,229.0798548496084,63.69832316409332,231.62265690291827,224.66794467297407,6.954712229944192,3.836520588650072,220.16955947875977,17.64238416844773,255.45432781565523,184.8847911418643,1210115.4,197.09555053710935,255.14068603515625,1.1587532043457145
635,2020-06-10,245.0795271362139,248.39025582155125,237.34017364770187,239.0170440673828,682031,0.0,0.0,218.21107360839844,228.90240096691545,68.40264258189885,231.29450816243326,223.9671822487651,7.3273259136681475,3.0569726783265416,219.01080627441405,17.486150906330202,253.98310808707447,184.03850446175363,1251763.55,197.09555053710935,255.14068603515625,1.67041015625
634,2020-06-09,257.4194742207159,257.720454295224,240.7798607389237,244.4345550537109,1037604,0.0,0.0,217.1267041015625,228.48955839138614,73.67489041902618,229.89041072516972,222.7631933032757,7.1272174218940165,1.9893843694911402,217.34039611816405,17.065048489745944,251.47049309765595,183.21029913867216,1261640.45,197.09555053710935,255.14068603515625,1.964933776855446
633,2020-06-08,239.83394961337848,257.11851023207964,238.28608948038837,255.14068603515625,2601354,0.0,0.0,216.20658142089843,227.83874220108714,83.02348007017143,227.24602084725313,221.02948436324087,6.216536484012266,0.7049261063904212,215.3754623413086,16.011080375945667,247.39762309319994,183.35330158941727,1255919.15,197.09555053710935,255.14068603515625,2.4077987670898438
632,2020-06-05,229.08486128945287,239.9199615769992,227.06402482328372,237.68414306640625,1073014,0.0,0.0,215.51261962890624,226.72437714663533,66.82195042920547,222.17426354036166,218.30058822948763,3.8736753108740345,-0.6729764880150403,212.96766357421876,13.066471760386817,239.1006070949924,186.83472005344512,1279310.3,197.09555053710935,238.4580841064453,1.8187492370605582
631,2020-06-04,228.82687996972425,233.3415026389688,222.76437092527007,227.62298583984372,878074,0.0,0.0,214.79715942382813,226.27703976215489,62.10338919543433,219.3542854447172,216.74990384253414,2.6043816021830537,-1.8096394377373088,211.1489143371582,11.926927542423948,235.0027694220061,187.2950592523103,1266918.35,197.09555053710935,238.4580841064453,1.433929443359375
630,2020-06-03,240.09199143906852,242.37079618151435,227.10706888309505,230.28878784179688,1117861,0.0,0.0,214.27862274169922,226.22210318755535,64.13840107671601,217.850885372876,215.88005728274936,1.9708280901266448,-2.9131446977173994,209.71498489379883,11.560396438969407,232.83577777173764,186.59419201586002,1263053.1,197.09555053710935,238.4580841064453,1.5328239440918026
629,2020-06-02,231.83665258048163,243.27368737082668,228.95588780458976,238.4580841064453,1639394,0.0,0.0,214.3732144165039,226.0561160588108,74.39338561892431,215.58944856034495,214.72735883802557,0.8620897223193822,-4.13413789467841,208.18216094970703,10.688411215864011,229.55898338143504,186.805338517979,1242306.7,197.09555053710935,238.4580841064453,1.7714523315429744
628,2020-06-01,222.59240747593316,235.96427974729824,222.2054293102205,232.2235870361328,2125313,0.0,0.0,214.38783264160156,225.54991328135634,71.99722435627366,211.43151482469034,212.828900816552,-1.397385991861654,-5.383194798927858,206.41070861816405,8.005796726704759,222.42230207157357,190.39911516475453,1235552.8,197.09555053710935,232.2235870361328,1.001815032958973
627,2020-05-29,208.10262468514543,223.58133230635465,206.46876635149192,219.45367431640625,3200921,0.0,0.0,214.96312469482422,225.2775184342226,62.30903037197356,207.65113805897352,211.27732591898553,-3.62618786001201,-6.3796470006944075,205.40889358520508,5.4519640813114,216.31282174782788,194.50496542258227,1280119.0,197.09555053710935,219.45367431640625,0.7567359924316293
626,2020-05-28,206.3827662436676,213.69215588146417,205.17887202249804,209.77947998046875,1409262,0.0,0.0,215.3638510131836,225.51522635739875,59.078389217226466,205.50522237580392,210.62321804719187,-5.117995671387945,-7.068011785865007,204.65215759277345,4.336099683147564,213.32435695906858,195.97995822647832,1194475.6,197.09555053710935,212.18728637695312,0.3869674682617301
625,2020-05-27,203.63100587062007,206.12479246922368,200.6212570895299,204.87789916992188,528816,0.0,0.0,216.29257415771485,226.1575017197224,56.725161774126384,204.72808462950124,210.6907170925297,-5.962632463028456,-7.555515814484272,204.26519012451172,4.197567104982771,212.66032433447725,195.87005591454619,1265596.5,197.09555053710935,212.18728637695312,-0.10963973999022869
624,2020-05-26,205.866795419588,207.5436658219498,201.00820658389904,201.69615173339844,556990,0.0,0.0,217.29868927001954,227.02605692583668,52.47936671809104,204.70084562215203,211.15574252633832,-6.454896904186285,-7.953736652348225,204.37482986450195,4.242807191467006,212.86044424743596,195.88921548156793,1861467.2,197.09555053710935,212.18728637695312,0.7803855895996037
623,2020-05-22,202.94305800427043,208.83357150425084,202.94305800427043,205.5658416748047,486910,0.0,0.0,219.18623107910156,228.05993060716068,53.08258140883675,205.24715360192542,211.9125097897735,-6.66535618784809,-8.32844658938871,203.59444427490234,5.88067106328092,215.35578640146417,191.83310214834052,2516187.25,186.08843994140625,212.18728637695312,-1.0469604492187443
622,2020-05-21,203.80297013951304,211.1983574269157,203.37300606748877,205.7808074951172,1139031,0.0,0.0,221.7006607055664,228.97805668603235,43.60511925545191,205.18921031594738,212.420243238971,-7.231032923023633,-8.744219189773863,204.6414047241211,7.800642701180209,220.2426901264815,189.04011932176067,2545877.15,186.08843994140625,226.5050506591797,-0.862078857421892
621,2020-05-20,198.64338287944415,203.71695321089757,197.783454815031,202.8570251464844,628322,0.0,0.0,224.36041870117188,229.92488318362072,48.671824162710955,205.08164719246196,212.95139809847933,-7.869750906017373,-9.12251575646142,205.50348358154298,8.819383823427687,223.14225122839835,187.8647159346876,2593280.45,186.08843994140625,226.5050506591797,-1.2834442138671704
620,2020-05-19,201.008220461954,201.9971326616307,197.09554445540724,198.34243774414065,776534,0.0,0.0,227.26955505371095,231.02969371574875,46.4983616866449,205.48612392809426,213.75894793463894,-8.272824006544681,-9.435706969072431,206.78692779541015,10.177200674693461,227.14132914479708,186.43252644602322,2626046.15,186.08843994140625,228.52590942382807,-2.3175056457519645
619,2020-05-18,199.5893503129896,204.4049405976326,193.5268535796747,197.09555053710935,2104332,0.0,0.0,230.072060546875,232.3638674288756,41.185410949096195,206.78497596154037,214.9922687498788,-8.207292788338435,-9.726427709704367,209.10443344116212,13.030415920148425,235.16526528145897,183.04360160086526,2657620.25,186.08843994140625,244.6925506591797,-2.8119659423828125
618,2020-05-15,210.68240697237212,211.5423351640961,207.24269420547628,209.73648071289065,681363,0.0,0.0,232.8461883544922,233.80339056731506,68.21196317648642,208.54668967507328,216.42400620690034,-7.877316531827063,-10.10621144004585,211.91639938354493,16.02632404896228,243.9690474814695,179.86375128562037,2629146.45,186.08843994140625,253.3348693847656,-1.8122962951660213
617,2020-05-14,207.4576922579244,211.41336749360408,205.3508706499605,209.9084930419922,837127,0.0,0.0,235.83701782226564,234.78571341851605,42.10958220406362,208.33036403183377,216.9590082464211,-8.628644214587325,-10.663435167100548,213.72869567871095,17.726089357157168,249.18087439302528,178.27651696439662,2658722.1,186.08843994140625,253.3348693847656,-1.651059722900328
616,2020-05-13,216.7018713453796,219.0236744855022,208.48955573954623,210.25241088867188,1531018,0.0,0.0,238.96199676513672,235.80111016857825,44.10477734694023,208.04343148453225,217.52304946277542,-9.47961797824317,-11.172132905228853,215.37975540161128,18.853527723856356,253.086810849324,177.67269995389856,2761397.1,186.08843994140625,253.3348693847656,-1.5844192504882812
615,2020-05-12,204.5769165897854,206.984718210074,198.2134530632385,205.6088409423828,879569,0.0,0.0,242.00528289794923,236.84391422081933,39.5037388780277,207.64179886559776,218.1047005487037,-10.46290168310594,-11.595261636975273,216.96417465209956,19.71193355938621,256.38804177087195,177.54030753332714,2767124.8,186.08843994140625,253.3348693847656,-2.0595291137695426
614,2020-05-11,207.24270103142507,212.01530527698085,204.66291637128285,205.1358795166016,923178,0.0,0.0,245.22055358886718,238.11881517095958,34.15977426151056,208.01142757890958,219.10436931720938,-11.0929417382998,-11.878351625442606,219.0237037658691,20.595108538131164,260.2139208421314,177.8334866896068,2859717.45,186.08843994140625,253.3348693847656,-1.4833747863769986
613,2020-05-08,203.80297904563156,214.8960473400365,202.90005183063047,206.98471069335935,3069177,0.0,0.0,248.71358123779297,239.46505744256604,32.39710584137619,208.53425449932922,220.221848501258,-11.687594001928773,-12.074704097228308,220.5070785522461,20.610587178102488,261.72825290845105,179.28590419604112,2923384.15,186.08843994140625,253.3348693847656,-1.1931518554687557
612,2020-05-07,198.47139318423163,205.5228004498507,197.9554311144344,201.3091583251953,825175,0.0,0.0,251.9572299194336,240.79078588130918,33.24734528445522,208.8159897367783,221.2808195258899,-12.464829789111604,-12.17148162105319,221.70023040771486,20.476857995166206,262.65394639804725,180.74651441738246,2881344.9,186.08843994140625,253.3348693847656,-0.7373893737792798
611,2020-05-06,200.36327327299995,201.73916365994057,194.34377579269523,198.94439697265625,800769,0.0,0.0,254.67202270507812,242.40228088359953,33.5900036456285,210.18086817524795,222.87855242194547,-12.69768424669752,-12.098144579038586,222.43761978149413,19.963003323831607,262.36362642915736,182.5116131338309,2911149.65,186.08843994140625,253.3348693847656,-1.1781021118164006
610,2020-05-05,206.38274998945064,208.10260623936276,199.0303618967841,199.6323089599609,702933,0.0,0.0,257.2113909912109,244.17607206363803,34.25095312914104,212.2238629393555,224.7932848578886,-12.569421918533095,-11.948259662123853,223.61572189331054,19.183632358546365,261.98298661040326,185.2484571762178,2989209.15,186.08843994140625,253.3348693847656,-0.7330894470214844
609,2020-05-04,201.22318314747253,208.05960918139556,198.643398748146,203.02903747558597,1504316,0.0,0.0,259.9906790161133,245.99418484337994,33.88219162133957,214.51323639015456,226.80616292972283,-12.29292653956827,-11.79296909802154,224.34881134033202,18.486358319008325,261.3215279783487,187.37609470231536,3054166.6,186.08843994140625,253.3348693847656,0.30527420043944176
608,2020-04-30,208.9625555809508,216.9598905793292,206.85573408518857,212.18728637695312,3016637,0.0,0.0,262.75276916503907,247.7478643277797,41.842443370298305,216.60127255643977,228.70833296605377,-12.107060409614007,-11.667979737634857,224.04353713989258,18.9026753872421,261.84888791437675,186.23818636540838,3087533.75,186.08843994140625,253.3348693847656,0.18058624267578693
607,2020-04-29,203.71699420438443,208.0166353916569,200.4492773992282,204.31895446777344,1488053,0.0,0.0,265.39532775878905,249.1993164890379,40.153206613028736,217.40381549816462,230.0300166931818,-12.626201195017188,-11.55820956964007,223.8629508972168,19.038668350726564,261.9402875986699,185.78561419576366,3038839.9,186.08843994140625,253.3348693847656,-0.7567359924316577
606,2020-04-28,209.564502463908,210.59641369314767,197.78348859370595,202.0401306152344,2831680,0.0,0.0,268.2227700805664,251.03116800010991,45.23949248947524,219.78288114005392,232.0869016712145,-12.304020531160575,-11.29121166329579,224.61968688964845,18.514528996236756,261.64874488212195,187.59062889717495,3045198.95,186.08843994140625,253.3348693847656,0.06234436035157387
605,2020-04-27,186.60440208454827,211.3273355404504,180.15494118300856,207.07069396972656,12446230,0.0,0.0,270.8558694458008,253.03080217908442,44.80762864066332,223.0088357809302,234.4906433556929,-11.481807574762684,-11.038009446329593,224.55734252929688,18.596481283094313,261.7503050954855,187.36437996310826,2961240.65,186.08843994140625,253.3348693847656,1.1136062622070426
604,2020-04-24,218.42174250581195,218.42174250581195,183.59465364169628,186.08843994140625,13651391,0.0,0.0,273.2327117919922,254.90672496313982,39.62025745774847,225.9066797466036,236.6842393065702,-10.77755955996659,-10.927059914221319,223.44373626708983,20.288612367949398,264.02096100298866,182.86651153119104,2425858.25,184.79856872558597,253.3348693847656,-0.6169990539550838
603,2020-04-23,224.44122851908293,233.5994573077714,222.9363543815029,226.5050506591797,1080708,0.0,0.0,275.7428424072266,257.71563455586363,63.10972661564206,233.14635971118494,240.7319032557833,-7.585543544598352,-10.964435002784999,224.06073532104492,19.254066038352967,262.56886739775086,185.55260324433897,1774859.8,184.79856872558597,253.3348693847656,0.30312271118162926
602,2020-04-22,226.2471154040372,227.8809737407631,215.9279769704932,223.0223846435547,2087097,0.0,0.0,277.40336456298826,258.9895359394017,55.97015386536197,234.35387044791315,241.8700514635116,-7.516181015598448,-11.809157867331662,223.7576126098633,19.261279272617767,262.2801711550988,185.23505406462775,1860155.9,184.79856872558597,253.3348693847656,1.0555625915527287
601,2020-04-21,238.8880332956408,238.8880332956408,225.73114289277476,228.52590942382807,1283636,0.0,0.0,279.12580017089846,260.45758293106894,53.58964804232628,236.41414059416013,243.37786480910816,-6.96372421494803,-12.882402080264963,222.70205001831056,19.872467831833898,262.44698568197833,182.95711435464275,1908712.1,184.79856872558597,253.3348693847656,1.3414878845214844
600,2020-04-20,257.0755373208944,257.1185232322916,243.05869238220836,244.6925506591797,1408016,0.0,0.0,280.46900817871096,261.76091654360937,67.03366502084015,237.84836444331143,244.56602123993056,-6.7176567966191385,-14.362071546594196,221.36056213378907,20.358268986378008,262.0771001065451,180.64402416103306,1986114.5,184.79856872558597,253.3348693847656,0.4837089538574446
599,2020-04-17,254.5387636941932,256.9035663974331,247.96031778649296,253.3348693847656,1534856,0.0,0.0,281.7778189086914,262.4575845388922,75.15780778441106,236.6039669495172,244.55589888639062,-7.951931936873422,-16.273175234087958,220.87685317993163,19.884135159319186,260.64512349857,181.10858286129326,2010120.85,184.79856872558597,253.3348693847656,0.7072937011718636
598,2020-04-16,240.7798524444896,249.3791328889357,238.5870464283244,245.9824066162109,1272876,0.0,0.0,282.8856399536133,262.8299402594688,66.68675968352052,233.56198468856292,243.8535812465206,-10.29159655795769,-18.35348605839159,220.16955947875977,18.895842256922517,257.9612439926048,182.37787496491472,2027953.0,184.79856872558597,246.79942321777344,-0.7502891540527798
597,2020-04-15,245.07950774336285,259.655299490532,240.95186337327536,242.9296875,2890627,0.0,0.0,284.2232360839844,263.5175946938875,56.96403347392007,231.30372615626328,243.6832752169454,-12.379549060682109,-20.36895843350006,220.91984863281255,20.225834257273643,261.37151714735984,180.46818011826525,2166428.75,184.79856872558597,260.9881896972656,0.17198486328123863
596,2020-04-13,249.3791693209782,251.78695770001076,232.4385738733831,241.9407958984375,1645572,0.0,0.0,285.5400134277344,264.35791743649514,61.18183234838496,229.1899150028566,243.74356223430104,-14.553647231444444,-22.366310776704548,220.7478637695313,20.042623834074416,260.83311143768015,180.66261610138247,2184401.35,184.79856872558597,260.9881896972656,-0.7137420654296704
595,2020-04-09,240.56494301453705,255.14073826272357,240.04898078361435,246.79942321777344,2731422,0.0,0.0,286.952470703125,265.27290198906894,62.93465093235412,226.87157302184187,243.8877835411701,-17.01621051932824,-24.31947666301957,221.46160583496098,21.065140396553964,263.5918866280689,179.33132504185306,2258859.0,184.79856872558597,260.9881896972656,-0.4192115783691577
594,2020-04-08,226.16110767245812,248.9492040729149,225.55914745904963,234.80337524414065,2196512,0.0,0.0,288.1500650024414,266.02692153075446,49.94506338570183,223.24832753167252,243.65485236704185,-20.40652483536934,-26.145293198942404,221.88081741333013,21.6706440864739,265.22210558627796,178.53952924038234,2313143.55,184.79856872558597,260.9881896972656,-3.0634933471679062
593,2020-04-07,224.4412718821086,236.91023143111465,218.63675622998508,230.8477478027344,2228392,0.0,0.0,289.37010650634767,267.30135199143257,47.870954575337535,221.14740976576923,244.36297053687395,-23.21556077110472,-27.57998528983567,224.94431076049804,27.215072304793104,279.37445537008426,170.51416615091182,2511946.45,184.79856872558597,296.0732421875,-5.021978759765631
592,2020-04-03,222.29142483383865,224.61324131573315,212.53123516798465,216.05694580078125,1421270,0.0,0.0,290.66073333740235,268.78925420321616,38.927743169984915,219.38371194086648,245.44418835560512,-26.060476414738645,-28.671091419518405,229.96628952026367,36.15909532528668,302.284480170837,157.64809886969033,2492283.7,184.79856872558597,331.2873229980469,-6.135588073730474
591,2020-04-01,214.81008383938183,226.76309463015355,208.9625689962636,222.5064392089844,2361959,0.0,0.0,292.1192514038086,270.9415933216829,46.103775448780254,219.98857851179108,247.79516775999105,-27.80658924819997,-29.32374517071334,236.10187759399415,43.367287432958825,322.8364524599118,149.36730272807648,2527682.5,184.79856872558597,338.7687072753906,-6.290370178222645
590,2020-03-31,206.4687594057938,216.61590134117293,199.7613170379518,214.29409790039065,2002082,0.0,0.0,293.4675411987305,272.91853838750734,40.74424943917099,219.53078565775593,249.81826604407155,-30.28748038631562,-29.703034151341683,242.3922477722168,49.92047613403951,342.2332000402958,142.55129550413778,2528994.5,184.79856872558597,348.3138427734375,-6.208680725097651
589,2020-03-30,197.7834816478746,220.1416143558952,193.65582375440903,196.92355346679688,2171659,0.0,0.0,295.08327056884764,275.3113726931039,36.13670457867735,220.48291070454962,252.66019949556605,-32.17728879101642,-29.556922592598198,248.60092849731444,53.812080116235116,356.22508872978466,140.97676826484422,2540109.45,184.79856872558597,348.3138427734375,-6.943919372558611
588,2020-03-27,232.1805850454307,238.5010617758075,202.72804786837145,208.5755615234375,2042760,0.0,0.0,297.0890530395508,278.5108755186675,31.72266416570598,224.76643020232285,257.1191311778676,-32.352700975544735,-28.901831042993642,255.54484786987305,55.719298610075455,366.98344509002396,144.10625064972214,2569205.65,184.79856872558597,348.3138427734375,-7.535119628906244
587,2020-03-26,206.6837484017865,220.87256372122823,201.2231990757192,219.45367431640625,1615234,0.0,0.0,298.90784942626954,281.36537813071766,28.795056306531762,227.7102245075747,261.002616750222,-33.29239224264728,-28.03911355985587,263.0799674987793,59.119436391854116,381.31884028248754,144.84109471507105,2592291.9,184.79856872558597,359.2779541015625,-7.3351882934570085
586,2020-03-25,182.30478630637717,203.24404413307715,178.86507335720023,200.79324340820312,1152514,0.0,0.0,300.5295510864258,283.8923864496691,22.680080710499908,229.2114154514235,264.3265321449272,-35.11511669350372,-26.725793889158016,270.4151557922363,62.43002803103759,395.27521185431146,145.55509973016115,2859660.55,184.79856872558597,366.1574401855469,-8.081173706054699
585,2020-03-24,206.3827722373248,206.3827722373248,178.60708818275884,184.79856872558597,1738582,0.0,0.0,302.37094940185546,287.2841882064636,16.774443710035513,234.3783558229181,269.40919524386516,-35.030839420947046,-24.628463188071585,278.496329498291,63.39667470437151,405.28967890703404,151.70298008954796,2894483.1,184.79856872558597,366.1574401855469,-9.078690338134777
584,2020-03-23,198.64340305844985,206.72672243648583,198.4284210205078,198.4284210205078,631422,0.0,0.0,304.51774353027344,291.4672747158872,21.100273661470595,243.3928625678876,276.1780453653275,-32.78518279743989,-22.027869129852718,287.5750198364258,62.26349172236823,412.10200328116224,163.04803639168932,2912933.7,198.4284210205078,366.3723754882813,-9.067942047119118
583,2020-03-20,204.2759438626884,222.0764547455934,200.36326797956733,220.44259643554688,2786630,0.0,0.0,306.3962045288086,295.26477894835165,24.12729734243372,251.56821557650207,282.39801531291306,-30.82979973641099,-19.338540712955925,296.6429618835449,61.80169291068774,420.24634770492037,173.03957606216943,3088834.4,201.69615173339844,379.7872619628906,-7.43622741699221
582,2020-03-19,191.763977989652,217.30384149223244,183.2506945292793,201.9111328125,3058221,0.0,0.0,307.63993682861326,298.3187455815273,15.471703394162446,257.2274190566757,287.35444882310236,-30.12702976642663,-16.465725957092157,304.0791893005371,61.09390853074119,426.2670063620195,181.89137223905473,3298636.3,201.69615173339844,379.7872619628906,-6.7568832397461165
581,2020-03-18,239.91995566591584,244.21959644845916,198.68640318561813,201.69615173339844,2831684,0.0,0.0,309.42912994384767,302.25375018434477,14.940423211738391,267.28492564652583,294.18991410395057,-26.904988457424736,-13.05040000475854,310.8360725402832,56.499846955891535,423.8357664520663,197.83637862850014,3246019.65,201.69615173339844,379.7872619628906,-6.210832977294899
580,2020-03-17,244.26259992945688,250.8410717942917,229.94480034226208,235.01837158203125,1888143,0.0,0.0,311.17742126464844,306.3581419578528,18.92176880016092,279.2101572670945,301.5894150935947,-22.379257826500236,-9.586752891591992,317.0469055175781,50.36535893197059,417.77762338151933,216.31618765363694,3161113.2,235.01837158203125,379.7872619628906,-5.178916931152344
579,2020-03-16,245.07950808493663,253.54980510417604,237.34015519804387,239.18899536132807,1891499,0.0,0.0,312.5210894775391,309.2699693201312,18.941634751606543,287.24502739165143,306.9150985745198,-19.670071182868355,-6.388626657864931,322.22582244873047,46.676945914070934,415.5797142768723,228.8719306205886,3125325.35,239.18899536132807,379.7872619628906,-5.097227478027321
578,2020-03-13,218.937709027576,268.2975788650638,191.5919916343444,260.9881896972656,4042391,0.0,0.0,313.77025817871095,312.13041723681704,19.750397778965123,295.9824877608011,312.3331868315751,-16.350699070774,-3.0682655266140744,327.3230499267578,42.51238895252214,412.3478278318021,242.2982720217135,3096944.3,239.489990234375,379.7872619628906,-4.166351318359375
577,2020-03-12,233.2125252245037,247.40133972671984,221.86146312556104,239.489990234375,3250079,0.0,0.0,314.6013519287109,314.21785509557424,15.044064478181639,302.34508740871667,316.44078660231986,-14.095699193603195,0.25234285942590695,331.48940124511716,39.656426728632646,410.80225470238247,252.17654778785186,3018367.9,239.489990234375,379.7872619628906,-5.310054016113327
576,2020-03-11,254.88273264972796,267.43769057481614,251.0990535300525,256.21563720703125,3134725,0.0,0.0,315.85814575195315,317.26797202868437,29.880167045124637,313.7732868949606,322.5968503117554,-8.823563416794798,3.839353372683183,336.7994552612305,33.2881152717921,403.3756858048147,270.2232247176463,3101078.85,255.18365478515625,379.7872619628906,-3.8739730834960824
575,2020-03-09,272.5971982035199,282.91633504403165,250.45405039992167,255.18365478515625,3817113,0.0,0.0,316.92711364746094,319.7599040622212,33.2382102786996,324.2383141109478,327.9073473601334,-3.6690332491855884,7.005082570052679,340.6734283447266,27.404960841683046,395.4833500280927,285.8635066613605,3163017.45,255.18365478515625,379.7872619628906,-3.5364578247070426
574,2020-03-06,300.5018930143282,305.1024874770412,279.5196258233412,296.0732421875,6172570,0.0,0.0,318.0030755615234,322.3956693388361,38.36743021713712,336.7937067156372,333.72524276613154,3.068463949505656,9.673611524862245,344.2098861694336,19.096499334634718,382.4028848387031,306.01688750016416,3142519.15,296.0732421875,379.7872619628906,-0.7760864257812159
573,2020-03-05,341.6064608980509,342.63838518522124,329.35248464179614,331.2873229980469,1835137,0.0,0.0,318.0216003417969,323.47005412052334,46.720120752531926,344.1974275389349,336.7374028124221,7.460024726512813,11.324898418701393,344.98597259521483,17.264809758797256,379.5155921128094,310.4563530776203,2879974.55,311.594970703125,379.7872619628906,1.0878082275390284
572,2020-03-04,349.99075920481243,351.1946533736396,335.371980564808,338.7687072753906,2129246,0.0,0.0,317.2249743652344,323.15098192144075,48.09791367876229,346.5447192736418,337.1734091975721,9.371310076069733,12.291116841748536,343.8981643676758,18.791268653879733,381.4807016754353,306.3156270599163,2840812.15,309.5311584472656,379.7872619628906,1.4812271118164517
571,2020-03-03,344.8311447019207,355.96722333846543,339.67157645201667,348.3138427734375,2388199,0.0,0.0,316.3631524658203,322.51352374372846,50.952824948640824,347.95853963696027,337.0457853513466,10.912754285613687,13.021068533168236,342.41693725585935,20.32210649949493,383.0611502548492,301.7727242568695,2796881.7,309.1441650390625,379.7872619628906,2.631376647949196
570,2020-03-02,350.8506720496283,354.29038452070307,332.7921815764857,338.4677124023437,2224381,0.0,0.0,315.3104278564453,321.46044949761784,51.707172659911855,347.8939390666917,336.1443407575793,11.7495983091124,13.548147095056873,339.78556060791016,22.77725946279747,385.3400795335051,294.2310416823152,2754472.35,295.6863098144531,379.7872619628906,1.4167312622070085
569,2020-02-28,346.5510427399268,350.85068346871,332.7921924078205,335.80194091796875,2753583,0.0,0.0,314.30367370605467,320.7662755015066,53.412451408579884,349.60779846020955,335.95847102599816,13.649327434211386,13.99778429154299,338.36882934570315,23.725022691445794,385.8188747285947,290.9187839628116,2688478.35,295.6863098144531,379.7872619628906,1.3538009643555142
568,2020-02-27,367.1893032160327,370.371047722334,356.0102377785423,359.2779541015625,2504485,0.0,0.0,313.33061950683594,320.15257487226324,67.56414355133666,352.1179543769806,335.97099343464055,16.14696094234006,14.084898505875891,337.01502838134763,24.634288099325975,386.2836045799996,287.7464521826957,2595414.75,295.6863098144531,379.7872619628906,2.3207870483398096
567,2020-02-26,359.7079782782656,382.1951231226618,358.8910621824332,366.1574401855469,6962607,0.0,0.0,312.00232360839846,318.5556206180061,71.62564910862508,350.8161362452385,334.1064365812868,16.70969966395171,13.56938289675985,334.6942413330078,24.61291319750265,383.9200677280131,285.4684149380025,2515857.65,295.6863098144531,379.7872619628906,2.869444274902378
566,2020-02-25,368.73716823192353,376.9064853912668,357.60111479730983,362.4167175292969,1848965,0.0,0.0,310.5227941894531,316.6126892070861,70.87970749857843,348.02680825609156,331.54235629294595,16.484451963145602,12.784303704961882,331.82479705810545,24.091545320166965,380.0078876984394,283.6417064177715,2242122.95,295.6863098144531,379.7872619628906,2.4926528930664062
565,2020-02-24,373.5957928968392,379.0563156203911,363.40563913533896,366.3723754882813,2107594,0.0,0.0,309.2059210205078,314.7431370306693,75.78421613563316,345.4104611155088,329.07240739403784,16.338053721470942,11.859266640415951,329.33214416503904,23.3266371444404,375.98541845391986,282.6788698761582,2328467.9,295.6863098144531,379.7872619628906,2.9846618652343295
564,2020-02-20,373.0368207410009,389.4614536443785,369.7691042702015,379.7872619628906,4149436,0.0,0.0,307.8286962890625,312.6358211752565,75.21796968223804,341.59920395682286,326.08840994649836,15.510794010324503,10.739569870152202,326.3474822998047,22.125864625888607,370.5992115515819,282.0957530480275,2367290.65,295.6863098144531,379.7872619628906,4.199090576171898
563,2020-02-19,339.88660172718266,373.8537636961231,339.84361581679684,369.1671447753906,6982668,0.0,0.0,306.0970379638672,309.8949460410674,73.44658826426361,334.6559206829923,321.792501785187,12.863418897805275,9.546763835109125,322.1483917236328,19.229749772301908,360.60789126823664,283.688892179029,2238495.8,295.6863098144531,369.1671447753906,3.6894027709960824
562,2020-02-18,323.9348953152127,339.49957146769503,320.1511910365668,337.0487976074219,2005888,0.0,0.0,304.33301818847656,307.47567262333985,61.98432586522567,328.3811526661926,318.00253034597074,10.378622320221837,8.717600069435088,318.45898895263673,16.637751626322867,351.73449220528244,285.183485699991,1949480.8,295.37908935546875,345.6910705566406,2.403297424316463
561,2020-02-17,338.55376722714266,338.55376722714266,325.05288301734623,325.9128112792969,1133555,0.0,0.0,303.36743530273435,306.2686062974589,59.13221500140938,326.8052172223327,316.4788289650546,10.326388257278097,8.3023445067384,316.05569152832027,17.27064114824507,350.5969738248104,281.51440923183014,1880694.85,288.9828491210937,345.6910705566406,1.7995941162109261
560,2020-02-14,342.55238495701127,348.2709019252232,336.8338679887993,338.5967102050781,1172386,0.0,0.0,302.65953674316404,305.46680201248597,65.31750224361954,326.96747284833924,315.72411037991526,11.243362468423982,7.796333569103474,314.25609741210934,18.047186824180084,350.3504710604695,278.1617237637492,1861856.15,288.9828491210937,345.6910705566406,2.175807189941395
559,2020-02-13,345.3471880692589,346.3361003013601,337.3928518115616,341.133544921875,1323878,0.0,0.0,301.8540277099609,304.1145608617679,69.50415650287121,324.8530660562049,313.89430239390225,10.958763662302658,6.9345763442733475,312.08029022216795,17.57520818583561,347.23070659383916,276.92987385049673,1846237.6,288.9828491210937,345.6910705566406,2.196043395996128
558,2020-02-12,348.7868528124413,353.9464215633859,341.0474996860244,344.3152160644531,2470863,0.0,0.0,300.98669677734375,302.60358192053906,75.26081329505783,321.89297898971944,311.7151629916644,10.177815998055053,5.928529514766019,309.8842468261718,16.462674040980264,342.80959490813234,276.9588987442113,1813983.8,288.9828491210937,345.6910705566406,2.239991760253872
557,2020-02-11,336.2318621583246,351.19460473980394,331.20127789790865,345.6910705566406,4904298,0.0,0.0,300.15380798339845,300.9010662411956,76.46095803189459,317.81620861249513,309.1071587458413,8.709049866653856,4.86620789394376,307.64425506591795,14.456911608823935,336.5580782835658,278.7304318482701,1759892.7,288.9828491210937,345.6910705566406,2.2576156616211165
556,2020-02-10,328.4925442105781,343.11132235607505,328.4925442105781,333.6950988769531,4373497,0.0,0.0,299.248203125,299.0729027997489,74.9876778272863,312.7480518953777,306.1804458009773,6.567606094400446,3.9054974007662357,305.38663940429683,11.406450002894099,328.19953941008504,282.5737393985086,1619147.3,288.9828491210937,333.6950988769531,2.041596984863304
555,2020-02-07,312.92788927525646,328.2776139996612,309.5741743022345,325.9128112792969,3407147,0.0,0.0,298.7164129638672,297.6597519394548,71.78042251044897,308.93949789872767,303.9792735548992,4.960224343828486,3.239970227357683,303.3450424194335,9.581070278504173,322.50718297644187,284.1829018624252,1426630.1,288.9828491210937,325.9128112792969,1.6887268066406023
554,2020-02-06,310.4340624509148,313.7877769905808,307.1663459749171,311.594970703125,921678,0.0,0.0,298.46989990234374,296.506565843951,61.23945932024557,305.8534409204424,302.2245905369474,3.628850383494978,2.809906698239982,301.6563156127929,8.282488574664855,318.22129276212263,285.0913384634632,1303896.15,288.9828491210937,312.8622131347656,0.9621749877929915
553,2020-02-05,311.5519686730468,317.3134979680101,307.5963200450217,309.5311584472656,1051889,0.0,0.0,298.56091247558595,295.8907125843929,58.375989488615836,304.8095264145001,301.4749601236532,3.334566290846908,2.6051707769262324,300.69414062499993,8.184325126992087,317.0627908789841,284.32549037101575,1343036.05,288.9828491210937,312.8622131347656,1.3450973510741733
552,2020-02-04,297.53513519753994,312.06791545426853,295.81527892472184,309.1441650390625,1250637,0.0,0.0,298.70855224609375,295.33395969203076,56.38088751116345,303.9510478630882,300.8304642577642,3.1205836053239864,2.422821898446063,299.34904327392576,8.839931600135486,317.02890647419673,281.6691800736548,1369483.55,282.62921142578125,312.8622131347656,0.8886688232421989
551,2020-02-03,288.0329542643288,300.37290264768285,280.76655064928286,295.6863098144531,1540012,3.0,0.0,298.8716064453125,294.7702778411315,46.149811685704734,303.00684474018374,300.1653681952603,2.8414765449234096,2.248381471726582,298.46037445068356,8.695603593703977,315.8515816380915,281.06916726327563,1355082.25,282.62921142578125,312.8622131347656,0.32877960205081536
550,2020-01-31,309.834590044964,314.6957543850609,303.6089120896523,310.1330871582031,904501,0.0,0.0,299.3984820556641,294.7328887809959,65.35253803402128,304.3378510903165,300.5236928657249,3.8141582245916084,2.100107703427375,298.13159484863274,8.927236975033837,315.98606879870044,280.27712089856504,1352320.15,282.62921142578125,312.8622131347656,0.3965652465819858
549,2020-01-30,314.6957598944395,314.6957598944395,305.39987408929346,308.7259216308594,892311,0.0,0.0,299.6901513671875,294.1043092553956,64.92708154827028,303.2841718052462,299.75494132232666,3.5292304829195587,1.6715950731363165,297.73502960205076,8.533528201958108,314.802086005967,280.6679731981345,1415300.55,282.62921142578125,312.8622131347656,0.35392456054688637
548,2020-01-29,311.2844647519691,315.46334688170896,307.9584167722346,312.8622131347656,913343,0.0,0.0,299.6824755859375,293.5075087502746,69.8596783191656,302.29476274604383,299.03726289764404,3.257499848399789,1.2071862206905057,297.3811050415039,8.19371674734355,313.768538536191,280.99367154681676,1405639.15,282.62921142578125,312.8622131347656,0.5159667968750341
547,2020-01-28,315.5485957361872,317.93652064470007,307.0202553108848,308.7685546875,1487913,0.0,0.0,299.65091918945313,292.7175208162138,72.82204044656413,300.3734081299126,297.9312668786743,2.442141251238297,0.6946078137631848,296.86513824462884,7.459566933462984,311.7842721115548,281.9460043777029,1430221.75,282.62921142578125,312.56365966796875,0.3219436645507585
546,2020-01-27,304.7175764908346,318.8746260357881,302.4149403165045,312.56365966796875,3575864,0.0,0.0,299.4718243408203,292.0623765765694,67.03217249180332,298.8470178467149,297.0642838539682,1.782733992746671,0.25772445439440667,296.5431945800781,7.046292762658094,310.63578010539425,282.4506090547619,1437263.9,282.62921142578125,312.56365966796875,0.14498138427734375
545,2020-01-24,297.21267475789824,309.0670631799717,297.21267475789824,306.6791381835937,2884049,0.0,0.0,299.3234307861328,291.2255895116143,64.99273388302326,296.3530829701233,295.82433378884815,0.5287491812751455,-0.12352793019365949,296.39821319580074,6.721666744723653,309.84154668524803,282.95487970635344,1345097.9,282.62921142578125,309.6640319824219,-0.11513061523442047
544,2020-01-23,296.53036447693967,301.43415951830184,291.15749516359176,295.8054504394531,1573539,0.0,0.0,299.30040283203124,290.59483242296204,44.740478055777366,294.47561838585597,294.9559494372685,-0.4803310514125201,-0.2865972080608607,296.51334381103516,6.923712738920415,310.360769288876,282.6659183331943,1560775.55,282.62921142578125,309.6640319824219,-0.05970153808596024
543,2020-01-22,290.81642181380766,298.23608873399905,290.81642181380766,295.37908935546875,1202368,0.0,0.0,299.54516662597655,290.3821541365746,44.85654745300175,294.2338307397474,294.8879893570937,-0.6541586173462974,-0.2381637472229458,296.5730453491211,6.9224352833615495,310.4179159158442,282.728174782398,1547682.95,282.62921142578125,309.6640319824219,0.1961532592773665
542,2020-01-21,290.00623445757026,293.3323083738071,288.1300149941473,288.9828491210937,630169,0.0,0.0,299.1852691650391,290.17819759702786,37.76929246952744,294.0256019005254,294.8487013572237,-0.8230994566983441,-0.1341650296921079,296.37689208984375,7.01303653583189,310.40296516150755,282.35081901817995,1525926.55,282.62921142578125,309.6640319824219,-0.33473815917966476
541,2020-01-20,296.78623225029673,298.3213230410201,289.11072624382354,289.9209289550781,756781,0.0,0.0,298.8458410644531,290.22698733073946,38.659411397206476,294.94246604224026,295.3179695361141,-0.3755034938738504,0.038068577059451145,296.7116302490234,6.798014709013539,310.3076596670505,283.11560083099636,1563868.75,282.62921142578125,309.6640319824219,-0.28783416748046875
540,2020-01-17,298.0654854305907,301.26361295667,294.3983096112578,295.08056640625,860015,0.0,0.0,298.7673797607422,290.23947950933785,37.18144122713697,295.85547278536063,295.749732782597,0.10574000276363904,0.14146159479277653,296.9994644165039,6.61475891505444,310.22898224661276,283.769946586395,1626172.15,282.62921142578125,309.6640319824219,0.3475280761718409
539,2020-01-16,300.1975962831779,301.6900559237903,296.3598429216032,297.2126770019531,678802,0.0,0.0,298.57719848632814,290.04188412579043,39.38467568744484,295.9963648542899,295.80326609270475,0.19309876158513362,0.1503919928000609,296.65193634033204,6.89742630167239,310.44678894367684,282.85708373698725,1627172.6,282.62921142578125,309.6640319824219,0.5031723022461279
538,2020-01-15,301.00784070642914,305.0588031484331,297.4685579622677,299.515380859375,1389041,0.0,0.0,298.2991748046875,289.7491987022736,51.93192145114505,295.77521719107835,295.6905132199649,0.08470397111346983,0.13971530060379272,296.1487640380859,7.214162366485575,310.57708877105705,281.7204393051148,1645899.15,282.62921142578125,309.6640319824219,0.332611083984375
537,2020-01-14,293.2470355565082,302.20179437194463,291.1575814223329,300.53875732421875,2089390,0.0,0.0,298.2053631591797,289.3505790223919,56.52176580693823,295.09518743320626,295.3845238088121,-0.289336375605842,0.15346813297637346,295.81615295410154,7.204118420629771,310.2243897953611,281.407916112842,1617301.75,282.62921142578125,309.6640319824219,0.4178894042968295
536,2020-01-13,293.37486473043265,294.2276986395328,290.90165159932747,292.8631591796875,523153,0.0,0.0,298.2650592041016,288.89391868354187,47.87363747621722,294.1054474530222,294.97218512757956,-0.8667376745573847,0.2641692601219273,295.3982635498047,7.158013763304002,309.71429107641274,281.0822360231967,1547179.15,282.62921142578125,309.6640319824219,-0.1854949951171534
535,2020-01-10,294.0571516389771,296.5730223397054,289.36656465732824,292.1382751464844,952468,0.0,0.0,298.5848724365234,288.7319088673726,47.29636293361767,294.33131804817396,295.1409072034109,-0.8095891552369494,0.5468959937917554,295.58375854492186,7.136899231563042,309.85755700804793,281.3099600817958,1580058.9,282.62921142578125,309.6640319824219,-0.26864318847657387
534,2020-01-09,288.25787835165903,294.5688444475638,286.0831621651981,292.3514709472656,1704476,0.0,0.0,298.7767590332031,288.5928735090415,52.899775990528134,294.7300531212084,295.381117767965,-0.6510646467565948,0.8860172810489315,295.85240173339844,7.101413269942833,310.0552282732841,281.64957519351276,1592817.95,282.62921142578125,309.6640319824219,-0.04264373779295738
533,2020-01-08,285.8699965745247,291.5413380517871,281.86166595222625,282.62921142578125,1580839,0.0,0.0,298.4381854248047,288.4394613687058,46.47138311528041,295.16252260737986,295.62348951362094,-0.46096690624108305,1.270287763000313,295.8950454711914,7.081817536489961,310.0586805441713,281.7314103982115,1593775.25,282.62921142578125,309.6640319824219,0.08315277099609375
532,2020-01-07,293.4602426984165,297.042130591627,289.32399177432234,291.37078857421875,962611,0.0,0.0,298.4177185058594,288.6766144276006,48.77715407128525,297.4413064585796,296.66303176064815,0.7782746979314652,1.703101430310662,295.8118927001953,7.2534628857490935,310.3188184716935,281.3049669286971,1603974.15,280.9661560058594,309.6640319824219,0.13005676269528976
531,2020-01-06,299.3020941940161,300.0696395668902,288.25788379770466,289.1107177734375,1484770,0.0,0.0,297.98191955566404,288.56664813590186,47.417461233424994,298.54503698300886,297.0864112155625,1.4586257674463354,1.9343081134054612,295.6818359375,7.3598240370098305,310.4014840115197,280.9621878634803,1620956.1,280.9661560058594,309.6640319824219,-0.0703582763671875
530,2020-01-03,301.86065377639954,310.43162645899383,299.6432798106917,302.2017822265625,2164109,0.0,0.0,297.6433441162109,288.5444412119208,55.54624709219108,300.2603677483855,297.72446669093256,2.535901057452918,2.0532286998952425,295.7521942138672,7.300183827628983,310.35256186912517,281.15182655860923,1608486.8,280.9661560058594,309.6640319824219,0.19402618408201988
529,2020-01-02,303.523649816844,304.8029009619218,300.6240190932872,301.6474304199219,699083,0.0,0.0,297.3960211181641,287.98699872152724,54.045094183979586,299.9073832978078,297.36628144808213,2.541101849725692,1.9325606105058235,295.5581680297852,7.170153698814162,309.89847542741353,281.2178606321568,1577857.3,280.9661560058594,309.6640319824219,0.1940216064453466
528,2020-01-01,303.35307994987386,306.5938389074475,290.81640908884447,302.5428771972656,1404995,0.0,0.0,296.6318804931641,287.4294300807764,58.561395674943114,299.5910110937871,297.02378953033497,2.567221563452108,1.7804253007008564,295.36414642333983,7.048172231225686,309.4604908857912,281.26780196088845,1614086.85,280.9661560058594,309.6640319824219,-0.006394958496116487
527,2019-12-31,308.21423134390835,309.32293126390056,300.1975961962271,302.3296813964844,1628756,0.0,0.0,295.5035809326172,286.81255468826663,66.04745373554206,299.0543081658819,296.5822625169805,2.4720456489013714,1.5837262350130432,295.37054138183595,7.055083094446439,309.48070757072884,281.26037519294306,1635875.5,280.9661560058594,309.6640319824219,0.09594268798826988
526,2019-12-30,310.1757375899832,312.9047907862629,307.27608115594523,309.6640319824219,1732544,0.0,0.0,294.08446411132815,286.17920257772715,65.58520283592887,298.45878576031777,296.1224690066202,2.336316753697588,1.3616463815409612,295.2745986938477,6.967973758642384,309.21054621113245,281.3386511765629,1615402.5,280.9661560058594,309.6640319824219,0.12792205810546875
525,2019-12-27,300.11228201609504,314.99424585665537,297.1273629900228,308.98175048828125,7197602,0.0,0.0,292.3387127685547,285.22063811222944,63.55669701155029,296.4214682653897,295.03914396855606,1.3823242968336444,1.1179787885018044,295.1466766357422,6.708556245150465,308.56378912604316,281.72956414544126,1599680.35,280.9661560058594,308.98175048828125,-0.2302703857421875
524,2019-12-26,291.8398452046604,299.1315664933555,290.1768082661845,296.9994812011719,1311687,0.0,0.0,290.6219583129883,284.25079679075793,48.96606579824342,294.13778058850033,293.923735446978,0.21404514152231968,1.0518924114188444,295.3769470214844,7.264446274813455,309.9058395711113,280.8480544718575,1308489.55,280.9661560058594,313.587158203125,-0.957305908203125
523,2019-12-24,296.3598197484941,296.3598197484941,290.6458214463689,291.4560241699219,767240,0.0,0.0,289.24036682128906,283.73044232502673,44.64541868155883,293.6174713861964,293.6776757866425,-0.06020440044608222,1.2613542288929753,296.3342529296875,8.623856216721482,313.5819653631305,279.08654049624454,1325226.45,280.9661560058594,316.1455993652344,-1.272856140136696
522,2019-12-23,295.5923236837983,300.1976229210506,291.7545699816826,295.6776123046875,1389013,0.0,0.0,287.9773205566406,283.4151124538065,44.134510635858035,294.01046178915544,293.85540791598015,0.15505387317529085,1.5917438862277395,297.6071090698242,9.679978072007705,316.96706521383965,278.2471529258088,1378315.45,280.9661560058594,316.91314697265625,-1.080963134765625
521,2019-12-20,288.940201650938,297.55383183208426,287.61831911967136,295.6776123046875,2002849,0.0,0.0,286.56758392333984,282.91460225581136,46.17503992708067,293.7073435136042,293.7096315648836,-0.002288051279379033,1.9509163894908517,298.68807220458984,10.6151129420087,319.91829808860723,277.45784632057246,1394630.1,280.9661560058594,317.296875,-1.3176239013671989
520,2019-12-19,286.55225659804296,292.3515180471928,283.4394173492136,288.1300048828125,880024,0.0,0.0,285.31221099853514,282.39366307014296,34.45131282820705,293.3491128243163,293.55219310569925,-0.2030802813829382,2.439217499683409,300.00569610595704,11.792049326836095,323.5897947596292,276.42159745228486,1470387.9,280.9661560058594,322.03009033203125,-1.8293273925781364
519,2019-12-18,294.2277430606728,294.8673685890656,284.0790232154601,287.14923095703125,1053333,0.0,0.0,284.28198699951173,282.1595266696258,30.128042206675076,294.29804154095336,293.9859681635302,0.3120733774231894,3.0997919449499958,301.8350234985352,12.658805419449404,327.152634337434,276.51741265963636,1770717.0,280.9661560058594,324.716552734375,-1.0596450805663835
518,2019-12-17,293.37486473043265,295.76278926534275,289.96352909403225,292.8631591796875,817093,0.0,0.0,283.16136352539064,281.95586527013984,31.628371118370637,295.59782528348467,294.5329071400501,1.0649181434345678,3.7967215868316972,302.89466857910156,12.245030678952453,327.38472993700645,278.40460722119667,1856073.4,280.9661560058594,324.716552734375,-0.9210617065429574
517,2019-12-16,296.0187227063153,297.3406051569545,291.0722692872126,292.18096923828125,686938,0.0,0.0,281.9605746459961,281.51066960036235,30.51067071704371,296.09503730235684,294.66648697687907,1.4285503254777723,4.479672447680979,303.8157302856445,12.143146122152332,328.1020225299492,279.52943804133986,2119562.9,280.9661560058594,324.716552734375,-0.3816421508789176
516,2019-12-13,299.25948129905527,300.8372295936349,291.6692629936871,296.57305908203125,1180748,0.0,0.0,280.64891540527344,281.07514716616157,32.56809470367111,296.8066860412797,294.8653283959669,1.9413576453127916,5.242452978231781,304.19737243652344,11.875225484388297,327.9478234053,280.44692146774685,2164698.85,280.9661560058594,324.716552734375,-0.42854614257811363
515,2019-12-12,295.89075956045724,298.49189278703034,291.92506073514465,297.5111389160156,1207649,0.0,0.0,279.1581604003906,280.44257933286076,30.613547885516624,296.84916367023396,294.7287099410818,2.1204537291521888,6.067726811461528,304.62591857910155,11.739477943387417,328.1048744658764,281.1469626923267,2268712.3,280.9661560058594,324.716552734375,-0.40083007812501137
514,2019-12-11,282.2454486183329,295.50700812506136,280.07070610285285,293.204345703125,1723622,0.0,0.0,277.74160339355467,279.7459034315075,24.42896864193642,296.72880453463733,294.50611562308706,2.2226889115502786,7.054545082038862,305.02674865722656,11.620017672184476,328.2667840015955,281.7867133128576,2547921.55,280.9661560058594,324.716552734375,-0.7419647216796648
513,2019-12-10,289.1107098400451,291.6265804099908,277.17103450741786,280.9661560058594,1784817,0.0,0.0,276.41885833740236,279.19657925715575,29.18279106767747,297.36961523127593,294.61025721668403,2.7593580145918963,8.262509124661008,305.7687133789062,11.29460419138559,328.3579217616774,283.17950499613505,2964748.65,280.9661560058594,324.716552734375,0.17909698486323578
512,2019-12-09,291.7119155721337,298.23611775205154,286.59491058486213,288.7696533203125,1302250,0.0,0.0,275.28800079345706,279.12435163475965,31.512562715850024,300.35206236316986,295.70178531355003,4.650277049619831,9.638296902178286,305.589616394043,11.728653397943622,329.0469231899302,282.13230959815576,3008107.2,277.3842163085937,324.716552734375,0.8379104614257926
511,2019-12-06,299.8990568618167,302.3296388533704,288.3857984005459,290.51788330078125,1235384,0.0,0.0,273.9686654663086,278.7306658516759,43.4178187304415,302.45795491641667,296.256355873009,6.201599043407668,10.8853018653179,304.7517059326172,13.463802384997745,331.67931070261267,277.82410116262173,3094916.25,272.0114440917969,324.716552734375,0.22600097656248863
510,2019-12-05,297.63900190241947,306.08205147889413,296.3597511779105,298.3212585449219,1551519,0.0,0.0,272.4455047607422,278.24955493538585,44.99368295840878,304.6288770283504,296.71543367878724,7.913443349563181,12.056227570795457,304.5257049560547,13.750194025269117,332.02609300659293,277.0253169055165,3137999.75,272.0114440917969,324.716552734375,0.6374877929687841
509,2019-12-04,301.90324856849696,302.5428740951252,294.654159266711,297.7669982910156,1423674,0.0,0.0,270.8063598632813,277.43030172683336,44.29110719798568,305.77571675261015,296.5869676894965,9.188749063113676,13.091923626103524,303.8882171630859,14.336056298419138,332.56032975992423,275.2161045662476,3139943.7,272.0114440917969,324.716552734375,0.7227752685546989
508,2019-12-03,301.17831689197806,310.8579878364791,301.0503969993885,302.6707763671875,1840768,0.0,0.0,268.7851434326172,276.6002324793157,45.9037531595856,307.231847381991,296.49256524137496,10.739282140616012,14.067717266850984,303.1654418945312,15.009491509252564,333.18442491303637,273.1464588760261,3223946.6,272.0114440917969,324.716552734375,0.3922988891601449
507,2019-12-02,307.0202922617992,307.0202922617992,297.1274109725213,300.41082763671875,1219296,0.0,0.0,266.714462890625,275.5361286471577,62.25051224018628,308.0611330210462,295.99830835130996,12.062824669736244,14.899826048409725,302.7731430053711,15.125189064396903,333.02352113416487,272.5227648765773,3244953.35,272.0114440917969,324.716552734375,-0.15563659667969887
506,2019-11-29,313.84297557992085,313.84297557992085,304.4617996794341,307.1055908203125,1418101,0.0,0.0,264.60369750976565,274.52083481084907,68.93700241511766,309.4520976363785,295.64530680847724,13.806790827901239,15.609076393078093,302.9287796020508,15.115613532052016,333.1600066661548,272.69755253794676,3277436.9,272.0114440917969,324.716552734375,-0.08741149902346024
505,2019-11-28,317.2543349981749,317.89396067357444,311.2844953611125,313.587158203125,1373786,0.0,0.0,262.70614044189455,273.19084476964645,63.771909780300476,309.87873523929954,294.72848408753043,15.150251151769112,16.059647784372306,303.01619110107424,15.146062928429794,333.3083169579338,272.72406524421467,3449334.3,272.0114440917969,324.716552734375,0.5927276611328125
504,2019-11-27,319.0452299906628,321.5184435821626,309.6640552442336,316.1455993652344,1646425,0.0,0.0,260.9075115966797,271.5420156499126,65.59377476772427,309.20447651860405,293.2197901582828,15.984686360321234,16.286996942523103,302.42346343994143,14.941177556386863,332.30581855271515,272.5411083271677,3689139.2,272.0114440917969,324.716552734375,2.0361404418945312
503,2019-11-26,318.53352650730017,323.9490280802472,313.84293910223954,316.91314697265625,1829020,0.0,0.0,259.05174438476564,269.7214612125526,66.88093004800919,307.94245418285306,291.38572542172665,16.556728761126408,16.362574588073567,300.3873229980469,15.726877620404853,331.8410782388566,268.9335677572372,3756786.3,272.0114440917969,324.716552734375,1.7653640747070654
502,2019-11-25,322.797664636208,323.6504986246788,315.5912070230584,317.296875,1715306,0.0,0.0,257.44329833984375,267.79526995703816,60.15411154885141,306.31141913016154,289.3435316976522,16.967887432509315,16.314036044810358,298.62195892333983,15.755815962517188,330.1335908483742,267.1103269983055,3756993.45,272.0114440917969,324.716552734375,2.385801696777321
501,2019-11-22,326.9765166103782,329.535018346025,320.6655508677345,322.03009033203125,3518005,0.0,0.0,255.97727752685546,265.7747962818152,58.07295105711353,304.31406351746364,287.1072642334644,17.20679928399926,16.15057319788562,296.2361572265625,16.37948337586752,328.99512397829756,263.47719047482747,3867493.2,269.5808410644531,324.716552734375,2.492407226562534
500,2019-11-21,308.72591487811883,328.9380915389981,307.0628781304967,324.716552734375,6886606,0.0,0.0,254.3611590576172,263.478661830786,56.76366030625736,301.0929677329968,284.313438145579,16.779529587417755,15.88651667635721,293.74375,16.036961032749335,325.81767206549864,261.6698279345013,4097113.25,269.5808410644531,324.716552734375,1.744046020507767
499,2019-11-20,314.69575649073585,317.0836813597687,306.3806247135416,308.3421325683594,2760461,0.0,0.0,252.60602752685546,260.9791560796191,53.059649180306565,296.7977704600189,281.0811889784753,15.716581481543585,15.663263448592074,291.9997039794922,14.29321371594665,320.5861314113855,263.4132765475989,4086007.3,269.5808410644531,311.2843933105469,2.245086669921875
498,2019-11-19,298.9609322606956,320.9640638968589,298.4918839964148,311.2843933105469,6086883,0.0,0.0,251.1562094116211,259.045973365793,63.648174375072465,294.69879553122973,278.9003134912846,15.798482039945156,15.649933940354195,289.75461730957034,15.095091297259376,319.9447999040891,259.56443471505156,4257838.2,263.4403991699219,311.2843933105469,3.2578247070312614
497,2019-11-18,306.551222350407,306.551222350407,296.4877645287061,299.8138122558594,1589657,0.0,0.0,249.7575619506836,256.91379295988463,57.22014696891734,291.6832322986266,276.3095871057436,15.373645192882975,15.612796915456453,286.4967926025391,17.101653796187765,320.7001001949146,252.29348501016355,4103395.2,246.12789916992188,308.85382080078125,3.421998596191429
496,2019-11-15,307.0202270651181,314.69573274174604,301.9458545683321,305.1439819335937,3261017,0.0,0.0,248.41605346679688,255.16277176413053,63.391138174292415,290.2049450336752,274.42924909373437,15.775695939940817,15.672584846099822,283.07479400634764,20.754023142579392,324.58284029150644,241.56674772118885,4110725.9,231.37384033203125,308.85382080078125,4.138375854492153
495,2019-11-14,313.8428708893057,322.3712097721672,301.1356511591269,305.5277404785156,6791834,0.0,0.0,246.93553497314454,253.12272236945856,62.34997885298882,287.48875650641725,271.97207046654563,15.516686039871615,15.646807072639572,278.9364181518555,24.103477657529922,327.14337346691536,230.72946283679565,3977899.8,222.37646484375,308.85382080078125,4.11918563842778
494,2019-11-13,278.8767079746687,310.77269322275515,278.8767079746687,308.04364013671875,10060164,0.0,0.0,245.54797485351563,250.98374203847663,56.06362661458896,284.208941238763,269.28761686558806,14.921324373174912,15.67933733083156,274.8172325134277,26.26275496653989,327.3427424465075,222.29172258034794,3684213.95,222.37646484375,308.85382080078125,4.006186676025379
493,2019-11-11,273.75967235990345,284.4200957384044,273.3332554247634,277.3842163085937,2651988,0.0,0.0,243.7706689453125,248.6547666058953,54.77930478008926,279.87535962095285,266.1871350038976,13.688224617055255,15.86884057024572,270.81104583740233,27.027557135279615,324.86616010796155,216.75593156684312,3217269.95,222.37646484375,308.85382080078125,2.4540252685546875
492,2019-11-08,286.97867199790574,289.0254686137041,269.70878163250427,272.0114440917969,3038431,0.0,0.0,242.50591796875,247.48213600578515,58.20050509152366,280.3282947686545,265.2913684995219,15.03692626913255,16.413994558543337,268.35702056884764,28.58276090600797,325.52254238086357,211.19149875683172,3126606.9,222.37646484375,308.85382080078125,2.3410331726074105
491,2019-11-07,287.4050345494287,295.933373853566,282.3733195652729,285.99786376953125,2097054,0.0,0.0,241.24287017822266,246.48093975737652,67.22238109001952,281.840449437174,264.75376245213994,17.086686985034078,16.758261630896033,266.01598739624023,30.142530654791198,326.3010487058226,205.73092608665783,3024729.3,222.37646484375,308.85382080078125,2.654444885253895
490,2019-11-06,284.84658849755726,289.5371760326967,282.67187196001964,285.5715026855469,1590398,0.0,0.0,239.60798767089844,244.86800408341102,68.90307701773247,281.08455592219997,263.0542343467486,18.030321575451353,16.67615529236152,263.36154251098634,30.62399201891298,324.6095265488123,202.11355847316037,2977065.9,222.37646484375,308.85382080078125,2.447634887695301
489,2019-11-05,296.5730525064007,304.46176777795847,281.6058247530986,283.3114929199219,3103732,0.0,0.0,237.8699118041992,243.2066367935279,68.15959894220158,280.26874741977326,261.25285287964476,19.0158945401285,16.33761372158906,260.91390762329104,30.71158037007798,322.337068363447,199.49074688313507,3059545.85,222.37646484375,308.85382080078125,2.609671783447311
488,2019-11-04,304.03539769690724,311.28448852558523,292.60742441933706,294.8247985839844,2260903,0.0,0.0,236.51049377441407,241.56970389040978,71.04912991360344,279.71552096520077,259.4881616764226,20.22735928877819,15.668043516954201,258.3042358398437,30.92499869690721,320.15423323365815,196.4542384460293,3001278.5,222.37646484375,308.85382080078125,3.100054168701149
487,2019-11-01,307.87301737564087,312.99002043451577,299.98430432654203,303.5235595703125,1868967,0.0,0.0,234.95748138427734,239.39602655597818,74.97163240130911,276.96837957996735,256.6612307238176,20.30714885614975,14.528214573998202,255.20418167114258,30.16974264593246,315.54366696300747,194.86469637927766,3035535.1,222.37646484375,308.85382080078125,3.846277618408209
486,2019-10-31,308.725900909005,318.1070746935328,304.46173100694693,308.85382080078125,4856049,0.0,0.0,233.23390533447267,236.7785762288625,78.18963525417368,272.14016503626823,252.912244416098,19.227920620170238,13.083481003460312,251.35790405273437,28.545188516994692,308.44828108672374,194.267527018745,3046584.65,222.37646484375,308.85382080078125,4.340925598144537
485,2019-10-30,276.3181667232797,306.50847973405706,275.0389159514127,301.73260498046875,6169884,0.0,0.0,231.1700473022461,233.83672951164132,73.09669462724327,265.46495489726584,248.4369183053233,17.028036591942538,11.547371099282831,247.01697845458983,25.811961128217188,298.6409007110242,195.39305619815545,2962643.2,222.03530883789065,301.73260498046875,3.7524658203124943
484,2019-10-29,283.9937630558437,286.72284266094715,272.90691945306304,275.4227905273437,2999367,0.0,0.0,229.33816131591797,231.06546928842388,65.35086088417006,258.87083670031984,244.17326337131166,14.69757332900818,10.177204726117903,243.26451263427734,22.707439740484226,288.6793921152458,197.8496331533089,2725475.35,222.03530883789065,289.83563232421875,2.4177848815917855
483,2019-10-27,272.9069461591199,283.6952936691857,272.9069461591199,281.6058654785156,1833163,0.0,0.0,227.7808853149414,229.25496638071286,70.0813932810942,255.86139054995184,241.67330119882908,14.188089351122755,9.047112575395335,240.84672775268555,21.65302515179355,284.15277805627267,197.54067744909844,2705980.1,222.03530883789065,289.83563232421875,2.8591293334960994
482,2019-10-25,273.75972259029646,284.24957070888576,262.2890945197888,269.5808410644531,3925301,0.0,0.0,226.08289154052736,227.1181949889658,65.92754266173242,251.1805769265766,238.47869605645417,12.701880870122437,7.761868381463479,237.98759841918945,19.672511442181875,277.3326213035532,198.6425755348257,2726748.25,222.03530883789065,289.83563232421875,2.338897705078125
481,2019-10-24,291.66920646741266,302.7560476489225,259.2615168599224,272.18194580078125,8110406,0.0,0.0,224.64416015625,225.38502576139487,69.1507961834683,247.8350743560536,235.99052445581427,11.844549900239343,6.52686525929874,235.64870071411133,18.46216622701529,272.57303316814193,198.72436826008075,2664795.65,222.03530883789065,289.83563232421875,2.8911048889160043
480,2019-10-23,266.3400406391358,293.11904834135623,261.22303677650933,289.83563232421875,6664487,0.0,0.0,223.13379180908203,223.4749473924403,82.00478095041629,243.40837045701224,233.0952107482169,10.313159708795325,5.197444099063588,232.75759582519532,16.901490991337184,266.56057780786966,198.95461384252096,2381801.7,214.3598480224609,289.83563232421875,3.673580932617199
479,2019-10-22,248.17467683128936,272.1393157787026,247.9614683460391,263.4403991699219,6197079,0.0,0.0,221.2413528442383,220.76634800746976,71.83376452554597,234.96705011752013,228.55597702213677,6.411073095383358,3.9185151966306533,229.08401489257812,10.683215819659088,250.4504465318963,207.71758325325996,2390740.45,214.3598480224609,263.4403991699219,3.3367111206054574
478,2019-10-18,232.56784368900617,249.88036358849067,231.97084947463975,246.12789916992188,2998023,0.0,0.0,219.82479614257812,219.02455000083904,64.172397447816,229.790077562538,225.76522325031397,4.024854312224022,3.295375721942477,225.74730377197267,9.770474707963226,245.28825318789913,206.2063543560462,2160510.75,196.7061767578125,246.12789916992188,2.3495574951172102
477,2019-10-17,222.5043724531918,234.52933635906945,222.46174116624263,231.37384033203125,1736271,0.0,0.0,218.778369140625,217.91829085108057,56.303107993818585,226.81956454301366,224.13620917674535,2.6833553662683016,3.11300607437209,223.39774627685546,10.24984179122903,243.89742985931352,202.8980626943974,2266959.45,196.7061767578125,236.61880493164065,1.8250640869140398
476,2019-10-16,223.7836357343117,225.74516954438,221.39571095192997,222.37646484375,604495,0.0,0.0,218.02958099365233,217.36908474981726,49.55356886119641,225.9915143995559,223.55719868432246,2.4343157152334527,3.2204187513980376,221.57268218994142,11.875620661257889,245.32392351245718,197.82144086742565,2479534.0,194.87255859375,236.61880493164065,0.5074363708496321
475,2019-10-15,228.34632070727068,230.05198883580303,221.3530709697159,223.1440277099609,918117,0.0,0.0,217.4607403564453,217.16470188884043,57.923029028168266,226.64879613697516,223.65165739156825,2.9971387454069145,3.416944510439184,221.06524581909179,12.054937945167584,245.17512170942695,196.95536992875662,2537442.45,194.87255859375,236.61880493164065,-0.025584411621110803
474,2019-10-14,229.36973495474408,233.5912480114779,226.9817839281266,227.9199066162109,721284,0.0,0.0,216.87654846191407,216.92064777369265,60.971597136968654,227.2860267600687,223.69226776609682,3.593758993971875,3.5218959516972506,221.0908302307129,12.060123850377591,245.21107793146808,196.9705825299577,2568137.55,194.87255859375,236.61880493164065,0.22813339233400143
473,2019-10-11,225.57463126399767,233.20750726932604,223.4851771989944,228.3037109375,838727,0.0,0.0,216.195986328125,216.4716984331817,71.96201041478858,227.17077587713374,223.3540566580877,3.8167192190460355,3.5039301911285943,220.8626968383789,11.966938193764891,244.79657322590867,196.92882045084912,2942344.85,194.87255859375,236.61880493164065,-0.40935668945314774
472,2019-10-10,232.18402902261687,233.12215151688216,224.1247382658072,225.19078063964844,1000879,0.0,0.0,215.5060430908203,215.98875914729115,68.28239142682956,226.96478768433985,222.9580843157347,4.0067033686051445,3.4257329341492335,221.27205352783204,12.368175295240187,246.00840411831243,196.53570293735166,3166055.65,194.87255859375,236.61880493164065,-0.9402526855468523
471,2019-10-09,238.45238695637764,240.2433435267465,230.3078067993088,232.90896606445312,1143786,0.0,0.0,214.87665252685548,215.6131664333174,78.05026365123773,227.28733441973827,222.7794686098216,4.507865809916666,3.2804903255352555,222.2123062133789,13.35703192091816,248.92637005521522,195.49824237154257,3144491.15,194.87255859375,243.99583435058597,-0.4157600402832031
470,2019-10-07,234.0603029184375,242.97240264857135,231.11801519268252,236.61880493164065,3239997,0.0,0.0,214.09886779785157,214.9072154279649,64.97380579511777,226.26521957524469,221.9691088134511,4.296110761793585,2.9736464544399026,222.6280662536621,13.828595313281722,250.28525688022555,194.97087562709865,3112234.7,194.87255859375,243.99583435058597,-0.017058563232438928
469,2019-10-04,235.7233565075175,237.4290248267129,229.4976775530276,231.11805725097656,1938385,0.0,0.0,213.24859252929687,214.02102810128423,54.27039240471402,224.38274951044542,220.79713312399596,3.585616386449459,2.6430303776014816,222.64512481689454,13.846960472834004,250.33904576256253,194.95120387122654,2964278.7,194.87255859375,243.99583435058597,-0.2366584777832088
468,2019-10-03,228.5595446017199,234.3161749228453,227.23766212373795,232.8237152099609,2946035,0.0,0.0,212.4998031616211,213.32319017680697,55.505952671500175,223.15814810307612,219.97145919383752,3.1866889092385975,2.407383875389487,222.88178329467775,14.03851539125064,250.95881407717903,194.80475251217646,2905244.8,194.87255859375,243.99583435058597,-0.4264152526855298
467,2019-10-01,222.504388332247,230.17989443358007,218.45342677876567,226.59800720214844,2089958,0.0,0.0,211.7160479736328,212.5272503795354,44.67403906927592,221.4007722654607,218.94327871254765,2.4574935529130357,2.212557616927209,223.30819854736328,14.479003705085022,252.26620595753332,194.35019113719324,2812630.4,194.87255859375,243.99583435058597,-0.30701904296876137
466,2019-09-30,232.653075170282,234.27348038513023,215.34055758491616,222.03530883789065,3177220,0.0,0.0,211.0568069458008,211.95293377453078,38.54026476100658,220.45582045879019,218.33090043337958,2.124920025410603,2.151323632930753,223.61521759033204,14.616878918382456,252.84897542709695,194.38145975356713,2736244.15,194.87255859375,243.99583435058597,-0.4541374206542912
465,2019-09-27,227.4934913626524,229.32707943357883,225.1908289307899,226.68328857421875,1426527,0.0,0.0,210.48881988525392,211.54140826174057,42.26052650942518,220.16864075349918,218.0345477610187,2.1340929924804755,2.15792453481079,224.06935501098633,14.706034408308899,253.48142382760412,194.65728619436854,2610649.2,194.87255859375,243.99583435058597,-0.4733222961425838
464,2019-09-26,224.9350075162073,229.2418095718212,223.4425477506969,227.0670928955078,2609462,0.0,0.0,209.82616760253907,210.923372330619,44.943327897661725,218.9841593315502,217.3426484959627,1.6415108355874963,2.163882420393368,224.5426773071289,14.944993444881076,254.43266419689107,194.65269041736676,2654795.05,194.87255859375,243.99583435058597,0.39443740844725994
463,2019-09-25,222.8455305843996,228.1331121934746,219.4341943273009,224.42327880859372,2248526,0.0,0.0,209.12513763427734,210.26444496062354,44.06556372160597,217.51453504719427,216.5646929439991,0.9498421031951807,2.2944753165948364,224.14823989868165,14.978924711726165,254.10608932213398,194.19039047522932,2609434.0,194.87255859375,243.99583435058597,0.5138305664062557
462,2019-09-24,215.76700632195724,224.03950669823223,213.20850427070872,222.80288696289065,2686249,0.0,0.0,208.47954223632811,209.68653337499208,40.74075146067252,216.2583998178489,215.9360060748315,0.3223937430173862,2.6306336199447506,223.6344093322754,15.144342164453754,253.92309366118292,193.34572500336787,2523797.4,194.87255859375,243.99583435058597,0.6971916198730526
461,2019-09-23,219.7753495551353,219.7753495551353,209.8824691691084,214.3598480224609,2450527,0.0,0.0,207.85612060546876,209.15117200405743,40.84150518384418,215.06849306420497,215.38665560378678,-0.31816253958180596,3.2076935891765914,222.93721771240234,15.501390511865852,253.93999873613404,191.93443668867064,2396171.15,194.87255859375,243.99583435058597,0.5053054809570199
460,2019-09-20,197.85751586790784,217.2168477919953,196.4077004663465,216.364013671875,6843262,0.0,0.0,207.415205078125,208.93857298289808,42.619449880443625,215.19733761724933,215.46880021029284,-0.27146259304350906,4.089157621366191,222.43191223144532,15.953820700514607,254.33955363247455,190.5242708304161,2289100.55,194.87255859375,243.99583435058597,0.8848152160644531
459,2019-09-19,199.56317615159367,203.8273465821833,193.25220911960727,196.7061767578125,1592485,0.0,0.0,206.85745086669922,208.63549377110309,26.8865634333209,214.98521469822649,215.39718313336624,-0.41196843513975523,5.179312674968616,221.54709701538087,16.777528031709295,255.10215307879946,187.99204095196228,1965594.15,194.87255859375,243.99583435058597,-0.9317207336425781
458,2019-09-18,194.48880633057092,201.8658156056472,180.0332718878801,199.13674926757807,5126997,0.0,0.0,206.69370666503906,209.12240466960472,39.9658419703725,218.30867614193812,216.89246364341054,1.4162124985275852,6.577132952495707,222.47881774902345,15.815233848648461,254.10928544632037,190.84835005172653,1893961.2,194.87255859375,243.99583435058597,-0.9018714904784986
457,2019-09-17,214.06132256906452,215.1273650121376,188.86007661217545,194.87255859375,5987762,0.0,0.0,206.48561492919922,209.529982441116,40.42369175512027,221.79448102818543,218.31292079347713,3.4815602347082972,7.867363065987736,223.38068923950195,14.902013991052886,253.1847172216077,193.57666125739618,1661315.6,194.87255859375,243.99583435058597,-1.123609924316412
456,2019-09-16,221.9074081362173,223.3572102610743,211.54546765201476,212.2277374267578,1762664,0.0,0.0,206.36110168457031,210.12824463896766,51.901775783245284,226.6893760162646,220.18814976945532,6.501226246809267,8.963813773807596,224.50429916381836,13.412090730850263,251.3284806255189,197.68011770211783,1392954.8,198.66770935058597,243.99583435058597,0.32834091186524006
455,2019-09-13,223.4425074429144,225.48930383252568,221.82212805223995,223.6557159423828,1532019,0.0,0.0,205.87839752197266,210.04255105579256,61.867507954741875,229.31876485072038,220.82498275687112,8.493782093849262,9.579460655557178,224.17595825195312,13.803131268255182,251.7822207884635,196.56969571544275,1312956.75,198.66770935058597,243.99583435058597,0.6758705139160099
454,2019-09-12,225.48932395447605,228.04782617640976,222.33385349661603,223.35723876953125,8205430,0.0,0.0,205.17139831542968,209.48691167266642,64.18422264678041,230.34841010678176,220.59852410203018,9.749886004751573,9.850880295984156,223.5000877380371,14.15636595214699,251.81281964233108,195.18735583374314,1310289.55,198.66770935058597,243.99583435058597,1.2899124145507699
453,2019-09-11,235.3821709983728,243.44146226377907,233.1221662284926,236.4908447265625,5312943,0.0,0.0,204.4788967895508,208.92077587279437,61.676070568093806,231.61953216810002,220.37782692863007,11.241705239469951,9.876128868792302,222.21017532348634,15.299284267584728,252.8087438586558,191.6116067883169,907391.95,197.5589904785156,243.99583435058597,1.9892333984375057
452,2019-09-09,243.2282888874667,246.46904796571707,238.7935412816636,243.99583435058597,569589,0.0,0.0,203.52457641601563,207.79546693998748,65.79611414571166,230.7338389756523,219.08878550479548,11.645053470856823,9.534734776122889,220.22094192504883,15.918657237864531,252.0582564007779,188.38362744931976,645649.2,196.7061767578125,243.99583435058597,2.3175781250000114
451,2019-09-06,238.3671669977728,243.91058948609307,234.5294129673972,241.2241668701172,498657,0.0,0.0,202.3920120239258,206.31790092322834,64.5078131851405,228.32256708930072,217.09622159713223,11.226345492168491,9.007155102439405,217.90336380004882,15.646937604143869,249.19723900833657,186.60948859176108,625074.6,196.7061767578125,241.35202026367188,2.2280319213867017
450,2019-09-05,238.32451605547385,242.46074090395615,235.68072495825956,236.95997619628903,280877,0.0,0.0,201.3217041015625,204.89315537437574,67.44300154853131,225.97682167460678,215.16598597529344,10.810835699313344,8.452357505007132,215.67533187866212,15.320599645927302,246.31653117051673,185.03413258680752,621240.2,196.6635284423828,241.35202026367188,2.0873146057128906
449,2019-09-04,241.30938510089845,246.0852345687326,231.28858583385,235.85122680664065,757707,0.0,0.0,200.32559265136717,203.58430554490988,63.81127088588343,223.97988448884638,213.4224667576138,10.55741773123259,7.862737956430579,213.58801727294923,15.110470399633883,243.808958072217,183.36707647368146,638333.2,195.21368408203125,241.35202026367188,2.161933135986345
448,2019-09-03,232.73839172035417,245.44561302365057,231.50179804510736,241.35202026367188,1093747,0.0,0.0,199.35336242675783,202.2672883505535,71.86039001101395,221.8214586128838,211.62816595369162,10.193292659192167,7.189068012730076,211.42608413696288,14.848427239406508,241.1229386157759,181.72922965814988,611219.9,192.6125640869141,241.35202026367188,2.3772735595703125
447,2019-08-30,231.8855540810661,236.83200678357528,228.81534654613412,232.73838806152344,562233,0.0,0.0,198.27282165527345,200.67199317042622,69.49701419313038,218.27044740364957,209.25025760889318,9.02018979475639,6.438011851114553,209.04881057739257,13.554757971184973,236.1583265197625,181.93929463502263,607088.6,192.6125640869141,236.1497344970703,1.940197753906233
446,2019-08-29,236.1497735873164,242.20490132574665,227.8346405312388,231.11805725097656,665321,0.0,0.0,197.3628482055664,199.36316072589165,68.24737411052143,215.6399127385816,207.37120717268274,8.268705565898841,5.792467365204093,207.10861282348634,12.737963961247171,232.5845407459807,181.632684900992,665255.0,192.6125640869141,236.1497344970703,1.8591812133789176
445,2019-08-28,219.6047597448779,239.60372788755572,219.17834273566453,236.1497344970703,2309444,0.0,0.0,196.50319122314454,198.06704250037797,72.5194687295932,212.82570464541885,205.47145916641924,7.354245478999616,5.173407815030405,205.24943161010742,11.722298339267853,228.69402828864312,181.80483493157172,773539.1,192.6125640869141,236.1497344970703,2.110765075683588
444,2019-08-27,218.1549464977973,220.71343556310305,215.7670086218689,219.1783447265625,1702241,0.0,0.0,195.5284017944336,196.5126469086762,66.60759106032398,208.58497194511858,203.01719713996715,5.56777480515143,4.628198399038102,203.13866653442383,9.444929522634498,222.02852557969283,184.24880748915484,677712.55,192.6125640869141,219.1783447265625,1.2643272399902514
443,2019-08-26,213.123256055438,215.7670472147393,207.8783310616313,214.14666748046875,535794,0.0,0.0,194.90071563720704,195.58751638549717,65.44346115166724,206.65890416667426,201.72430533303952,4.9345988336347375,4.39330429750977,201.87433929443358,8.859101707521821,219.59254270947721,184.15613587938995,611722.75,192.6125640869141,217.34475708007807,1.0170059204101562
442,2019-08-23,204.6801729071938,210.6500112836536,200.8850639705159,208.8590545654297,133724,0.0,0.0,194.29776092529298,194.83000001427382,61.468482283091596,205.29749265507527,200.73051636124518,4.566976293830095,4.257980663478529,200.85733337402343,8.537789549194258,217.93291247241194,183.7817542756349,599044.25,192.6125640869141,217.34475708007807,0.7568901062011548
441,2019-08-22,197.00464956645928,208.73111680255803,197.00464956645928,204.2537384033203,309115,0.0,0.0,193.83296661376954,194.25738554279806,58.437960553994856,204.64993594410177,200.08023330491042,4.569702639191348,4.180731755890637,200.10044326782227,8.461745538893966,217.0239343456102,183.17695219003434,634000.95,192.6125640869141,217.34475708007807,0.5117004394531364
440,2019-08-21,213.2938225888564,215.21269939458625,197.5163910750777,198.66770935058597,373134,0.0,0.0,193.49695007324217,193.84937114032775,54.25944905633022,204.72197186060748,199.7463528970376,4.975618963569872,4.083489035065459,199.58874282836913,8.506684940910059,216.60211271018926,182.575372946549,655945.5,192.6125640869141,217.34475708007807,0.228133392333973
439,2019-08-20,214.87153011401375,218.6240076340016,213.08058646845973,215.3405914306641,159826,0.0,0.0,193.2018685913086,193.6527042746029,77.52199014220136,205.8227468624296,199.83264438075372,5.990102481675876,3.8604565529393557,199.36060943603516,8.593424247487993,216.54745793101114,182.1737609410592,667740.8,192.6125640869141,217.34475708007807,1.0831001281738395
438,2019-08-19,219.604761251627,220.71343507261705,216.278713762228,217.17417907714844,474085,0.0,0.0,192.63729248046874,192.76748439068206,81.37936140371092,204.09222966820516,198.59200861676086,5.500221051444299,3.328045070755225,198.27750930786132,7.802008112261608,213.88152553238453,182.67349308333812,699554.6,192.6125640869141,217.34475708007807,1.176911163330061
437,2019-08-16,208.00621406982444,219.9458904529796,205.5330005957424,217.34475708007807,620546,0.0,0.0,192.01728210449218,191.77129277082628,81.79729543657483,201.71369341203365,197.10543497992984,4.60825843210381,2.7850010755829566,197.10059814453126,6.46167964909749,210.02395744272624,184.17723884633628,694373.7,192.6125640869141,217.34475708007807,1.1854400634765625
436,2019-08-14,212.9526526798216,217.2168227896026,204.6801652694893,205.66091918945312,162703,0.0,0.0,191.4168865966797,190.7274779010609,73.48999373182289,198.87168183602557,195.48628921191798,3.3853926241075953,2.329186736452743,195.9151580810547,4.397278982067438,204.70971604518957,187.12060011691983,693403.7,192.6125640869141,210.1383056640625,0.6012481689453182
435,2019-08-13,197.85750049386704,221.7368540017476,197.85750049386704,210.1383056640625,1478675,0.0,0.0,191.0638134765625,190.11794968520815,87.95203231761164,197.6372750444933,194.67231881371515,2.9649562307781423,2.06513526453903,195.31390991210938,3.7722679390187484,202.85844579014687,187.7693740340719,725169.0,192.6125640869141,210.1383056640625,0.8293815612792912
434,2019-08-09,195.4269054830073,200.24542538078452,195.4269054830073,197.5589904785156,147478,0.0,0.0,190.61863403320314,189.3007922983161,69.75614439324107,195.36436038638982,193.43503986568734,1.9293205207024755,1.840180022979252,194.4845283508301,1.450207192318249,197.38494273546658,191.5841139661936,713960.85,192.6125640869141,197.64427185058597,0.27716979980471024
433,2019-08-08,196.194484114071,198.28392502241684,195.93863128559252,196.7061767578125,78088,0.0,0.0,190.44891998291016,188.9637229848386,68.20537382234309,194.96533673327605,193.1051238166611,1.8602129166149552,1.817894898548446,194.20735855102538,1.3585164552769458,196.92439146157926,191.4903256404715,719643.4,192.01559448242188,197.64427185058597,0.228133392333973
432,2019-08-07,197.0046463753413,200.160129450572,194.8299171568669,197.64427185058597,158097,0.0,0.0,190.29626220703125,188.64770446349272,77.0115557127671,194.6488203651785,192.81703958136896,1.8317807838095348,1.8073153940318187,193.9792251586914,1.2985874560148927,196.57640007072118,191.38205024666163,801534.95,192.01559448242188,197.64427185058597,0.3006233215332088
431,2019-08-06,194.7872832047445,207.40922918947345,193.93444919244143,196.6635284423828,421969,0.0,0.0,190.1427523803711,188.28049763136644,73.5100561876304,194.10419282237712,192.4308609998316,1.6733318225455207,1.8011990465873897,193.6786018371582,1.0836241041953705,195.84585004554893,191.51135362876747,809874.15,191.63180541992188,196.6635284423828,0.2174728393554517
430,2019-08-05,191.8876369141381,198.28389147794277,191.1200915717669,195.21368408203125,622737,0.0,0.0,190.0105630493164,187.93833310846782,65.811929215016,193.63885907328518,192.09224760442748,1.5466114688576909,1.833165852597857,193.46112899780275,0.8680543836414109,195.19723776508556,191.72502023051993,851065.2,191.63180541992188,195.21368408203125,0.336869049072277
429,2019-08-02,192.78312828425496,193.59331798153488,188.47631398202293,192.6125640869141,215441,0.0,0.0,189.98839019775392,187.64138000750606,31.034525307865408,193.35252725351316,191.8425326862192,1.5099945672939725,1.9048044485328985,193.12425994873047,1.3342507186486543,195.7927613860278,190.45575851143315,873273.95,188.47630310058597,194.10504150390625,0.20467987060547443
428,2019-08-01,193.84919337987515,194.2329661219296,193.59334054743368,193.8065490722656,1011121,0.0,0.0,190.13592987060548,187.43847453487714,81.81882258536662,193.48706601107662,191.7809301741636,1.7061358369130346,2.0035069188426298,192.919580078125,1.6848128292002933,196.2892057365256,189.5499544197244,886262.5,188.47630310058597,194.10504150390625,0.2537193298339844
427,2019-07-31,193.89180169691784,194.14764146865423,193.89180169691784,193.93443298339844,1725561,0.0,0.0,189.9807144165039,187.17855312518782,81.81793537193667,193.42897818176954,191.61888066231543,1.8100975194541036,2.0778496893250282,192.665860748291,1.91109741598326,196.48805558025754,188.84366591632448,860190.8,188.47630310058597,194.10504150390625,0.26437683105467613
426,2019-07-30,193.93443298339844,194.19028576834805,193.89180169691784,193.93443298339844,2831003,0.0,0.0,189.6319058227539,186.90280292689351,84.6152081660741,193.3370773087461,191.43363647662878,1.903440832117326,2.1447877317927593,192.40148391723633,2.084257666391861,196.56999925002006,188.2329685844526,798219.6,188.47630310058597,194.10504150390625,0.2920951843261719
425,2019-07-29,193.72122449814265,194.19028576834805,193.72122449814265,193.93443298339844,392913,0.0,0.0,189.25921813964842,186.61579761846474,70.21257156779146,193.22846718608204,191.2335727560872,1.9948944299948437,2.2051244567116175,192.10938873291016,2.2600563049007136,196.6295013427116,187.58927612310873,670864.65,188.092529296875,194.10504150390625,0.2814338684082145
424,2019-07-26,193.8491556274533,194.10500841006711,193.80651132814887,193.8917999267578,382445,0.0,0.0,188.82597869873047,186.31707780765112,84.69943645557535,193.10010976838814,191.0175039379023,2.0826058304858464,2.2576819633908105,191.82795486450195,2.3686768842430976,196.56530863298815,187.09060109601575,715858.8,188.092529296875,194.10504150390625,0.25798187255855964
423,2019-07-25,193.84919337987515,194.19032181432007,193.6786291626527,193.8065490722656,282224,0.0,0.0,188.34924499511717,186.007905476259,84.06574717615504,192.95616610323,190.78756025879383,2.168605844436172,2.301450996617051,191.5699729919434,2.4126351022972528,196.3952431965379,186.74470278734887,753832.65,188.092529296875,194.10504150390625,0.25158615112306393
422,2019-07-24,194.0197495691063,194.31824669680637,193.5933325370863,193.72125244140625,832858,0.0,0.0,187.78040466308593,185.68959349274851,81.62155679820185,192.80155101795083,190.5460411537161,2.255509864234739,2.3346622846622704,191.31838684082032,2.429425063415111,196.17723696765054,186.4595367139901,821087.4,188.092529296875,194.10504150390625,0.31768188476564774
421,2019-07-23,194.31822671125755,194.31822671125755,193.72123251725807,194.0197296142578,748006,0.0,0.0,187.19024353027345,185.3617706785176,84.99972168325965,192.63433257732254,190.29202425070088,2.342308326621662,2.3544503897691533,191.00070495605468,2.512667046953433,196.02603904996155,185.9753708621478,810832.4,187.36761474609372,194.10504150390625,0.3155479431152344
420,2019-07-22,193.5933358514357,194.19031710384112,193.5933358514357,194.10504150390625,609040,0.0,0.0,186.52844451904298,185.0083845995078,86.91106931153094,192.38244220697067,189.99380782161634,2.3886343853543224,2.357485905556026,190.68515701293944,2.5098472266075147,195.70485146615448,185.6654625597244,829940.35,187.36761474609372,194.10504150390625,0.34753189086913494
419,2019-07-19,194.01971723065955,194.3608455941316,193.25217190624105,193.6785888671875,796102,0.0,0.0,185.91610931396485,184.63709248096092,83.8707939744894,192.06924233480055,189.66490912703316,2.404333207767394,2.349698785606452,190.3376251220703,2.4925401304302652,195.32270538293085,185.35254486120976,845230.7,187.15440368652344,193.6785888671875,0.32194366455078693
418,2019-07-18,193.50802290690768,193.9770841938241,193.50802290690768,193.63595581054688,370467,0.0,0.0,185.2816012573242,184.26805181213535,79.48713713961668,191.77663387436655,189.3438147478208,2.432819126545752,2.3360401800662167,190.01568145751952,2.4538307332327682,194.92334292398505,185.108019991054,823918.65,187.15440368652344,193.63595581054688,0.31554870605467045
417,2019-07-17,193.67860011175995,194.23293698788888,193.46539161890823,193.63595581054688,601146,0.0,0.0,184.65476806640626,183.88568838362875,79.08138394886598,191.43857534051557,189.0004434628027,2.4381318777128627,2.311845443446333,189.70013275146485,2.368060267865551,194.43625328719594,184.96401221573376,830850.8,187.15440368652344,193.63595581054688,0.31981201171876705
416,2019-07-16,193.1668945236304,193.93443989261104,193.1668945236304,193.63595581054688,798009,0.0,0.0,183.97252166748046,183.48771828457086,82.09591224451533,191.0390516186917,188.62960247498316,2.4094491437085424,2.2802738348797003,189.38032073974608,2.2368191028651827,193.85395894547645,184.90668253401572,847312.8,187.15440368652344,193.63595581054688,0.27503738403319744
415,2019-07-15,192.35671203919048,193.8491715449052,192.31406773638437,193.55067443847656,1254512,0.0,0.0,183.34652893066405,183.0735045080004,79.1486290387662,190.5668872201726,188.22909420813806,2.337793012034524,2.2479800076724894,189.10528335571288,2.012994608498079,193.13127257270904,185.07929413871673,859555.0,187.15440368652344,193.55067443847656,0.30702056884766193
414,2019-07-12,192.1008830986288,192.61258876943864,191.67446604402585,192.01559448242188,261129,0.0,0.0,182.7172036743164,182.64586491900138,76.8865926134722,190.02438045320824,187.80336778971096,2.2210126634972767,2.2255267565819805,188.79826278686522,1.7504459267658743,192.29915464039698,185.29737093333347,877802.7,187.15440368652344,192.31407165527344,0.2110778808593352
413,2019-07-11,191.5465276947968,192.39936172190951,191.12011068124048,192.1435089111328,1715919,0.0,0.0,182.10850524902344,182.2634269776373,77.250642313856,189.66234153880578,187.4663896542941,2.195951884511686,2.2266552798531563,188.5871849060059,1.5891627543222127,191.76551041465032,185.40885939736145,1077926.3,187.15440368652344,192.31407165527344,0.4072288513183935
412,2019-07-10,193.08162067948797,193.08162067948797,191.4185969107735,191.63180541992188,324881,0.0,0.0,181.58876403808594,181.86015832729055,75.12399460227357,189.2112201983827,187.092220113747,2.119000084635701,2.234331128688524,188.1799560546875,1.6712939447488921,191.5225439441853,184.8373681651897,1182577.05,183.9989318847656,192.31407165527344,0.3006233215332088
411,2019-07-09,188.5189628660495,192.74048866559556,188.5189628660495,192.31407165527344,1245790,0.0,0.0,181.1565005493164,181.4613155888158,81.81759036190664,188.7711137944665,186.72905328925302,2.0420605052134704,2.2631638897017297,187.87933273315429,1.5543699625967977,190.98807265834787,184.7705928079607,1217292.65,183.9989318847656,192.31407165527344,0.24305801391599857
410,2019-07-08,188.51894740076267,189.11592856359695,187.4102606622342,188.47630310058597,1066912,0.0,0.0,180.73242095947265,181.01834595345017,53.389352514495265,188.12693963795616,186.28225181997138,1.8446878179847772,2.3184397358237945,187.6362747192383,1.1525403414547204,189.94135540214774,185.33119403632884,1226919.4,183.9989318847656,188.7748260498047,0.22813339233400143
409,2019-07-05,188.6042422706633,189.1585922032106,188.13519396040408,188.5189666748047,475212,0.0,0.0,180.46233917236327,180.71393953928134,59.701400868399354,188.0634190083871,186.10672771752223,1.9566912908648533,2.436877715283549,187.40814132690429,1.402068688691122,190.21227870428652,184.60400394952205,1300414.9,183.91363525390625,188.7748260498047,0.07035903930662357
408,2019-07-04,188.86008236736748,189.2438550559259,188.6042295705906,188.73216247558597,489687,0.0,0.0,179.85388671875,180.39536700313755,57.97086041886512,187.9805921599475,185.9137486009396,2.0668435590078786,2.5569243213882227,187.33778228759766,1.378500735015778,190.09478375762922,184.5807808175661,1354721.15,183.91363525390625,188.7748260498047,0.1279251098632983
407,2019-07-03,187.6661423731528,189.0306690966156,187.6661423731528,188.6468963623047,486137,0.0,0.0,179.18071868896484,180.05508963691517,74.22187729111016,187.84394301164957,185.6882754909679,2.155667520681675,2.679444511983309,187.20985717773436,1.3608938340103598,189.93164484575507,184.48806950971365,1377939.85,183.91363525390625,188.7748260498047,0.06609573364255539
406,2019-07-02,188.30573778326607,188.47630196973637,187.9219651104048,188.092529296875,283904,0.0,0.0,178.61168701171874,179.70440364812373,61.59967823798061,187.69795149334863,185.45158582126095,2.246365672087677,2.8103887598087174,187.1437614440918,1.3188792617935723,189.78151996767895,184.50600292050467,1374946.2,183.91363525390625,188.7748260498047,0.004263305664068184
405,2019-07-01,188.7748169323561,188.81744822310077,187.62348579153132,188.3057556152344,1292796,0.0,0.0,178.18555938720704,179.36203117266447,53.47222567354676,187.62621007452566,185.24031034321183,2.3858997313138275,2.9513945317389774,187.13949813842774,1.315785115569654,189.77106836956705,184.50792790728843,1416103.6,183.91363525390625,188.7748260498047,0.02132110595704262
404,2019-06-28,189.2438550559259,189.32914365925612,188.3057454853624,188.73216247558597,1141922,0.0,0.0,177.72242370605468,178.9969811954167,65.65085557898155,187.50265633985134,184.99507472145004,2.5075816184013036,3.0927682318452647,187.1181770324707,1.2992432412714034,189.7166635150135,184.5196905499279,1397041.45,183.91363525390625,188.7748260498047,-0.017056274414045447
403,2019-06-27,187.23972212563407,189.243874376366,187.23972212563407,188.7748260498047,1627319,0.0,0.0,177.21549591064453,178.5996268574506,54.48275691874365,187.27910976971776,184.69610770111916,2.583002068598603,3.2390648852062545,187.13523330688474,1.3235581710982764,189.78234964908128,184.4881169646882,1390897.1,183.91363525390625,189.0732879638672,-0.014923095703125
402,2019-06-26,187.62346753173424,188.2630929892288,187.1970505600712,187.36761474609372,627758,0.0,0.0,176.72870483398438,178.18431260470143,53.30182588477547,187.00716135515648,184.36981023322434,2.6373511219321415,3.4030805893581673,187.15015640258787,1.3445338837884055,189.83922417016467,184.46108863501107,1369463.25,183.91363525390625,189.0732879638672,-0.13005828857424717
401,2019-06-25,187.49556224951485,188.1351877568297,187.3676293401233,187.70877075195312,1130165,0.0,0.0,176.2969256591797,177.8094839458691,51.01583198707593,186.94162437498608,184.1299858721948,2.8116385027912827,3.5945129562146736,187.28021469116212,1.4851316888331936,190.2504780688285,184.30995131349573,1413322.8,183.91363525390625,189.96878051757807,-0.11726455688474857
400,2019-06-24,187.5808206523224,188.04988191734387,187.02648380206895,187.15440368652344,914847,0.0,0.0,175.87007781982422,177.40543142317176,47.75779194677728,186.8021432155375,183.84368308181413,2.958460133723378,3.7902315695705213,187.39747924804686,1.6082395571038175,190.6139583622545,184.18100013383923,1507576.7,183.91363525390625,190.05406188964844,-0.34753189086916336
399,2019-06-21,187.53819968143247,187.62348829048676,187.02650706675087,187.23971557617188,369861,0.0,0.0,175.47950469970704,177.0075141879329,48.322173977085775,186.7380958571764,183.5788254334374,3.1592704237390024,3.998174428532307,187.74501113891603,2.196396479066202,192.13780409704844,183.3522181807836,1728154.4,183.91363525390625,194.10504150390625,-0.6374916076659929
398,2019-06-20,186.8559334030423,187.794042989078,186.8559334030423,187.32498168945312,509110,0.0,0.0,175.04104766845703,176.58987331494356,45.66598705587312,186.6468922719045,183.28595422201866,3.3609380498858457,4.207900429730633,188.38250274658202,3.5034151314874635,195.38933300955694,181.3756724836071,2014243.7,183.91363525390625,199.9895477294922,0.06396026611326988
397,2019-06-19,188.26311381874976,188.3910337191165,187.1544269671176,187.23971557617188,930386,0.0,0.0,174.60004577636718,176.15170562618806,45.43531723149229,186.52360328689565,182.96283202462388,3.5607712622717713,4.419641024691829,188.31854248046875,3.535270072019606,195.38908262450795,181.24800233642955,2104127.15,183.91363525390625,199.9895477294922,0.5372856140136832
396,2019-06-18,187.4102939378064,188.3910479499421,186.98387688675336,188.1352081298828,1042853,0.0,0.0,174.13975952148436,175.69913379149486,45.43531723149242,186.39340105248178,182.62068134050006,3.772719711981722,4.6343584652968435,187.78125686645507,4.414967949920716,196.6111927662965,178.95132096661362,2114644.1,176.49400329589844,199.9895477294922,0.6417579650878906
395,2019-06-17,187.41026306152344,188.3483856245685,186.6000734006465,187.41026306152344,1619466,0.0,0.0,173.7295703125,175.19153892054024,43.201739586259755,186.07670885659067,182.1795191973494,3.8971896592412634,4.849768153625623,187.13949890136718,5.220229400393059,197.5799577021533,176.69904010058104,2092913.05,175.300048828125,199.9895477294922,0.7568901062011548
394,2019-06-14,184.8517622827537,188.0925339588657,184.80911798177584,187.7940368652344,4263601,0.0,0.0,173.3825778198242,174.69281548621439,36.34683691389498,185.83424445569378,181.76105968821548,4.0731847674782955,5.087912777221714,186.38260879516602,6.186840690203396,198.75629017557281,174.00892741475923,2071198.7,172.2724609375,199.9895477294922,0.8869461059570654
393,2019-06-13,184.1268517769666,185.06497436381989,183.57251489314396,183.9989318847656,3808934,0.0,0.0,173.0354653930664,174.15807175645847,18.27419742539162,185.47791856305003,181.27842151405395,4.199497048996079,5.341594779657568,185.49566268920896,7.167633469912685,199.83092962903433,171.16039574938358,1886118.1,170.05511474609375,199.9895477294922,0.9317199707030852
392,2019-06-12,186.89859015531255,187.58086004651827,185.1502906389437,185.6193389892578,1019193,0.0,0.0,172.67525756835937,173.7564039961194,49.431790225742766,185.746825231829,181.060780684397,4.6860445474320045,5.627119212322939,184.56394271850587,8.465983265300359,201.4959092491066,167.63197618790514,1710280.05,165.36453247070312,199.9895477294922,1.0703071594238338
391,2019-06-11,183.48722556265287,189.20122363831896,183.48722556265287,187.45291137695312,1438325,0.0,0.0,172.132353515625,173.27220256782803,62.11120610717917,185.77000454866013,180.69609602000813,5.073908528651998,5.862387878545673,183.49363555908204,9.60239134368773,202.6984182464575,164.28885287170658,1672372.9,164.21319580078125,199.9895477294922,1.3261566162109375
390,2019-06-10,186.72798987841455,187.4955482377605,183.52986258084,183.91363525390625,2536822,0.0,0.0,171.56453277587892,172.69339812663924,60.039724941771375,185.46402148897047,180.15555079145255,5.308470697517919,6.059507716019091,182.1674789428711,10.785444379620648,203.73836770211238,160.59659018362981,1612155.95,160.92977905273438,199.9895477294922,1.0212677001953239
389,2019-06-07,187.7087801359155,188.30576136994424,186.813301778265,187.11178588867188,1561337,0.0,0.0,171.06329864501953,172.2354292643018,67.36529490878002,185.7459098953458,179.85490403445627,5.891005860889521,6.247266970644383,181.14621124267578,11.551245112038494,204.24870146675278,158.04372101859877,1500808.75,160.92977905273438,199.9895477294922,1.2579299926757699
388,2019-06-06,186.8132857627764,187.8366839352633,186.0030960851081,186.1736602783203,954061,0.0,0.0,170.59633575439454,171.62823103473568,68.31395681467579,185.49756880565016,179.27435348611903,6.2232153195311355,6.336332248083099,179.88828125,12.218041852672618,204.32436495534523,155.45219754465478,1438349.95,160.92977905273438,199.9895477294922,1.1939682006835994
387,2019-06-04,188.39102418259407,188.476312787331,187.0691419016705,187.32498168945312,426264,0.0,0.0,170.09691955566407,171.03454004520162,73.09416939618183,185.37464308334648,178.72240894274293,6.652234140603554,6.36461148022109,178.6943130493164,12.727635709683481,204.14958446868337,153.23904162994944,1407973.4,160.92977905273438,199.9895477294922,1.3900672912597543
386,2019-06-03,188.00726318359372,189.6702869737072,187.87934328174453,188.00726318359372,1107052,0.0,0.0,169.59546630859376,170.36962405972196,74.778003977528,185.02003606405435,178.0342031230061,6.985832941048244,6.292705815125473,177.30424575805665,13.243155502258665,203.79055676257397,150.81793475353933,1402676.6,159.5236358642578,199.9895477294922,1.2835472106933707
385,2019-05-31,188.9453760000285,190.09669409634944,187.7514005876931,187.87933349609372,911553,0.0,0.0,169.11311157226564,169.6497204220129,76.33336275554078,184.47690386050172,177.2363583181591,7.24054554234263,6.119424033644779,176.02069854736328,13.394375423978218,202.80944939531972,149.23194769940685,1359834.95,159.5236358642578,199.9895477294922,1.2897460937500114
384,2019-05-30,189.3291407567217,189.9261219312398,188.60422667916956,189.0732879638672,1019035,0.0,0.0,168.56698760986328,168.9056545822545,74.35065698917454,183.85828029039408,176.38492030392433,7.473359986469745,5.839143656470315,174.73095245361327,13.434246375133874,201.59944520388103,147.8624597033455,1336014.05,159.5236358642578,199.9895477294922,1.3746307373046704
383,2019-05-29,190.0966861220716,190.94952008944423,188.56159539137175,189.0732879638672,1198642,0.0,0.0,168.17246032714843,168.08248587280093,75.0788696057324,182.91009707703532,175.3698508911289,7.540246185906426,5.430589573970458,173.3563217163086,13.29530110999088,199.94692393629037,146.76571949632682,1317663.7,159.5236358642578,199.9895477294922,1.1458419799804744
382,2019-05-28,190.09670041701796,190.94953444852223,188.6468851661036,189.96878051757807,1504949,0.0,0.0,167.76533905029297,167.2257184405125,75.85663675180157,181.78951691579317,174.2735759253098,7.515940990483358,4.903175420986466,172.21047973632812,12.849517033516811,197.90951380336173,146.51144566929452,1296511.95,159.5236358642578,199.9895477294922,0.9975074768066463
381,2019-05-27,189.32914778518528,190.8642515860864,188.988019390858,190.05406188964844,3015243,0.0,0.0,167.36129821777342,166.297430192469,77.16199984578476,180.302378079105,173.01795955792835,7.284418521176661,4.249984028612243,171.21297225952148,12.153921184235093,195.52081462799165,146.9051298910513,1240335.8,159.5236358642578,199.9895477294922,0.9471984863281193
380,2019-05-24,194.4461699300764,197.77221763148896,191.461250654834,194.10504150390625,5326401,0.0,0.0,166.97822113037108,165.3277717558494,78.90045310799995,178.5293446590062,171.65507137139076,6.874273287615438,3.4913754054711377,170.26577377319336,11.317704875462054,192.90118352411747,147.63036402226925,1156182.4,159.5236358642578,199.9895477294922,0.9566413879394418
379,2019-05-23,190.1819579687708,204.2537171906754,185.32080738566447,199.9895477294922,6091647,0.0,0.0,166.357958984375,164.1531893171532,88.420176109609,175.69739977811528,169.85907376078953,5.838326017325755,2.6456509349350625,169.30913238525392,9.918762299918573,189.14665698509106,149.47160778541678,1079212.1,159.5236358642578,199.9895477294922,2.094660186767584
378,2019-05-22,178.32763723281104,188.81748752973868,178.24234860713796,186.0457763671875,2306779,0.0,0.0,165.4462097167969,162.6904808105271,84.08374421306877,171.28064560513766,167.44863584329332,3.832009761844347,1.8474821643373893,167.21447219848633,7.130150133252775,181.47477246499187,152.9541719319808,820973.95,158.09634399414062,186.0457763671875,1.548600769042963
377,2019-05-21,174.7456908981745,177.3894816472414,174.7030596064273,176.49400329589844,1140725,0.0,0.0,164.89813568115235,161.7372034408675,66.72002408734625,168.59607637567407,165.9608646013818,2.635211774292287,1.35135026496065,165.66587142944337,6.116230963320994,177.89833335608535,153.4334095028014,775342.95,155.07376098632812,176.49400329589844,0.8149345397949332
376,2019-05-20,177.38948973437238,178.24232381963375,172.40040513030698,175.300048828125,608232,0.0,0.0,164.5007958984375,161.13488507943765,57.8634830120523,167.16008966290602,165.11821350582045,2.041876157085568,1.0303848876277404,164.85093688964844,5.666863756858827,176.1846644033661,153.51720937593078,741484.5,155.07376098632812,175.300048828125,0.4256950378417912
375,2019-05-17,178.83927986564316,180.8008005878713,168.8611250773515,172.2724609375,1185179,0.0,0.0,164.0542904663086,160.55671513051163,51.836529425407406,165.68009708741167,164.3036666800361,1.3764304073755795,0.7775120702632833,164.42524185180665,5.1354819824385824,174.6962058166838,154.1542778869295,725335.4,155.07376098632812,174.9722137451172,0.3561744689941406
374,2019-05-16,164.59698169817625,172.95475850103767,163.57358337834367,170.05511474609375,561989,0.0,0.0,163.66162017822265,160.07852142410394,42.61487781949287,164.4814854783047,163.66616313943896,0.8153223388657409,0.6277824859852092,164.0690673828125,4.798563715529962,173.66619481387244,154.47193995175257,675608.15,155.07376098632812,174.9722137451172,0.33346710205077557
373,2019-05-15,165.87623815358418,167.92303485867615,163.65886421205445,165.36453247070312,292173,0.0,0.0,163.53830841064453,159.67131353341048,57.991259957870106,163.46809833870668,163.15504701090657,0.31305132780011036,0.5808975227650762,163.73560028076173,4.5877880424482145,172.91117636565815,154.5600241958653,654020.7,155.07376098632812,174.9722137451172,0.0464630126953125
372,2019-05-14,159.73581712360533,165.44980254707264,159.73581712360533,164.21319580078125,261050,0.0,0.0,163.6213150024414,159.43893725025566,59.65152403849253,163.12329213288916,162.97828817412287,0.14500395876629568,0.6478590715063177,163.68913726806642,4.5751107425990485,172.83935875326452,154.53891578286832,645693.55,155.07376098632812,174.9722137451172,-0.07827301025389488
371,2019-05-13,164.51167938041783,166.30263605086685,160.41808644204508,160.92977905273438,233986,0.0,0.0,163.7046792602539,159.24406955431584,50.746633062439585,162.92512782963607,162.8794955639902,0.04563226564587808,0.7735728496913232,163.7674102783203,4.5978830698774695,172.96317641807525,154.57164413856538,657277.9,155.07376098632812,174.9722137451172,-0.2718299865722713
370,2019-05-10,162.03846599896792,164.98074080525365,159.90638092003414,163.48828125,309878,0.0,0.0,163.59595489501953,159.17526508499265,46.901524715518995,163.28791851634546,163.03547288489065,0.2524456314548047,0.9555579957026845,164.03924026489258,4.5819709689808406,173.20318220285426,154.8752983269309,660319.4,155.07376098632812,174.9722137451172,-0.2068733215332088
369,2019-05-09,163.82943141533866,164.5543325729407,160.33280649396085,161.95318603515625,312161,3.0,0.0,162.9180288696289,158.9992236088699,47.003182559767076,163.25148892840826,162.99924821568192,0.25224071272634774,1.1313360867646545,164.2461135864258,4.648702419040852,173.5435184245075,154.94870874834407,681735.4,155.07376098632812,174.9722137451172,-0.16818389892577557
368,2019-05-08,158.68402229567175,164.39329126855944,155.78741175252432,162.29429626464844,346530,0.0,0.0,162.2388995361328,158.87865371391945,49.00306754879019,163.4875439999086,163.08293319012398,0.4046108097846286,1.351109930274231,164.41429748535157,4.622152168348736,173.65860182204904,155.1699931486541,712075.15,155.07376098632812,174.9722137451172,-0.14902954101560795
367,2019-05-07,163.5956916937139,164.39330731078516,156.66900750487113,159.5236358642578,320328,0.0,0.0,161.59744720458986,158.73923973225703,45.368179702925985,163.70449813359227,163.14602414416203,0.5584739894302402,1.5877347103966315,164.56332702636718,4.598189208128927,173.75970544262503,155.36694861010932,706839.7,155.07376098632812,174.9722137451172,-0.23508834838867188
366,2019-05-06,162.6301706563699,165.31688236515504,160.36325805243405,162.33631896972656,250219,0.0,0.0,160.94004180908203,158.70722356360395,46.66125000554985,164.46465490983488,163.43581520655437,1.0288397032805108,1.845049890638229,164.79841537475585,4.444594061163245,173.68760349708234,155.90922725242936,703198.8,155.07376098632812,174.9722137451172,-0.2644714355468807
365,2019-05-03,162.88202723344048,167.75169865112323,159.94343395861037,162.08441162109375,435135,0.0,0.0,160.37667083740234,158.55909722049688,45.87376520854599,164.85162508076365,163.5237749055006,1.3278501752630518,2.0491024374776585,165.06288681030273,4.447748676270137,173.958384162843,156.16738945776245,708263.8,155.07376098632812,174.9722137451172,-0.39881134033203125
364,2019-05-02,166.2404458531812,170.4384369100797,159.5236601621436,161.58067321777344,652028,0.0,0.0,159.77635833740234,158.41520683679906,44.25839581170286,165.35475480070363,163.63892396825315,1.7158308324504787,2.2294155030313103,165.46169815063476,4.523576219920934,174.50885059047664,156.41454571079288,712388.95,155.07376098632812,174.9722137451172,-0.442887115478527
363,2019-04-30,169.89266992212538,171.61383566934586,157.04681724174517,166.1564483642578,775607,0.0,0.0,159.1391030883789,158.28600412737154,50.83332046012775,166.04095145214546,163.8035840282915,2.2373674238539536,2.357811670676518,165.9045852661133,4.557090922878527,175.01876711187035,156.79040342035623,717645.1,155.07376098632812,174.9722137451172,0.008395385742204553
362,2019-04-26,170.77426421686224,174.63642095871913,167.08003735954378,170.0186309814453,381426,0.0,0.0,158.5673373413086,157.9647615054578,55.09470448072316,166.0199520135796,163.6153548814142,2.4045971321654065,2.3879227323821595,165.89618988037108,4.556757155699761,175.0097041917706,156.78267556897157,761026.3,155.07376098632812,174.9722137451172,0.5772247314453125
361,2019-04-25,176.31559772411944,180.5135881461223,168.75921496451434,171.11009216308594,1332175,0.0,0.0,157.77139831542968,157.4727668329685,57.40071823191733,165.29291947396766,163.1030927934117,2.189826680555967,2.383754132436348,165.31896514892577,4.734783215571739,174.78853158006925,155.8493987177823,776371.45,155.07376098632812,174.9722137451172,0.6024108886718693
360,2019-04-24,160.27924910875305,177.82685456121703,160.27924910875305,174.9722137451172,3786995,0.0,0.0,157.044306640625,156.91614130929023,57.976293349096245,164.23525171230978,162.46253284383772,1.7727188684720545,2.4322359954064425,164.7165542602539,4.725637383746742,174.1678290277474,155.2652794927604,723946.35,155.07376098632812,174.9722137451172,0.806014251708973
359,2019-04-23,157.84446197129776,161.2028547791977,154.4860691633978,158.09634399414062,926884,0.0,0.0,155.843681640625,156.17915876088912,31.075682595339373,162.28307679725387,161.46175837173536,0.8213184255185126,2.5971152771400394,163.91054000854493,4.233472053053427,172.3774841146518,155.44359590243806,550617.5,155.07376098632812,170.43841552734375,-0.2833648681640568
358,2019-04-22,160.3632313902459,161.2028294603519,153.31061272585544,155.07376098632812,1394159,0.0,0.0,154.88234161376954,156.10090630238906,23.47820864953364,163.04430094327446,161.73099152194294,1.3133094213315246,3.0410644900454207,164.19390487670898,4.007455012094703,172.2088149008984,156.17899485251957,576816.6,155.07376098632812,170.43841552734375,-0.30645446777344887
357,2019-04-18,167.8776296288042,169.93464231470668,157.0048373079626,160.1953125,463556,0.0,0.0,154.05617721557618,156.1428306010038,39.762595433432395,164.49349002635563,162.26356996479214,2.22992006156349,3.473003257223894,164.50035934448243,3.4718818925346935,171.44412312955183,157.55659555941304,527895.3,158.47413635253906,170.43841552734375,-0.10285034179685226
356,2019-04-16,166.82813053618074,169.80870618599698,165.86259789991965,166.78614807128906,285250,0.0,0.0,153.14101531982422,155.97742317655496,64.22413477958878,165.2749768493294,162.4290305619755,2.8459462873538826,3.7837740561389945,164.60320968627929,3.3665068990773364,171.33622348443396,157.8701958881246,514254.25,158.47413635253906,170.43841552734375,0.1448310852050554
355,2019-04-15,163.42779260011642,167.08005007551432,162.46225974679407,165.1489715576172,190634,0.0,0.0,152.10411178588868,155.53625073187195,60.80477602497002,165.0002184453367,162.08046116123043,2.919757284106282,4.018230998335272,164.45837860107423,3.329759026776077,171.11789665462638,157.79886054752208,524293.85,158.47413635253906,170.43841552734375,0.228791809082054
354,2019-04-12,164.6031872188399,166.1564358014848,162.88200879050498,163.38577270507812,130240,0.0,0.0,151.10077346801756,155.1438947798007,58.51736553036818,164.9731724249221,161.83498032951948,3.1381920954026157,4.29284942689252,164.22958679199218,3.435341787944982,171.10027036788213,157.35890321610222,536866.3,158.47413635253906,170.43841552734375,-0.29805755615234375
353,2019-04-11,165.40080478520596,167.03801831093162,164.05744287057286,164.43527221679688,125630,0.0,0.0,150.13187744140626,154.80749159917713,51.1018467247496,165.2617905558028,161.7109169394748,3.550873616328005,4.581513759764996,164.52764434814452,3.6123198610524803,171.7522840702495,157.30300462603955,544566.9,158.47413635253906,170.43841552734375,-0.2140975952148665
352,2019-04-10,166.24043756133557,170.18654639574328,164.64520616378292,165.77865600585938,492737,0.0,0.0,149.25455001831054,154.41452096172327,57.218516838873114,165.41206661744025,161.49296851728903,3.919098100151217,4.8391737956242435,164.7417419433594,3.731484333205818,172.204710609771,157.27877327694776,571046.1,158.47413635253906,170.43841552734375,-0.19940414428708664
351,2019-04-09,168.75923878700362,168.80122125940002,162.12641810843309,166.3663787841797,294816,0.0,0.0,148.34789001464844,153.95067871502383,56.39690066379775,165.34541400136402,161.1501135182034,4.195300483160622,5.0691927194924995,164.94114608764647,3.892879427823814,172.7269049432941,157.15538723199884,581193.75,158.47413635253906,170.43841552734375,-0.22669143676759518
350,2019-04-08,166.6182325701557,169.93464234740185,165.6107174596473,167.62574768066406,738198,0.0,0.0,147.46151794433592,153.443915446895,55.74193748091743,165.1597840408521,160.73281229692532,4.426971743926771,5.287665778575469,165.16783752441407,4.106394495568925,173.3806265155519,156.95504853327623,885721.05,158.47413635253906,170.90020751953125,0.22669067382813068
349,2019-04-05,165.40082894982174,170.56435224177537,163.09193412945623,165.31686401367188,918956,0.0,0.0,146.6822351074219,152.86506515163913,57.07132488312077,164.71142701543172,160.18137746622622,4.530049549205501,5.502839287237642,164.94114685058594,4.0886706006940186,173.11848805197397,156.7638056491979,911652.9,158.47413635253906,170.90020751953125,0.5457389831543082
348,2019-04-04,165.3168567399387,166.24041975194953,161.62263031439537,165.27488708496094,241821,0.0,0.0,145.87847244262696,152.3568284633929,45.183736834753255,164.60134756120624,159.77053854243056,4.830809018775682,5.746036721745678,164.39540786743163,4.716161310219404,173.82773048787044,154.96308524699282,904412.6,154.40208435058594,170.90020751953125,0.33164062499997726
347,2019-04-03,168.0035944970818,169.5988258533805,163.7636212884971,164.22540283203125,247510,0.0,0.0,145.07472808837892,151.82956076455338,44.63394467116743,164.47888582961448,159.33019065902812,5.148695170586365,5.974843647488176,164.06376724243165,4.8813771927403655,173.82652162791237,154.30101285695093,905785.4,154.40208435058594,170.90020751953125,0.3799194335937557
346,2019-04-02,169.72474283224386,173.16710000533465,166.32438093568433,167.62574768066406,351519,0.0,0.0,144.3125129699707,151.3236080271053,47.29010437710177,164.5249736473569,158.93857368518786,5.5863999621690255,6.1813807667136285,163.6838478088379,5.156097144366663,173.99604209757123,153.37165352010456,935924.8,154.40208435058594,170.90020751953125,0.7325485229492301
345,2019-04-01,177.53305818204225,179.42215435926929,169.17905764944442,170.06063842773438,517638,0.0,0.0,143.50365249633788,150.658214571858,48.901138843709354,163.96119655039195,158.24359976554976,5.717596784842186,6.330125967849779,162.95129928588867,5.5891553309323925,174.12960994775347,151.77298862402387,928301.35,152.9747772216797,170.90020751953125,0.8710845947265682
344,2019-03-28,166.15646006200885,172.1176117394358,166.15646006200885,170.43841552734375,757151,0.0,0.0,142.64280807495118,149.8662789042712,58.049654295169766,162.85220711814787,157.29823667257497,5.553970445572901,6.483258263601677,162.0802146911621,5.777272338501855,173.63475936816582,150.52567001415838,934124.75,152.63894653320312,170.90020751953125,0.32744445800778976
343,2019-03-27,161.45471606555307,174.00670501071008,160.3632359809198,165.98854064941406,1643231,0.0,0.0,141.77194259643554,149.02659985843152,61.61613472898898,161.47289649829406,156.24702236419347,5.225874134100593,6.715580218108871,161.7527702331543,5.455226020946432,172.66322227504716,150.84231819126146,919323.0,152.63894653320312,170.90020751953125,-0.17631607055662357
342,2019-03-26,159.1877998394213,165.06498635315785,157.29870417429171,158.47413635253906,688329,0.0,0.0,140.97857299804687,148.33427574451386,49.81980040840438,160.6518702889995,155.46770090137582,5.184169387623683,7.08800673911094,161.92908630371093,5.652744555735231,173.23457541518138,150.62359719224048,891759.7,152.63894653320312,170.90020751953125,-0.49536361694336506
341,2019-03-25,158.76802271016473,161.49671682520128,155.4096299531967,159.06187438964844,283673,0.0,0.0,140.38067901611328,147.9204038829618,52.53498389293688,161.0478219138105,155.22718606528278,5.820635848527729,7.563966076982752,162.4244499206543,5.766988551024556,173.9584270227034,150.8904728186052,1071549.85,152.63894653320312,170.90020751953125,0.1784156799316463
340,2019-03-22,162.21032049261163,165.35881278793116,155.99730082101365,158.8519287109375,320418,0.0,0.0,139.78171112060548,147.4656499847297,55.70958066345664,161.40890328184,154.9204109993335,6.488492282506485,7.999798634096507,162.24603424072265,5.9294033108605335,174.10484086244372,150.38722761900158,1206546.45,152.63894653320312,170.90020751953125,1.4629974365234375
339,2019-03-20,160.44723082948565,165.0650212082267,159.3557505413509,163.76364135742188,1450866,0.0,0.0,139.16640197753907,147.00090391427224,61.86214769127841,161.8738077492768,154.6058895824052,7.2679181668715955,8.377625221994013,160.7830368041992,9.403131410481363,179.58929962516194,141.97677398323648,1195997.15,129.59197998046875,170.90020751953125,1.7883460998534986
338,2019-03-19,166.57627356202283,167.8776533015116,160.53116923645575,161.20285034179688,415733,0.0,0.0,138.45860992431642,146.31671054924573,47.583114166332656,161.53020163870497,153.8732694404039,7.656932198301064,8.655051985774616,158.99469070434571,11.881107733889923,182.75690617212555,135.23247523656588,1128962.4,127.99671936035156,170.90020751953125,1.5490585327148665
337,2019-03-18,163.80558081630514,166.15644505186268,160.866987710609,162.2523193359375,190735,0.0,0.0,137.77656478881835,145.7091130066926,43.96369884417461,161.58972005632464,153.28690296829248,8.302817088032157,8.904581932643003,157.44563217163085,13.488927712713132,184.42348759705712,130.46777674620458,1120004.85,127.99671936035156,170.90020751953125,1.7799476623534929
336,2019-03-15,158.68402135073586,165.98852135859934,157.8444233541711,163.8895263671875,486042,0.0,0.0,137.09653457641602,145.03388009529485,46.23502027139367,161.46924746003137,152.56966965888088,8.899577801150485,9.055023143795713,155.66568450927736,15.076589348598255,185.81886320647385,125.51250581208085,1119727.9,126.6533660888672,170.90020751953125,1.4860877990722656
335,2019-03-14,171.11009401126455,171.11009401126455,158.0963235624926,160.57313537597656,442083,0.0,0.0,136.4231968688965,144.26426188011555,53.66889110536786,161.02919674963934,151.66408112221634,9.365115627422995,9.093884479457019,154.1795967102051,15.676208891798948,185.532014493803,122.82717892660719,1160257.55,126.6533660888672,170.90020751953125,1.425217437744152
334,2019-03-13,169.5988058049367,173.54491407082145,168.7592077563974,169.346923828125,284252,0.0,0.0,135.82604568481446,143.59859357416204,73.01892913713075,161.1121169993962,150.95135678191554,10.160760217480657,9.026076692465525,152.75437927246094,16.345790815658496,185.44596090377792,120.06279764114394,1150627.7,126.6533660888672,170.90020751953125,1.9814506530761662
333,2019-03-12,171.27800071362083,175.8118250197757,167.08001050005169,168.71722412109375,655214,0.0,0.0,135.04766769409179,142.54764131889823,73.31728437842891,159.6148793941728,149.47971141821878,10.135167975954005,8.742405811211741,150.77292861938477,16.628061384890877,184.0290513891665,117.51680584960302,1147739.05,126.6533660888672,170.90020751953125,1.5574531555175781
332,2019-03-11,170.43841995614193,175.81184284996334,168.0035905098402,169.76673889160156,695690,0.0,0.0,134.2835270690918,141.47949508207392,72.34342467702096,157.9599076256417,147.9407104019888,10.019197223652895,8.394215270026175,149.2154754638672,16.314686671971128,181.84484880780946,116.58610211992493,1132888.3,126.6533660888672,170.90020751953125,1.9772529602050781
331,2019-03-08,165.02302041709467,187.06247205123188,165.02302041709467,170.90020751953125,6385362,0.0,0.0,133.47210494995116,140.3249137020932,74.33054851449758,155.8132110318308,146.19462812281978,9.618582909011025,7.987969781619494,147.23822250366212,16.08763874439443,179.41349999245097,115.06294501487326,1117215.65,126.6533660888672,170.90020751953125,1.8072349548340014
330,2019-03-07,155.24168668676558,168.54932196382697,153.436555859972,163.09193420410156,1256835,0.0,0.0,132.62486770629883,139.07694252587123,65.95645064947922,153.0701207613398,144.21818177108287,8.85193899025694,7.580316499771611,145.4309875488281,15.300562320807295,176.03211219044272,114.82986290721352,898862.35,126.6533660888672,169.51486206054688,2.407548522949213
329,2019-03-06,159.77551983853536,162.25233165340063,149.61637777739287,154.40208435058594,774150,0.0,0.0,132.0052751159668,138.09673878390265,63.28669544837168,151.24797286265587,142.70828157644135,8.53969128621452,7.262410877150278,143.0234390258789,16.140572702792696,175.3045844314643,110.74229362029351,864561.65,114.9409637451172,169.51486206054688,2.218637084960932
328,2019-03-05,157.76049392795235,162.04244979842167,154.15023197937225,158.64207458496094,269277,0.0,0.0,131.58494857788085,137.43121447505843,67.60346962867649,150.6744980466686,141.77277735450977,8.901720692158818,6.943090774884217,140.80480194091797,17.48763995415711,175.7800818492322,105.82952203260375,833212.25,110.0293426513672,169.51486206054688,2.2438266754150504
327,2019-03-01,153.7304035355244,162.84003442201148,152.97475762611012,156.62701416015625,850298,0.0,0.0,131.11679428100587,136.5654650828175,60.83013512339446,149.22584776697906,140.4232335760737,8.80261419090536,6.453433295565567,138.56097526550292,17.951384115936122,174.46374349737516,102.65820703363067,847988.05,110.0293426513672,169.51486206054688,2.1094898223876726
326,2019-02-28,153.64645829011613,155.78743609083514,151.1276638919175,152.9747772216797,199050,0.0,0.0,130.7448094177246,135.74662634496693,62.40841272353537,147.88018115003774,139.1269311293471,8.753250020690643,5.866138071730619,136.45148544311525,18.19393567677558,172.8393567966664,100.06361408956408,807744.25,110.0293426513672,169.51486206054688,1.9016902923584098
325,2019-02-27,164.5612377244597,167.20596677767378,151.96726544962857,152.63894653320312,634106,0.0,0.0,130.44833389282226,135.04343651326434,59.32573837876308,146.95389095519377,138.0191034419605,8.93478751323326,5.144360084490612,134.54979515075684,18.362893272972958,171.27558169670274,97.82400860481093,799517.05,110.0293426513672,169.51486206054688,1.8828445434570256
324,2019-02-26,164.56120732668904,168.38138077330834,161.62261433871245,163.8895263671875,461116,0.0,0.0,130.15857498168944,134.32525243081787,73.43244634280212,145.9202444864648,136.8495159946611,9.07072849180372,4.196753227304949,132.6669506072998,18.34106421914164,169.3490790455831,95.98482216901652,769702.85,110.0293426513672,169.51486206054688,2.447427749633789
323,2019-02-25,167.7936960949398,173.6289006992873,164.7291551480335,169.51486206054688,1091965,0.0,0.0,129.63969650268555,133.11854737219053,78.67258234413869,142.6531023263334,134.686315164859,7.9667871614744,2.9782594111802556,130.21952285766602,17.18484820386634,164.5892192653987,95.84982644993335,750942.85,110.0293426513672,169.51486206054688,2.447298049926758
322,2019-02-22,162.67213880590373,177.91083984567254,160.8250254694546,168.38140869140625,4284132,0.0,0.0,129.03953201293945,131.63298350735965,75.68100329749231,137.76914601102186,131.90003141320398,5.869114597817884,1.7311274736067197,127.77222480773926,14.582409394231458,156.9370435962022,98.60740601927634,698095.05,110.0293426513672,168.38140869140625,2.396787643432617
321,2019-02-21,130.5575005476933,155.49356079101562,126.82129167947876,155.49356079101562,2983605,0.0,0.0,128.4751823425293,130.13304778556184,71.81087326953659,132.20328006913377,128.9815212309478,3.2217588381859628,0.6966306925539286,125.37543716430665,11.073837323592644,147.52311181149193,103.22776251712136,486226.3,110.0293426513672,155.49356079101562,1.6722892761230526
320,2019-02-20,126.02368783185932,131.39711088408836,126.02368783185932,129.59197998046875,109432,0.0,0.0,128.1620164489746,129.0979248057474,60.65975170023733,127.96868357424616,126.86055806614237,1.1081255081037824,0.06534865614591998,123.7031478881836,8.516264695017629,140.73567727821884,106.67061849814834,377592.8,110.0293426513672,137.5681610107422,0.04651870727539631
319,2019-02-19,128.5424657761907,130.97729498147476,125.10010866820346,127.99671936035156,110171,0.0,0.0,128.33401840209962,129.0777592884118,59.68829050479855,127.67353877311477,126.64204431299626,1.031494460118509,-0.19534555684354563,123.6566291809082,8.484888129252813,140.62640543941382,106.68685292240258,427789.4,110.0293426513672,137.5681610107422,0.1433994293212777
318,2019-02-18,131.90087600681656,137.69409818395823,127.61892026805884,130.2216796875,236582,0.0,0.0,128.7022444152832,129.12188336710815,61.757447785227185,127.61477866634445,126.53367030920785,1.0811083571365998,-0.5020555610840592,123.51322975158692,8.43174651684005,140.37672278526702,106.64973671790682,423947.2,110.0293426513672,137.5681610107422,0.2567005157470703
317,2019-02-15,134.67151690854354,136.72854230081555,125.1001046316922,126.6533660888672,185196,0.0,0.0,129.01446853637697,129.07699372137787,54.537752421842,127.14079666249799,126.23862955894448,0.9021671035535093,-0.897846540639224,123.25652923583985,8.2937842725818,139.84409778100346,106.66896069067624,413631.35,110.0293426513672,137.5681610107422,0.026935958862310372
316,2019-02-14,125.1840738509247,138.1138786418303,123.42091282886965,134.1677703857422,1296635,0.0,0.0,129.46789505004884,129.17591729821504,61.50189118350242,127.22942040315813,126.20545063655067,1.0239697666074647,-1.3478499516874072,123.22959327697754,8.283039483970626,139.7956722449188,106.66351430903629,408149.8,110.0293426513672,137.5681610107422,0.3492523193359318
315,2019-02-12,127.7448486234531,134.71351557024488,127.7448486234531,132.06878662109375,249486,0.0,0.0,129.7784278869629,128.97216819260169,58.47017433621153,125.96790222450647,125.56846505661534,0.39943716789113637,-1.940804881261125,122.88034095764161,7.9376189561213435,138.7555788698843,107.00510304539893,345421.9,110.0293426513672,137.5681610107422,0.252518463134777
314,2019-02-11,136.0148967261453,141.8920836217195,127.70288038404784,129.71791076660156,226479,0.0,0.0,130.12847549438476,128.84577560368365,50.83281622679125,124.85865051603606,125.04843933145706,-0.18978881542099657,-2.52586539354919,122.62782249450683,7.706903707110405,138.04162990872763,107.21401508028602,335311.65,110.0293426513672,137.5681610107422,0.1411384582519446
313,2019-02-08,128.58445062147416,140.84258864764763,128.58445062147416,137.5681610107422,358199,0.0,0.0,130.36861618041993,128.81017825009516,60.5240040168383,123.9751486522969,124.67488161664551,-0.6997329643486125,-3.1098845380812383,122.48668403625489,7.595265802597945,137.67721564145077,107.296152431059,325818.45,110.0293426513672,137.5681610107422,0.5624050140380916
312,2019-02-07,134.67153968468793,134.67153968468793,128.1226842883543,130.2216796875,382237,0.0,0.0,130.42381729125975,128.4527095659871,54.95610084469326,121.5036918598523,123.64341926511779,-2.1397274052654893,-3.712422431514395,121.9242790222168,6.793925424415501,135.5121298710478,108.3364281733858,309355.9,110.0293426513672,134.75550842285156,0.08211212158202841
311,2019-02-06,115.2348506606628,137.44222004722508,112.00239253038036,134.75550842285156,2018296,0.0,0.0,130.64073745727538,128.38050670388455,58.94721374959415,119.91860316391634,123.11715843132721,-3.1985552674108675,-4.105596188076621,121.84216690063477,6.697605448305394,135.23737779724556,108.44695600402397,291579.8,110.0293426513672,134.75550842285156,0.28210144042968466
310,2019-02-05,110.0713054810136,125.85573799862352,107.3006294544122,114.9409637451172,570821,0.0,0.0,130.68646469116212,128.12030255208998,29.280425860289654,117.22098402592812,122.18609043200527,-4.965106406077155,-4.332356418243059,121.56006546020508,6.227386166798657,134.0148377938024,109.10529312660776,194050.7,110.0293426513672,129.1134796142578,-0.6572753906250028
309,2019-02-04,109.06379706990072,113.00991871469616,107.55253061412952,110.0293426513672,147162,0.0,0.0,131.03399856567384,128.65823474829295,15.73984838582227,117.63553316789373,122.76570056695631,-5.130167399062586,-4.174168921284535,122.21734085083008,6.18558460492706,134.5885100606842,109.84617164097597,166421.25,110.0293426513672,129.1134796142578,-0.9172348022460852
308,2019-02-01,116.7041343886034,116.7041343886034,113.34574203209684,113.76554107666016,564793,0.0,0.0,131.53563369750975,129.41859769102462,19.00661858065213,119.01847689817129,123.78460920020345,-4.766132302032162,-3.9351693018400224,123.13457565307617,5.617167837558079,134.36891132819233,111.90023997796001,160404.8,113.76554107666016,129.1134796142578,-0.6667526245117159
307,2019-01-31,114.68909969171058,115.78056691663014,112.46415715427918,114.43721771240234,45422,3.0,0.0,132.00855407714843,130.05749796099866,21.821173289757482,119.97355613844603,124.58613465008692,-4.612578511640891,-3.7274285517919874,123.80132827758788,5.224226075866087,134.24978042932005,113.35287612585572,135262.05,114.43721771240234,129.1134796142578,-0.6906795501708984
306,2019-01-30,114.44802260026292,116.66632342569972,114.44802260026292,114.94097137451172,34506,0.0,0.0,132.46639816284178,130.69506042012503,20.143887535503367,120.98016312499944,125.39804800510169,-4.41788488010225,-3.5061410618297613,124.49200782775878,4.818433729008733,134.12887528577625,114.85514036974132,136493.6,114.94097137451172,129.1134796142578,-0.7640834808349695
305,2019-01-29,114.20154402158016,116.58416114842672,113.99614556110969,114.9820556640625,37822,0.0,0.0,132.94785247802736,131.33808446280312,19.718311240738416,122.07819798872448,126.23461413554888,-4.156416146824398,-3.278205107261639,125.25609130859375,4.419276889082741,134.09464508675924,116.41753753042828,138950.9,114.94097137451172,130.22264099121094,-0.7866760253906193
304,2019-01-28,120.77429256040746,121.47265232791854,113.74966283275184,114.94097137451172,85916,0.0,0.0,133.42848510742186,132.00567747499662,22.973007312473726,123.36840568411758,127.13481881326778,-3.7664131291502088,-3.0586523473709493,126.04276733398437,3.8589822723917693,133.7607318787679,118.32480278920083,140761.15,114.94097137451172,130.715576171875,-0.774352645874032
303,2019-01-25,120.4456669954691,123.23908115367468,119.95270565624335,120.56890106201172,35009,0.0,0.0,133.96498641967773,132.70219609134293,29.437267722438705,124.90066646768229,128.11032660836827,-3.2096601406859833,-2.881712151926134,126.8171199798584,2.9640948210256837,132.74530962190977,120.88893033780704,139330.65,120.4456558227539,130.715576171875,-0.49706459045410156
302,2019-01-24,122.04776122183252,123.11583566672708,119.5008154329706,120.4456558227539,46757,0.0,0.0,134.3223797607422,133.19743262315237,33.469314580226936,125.68826017780421,128.71364065207678,-3.0253804742725663,-2.799725154736172,127.3141845703125,2.6812054206385363,132.67659541158957,121.95177372903544,142993.7,120.4456558227539,130.715576171875,-0.43749885559081747
301,2019-01-23,127.30597116725214,127.42921777307455,120.77430222755716,122.04777526855467,810935,0.0,0.0,134.60747268676758,133.7179133088829,34.23796935546281,126.64146096963154,129.3750794384226,-2.7336184687910645,-2.7433113248520726,127.75168342590332,2.1658041348973587,132.08329169569805,123.42007515610861,143952.35,122.04777526855467,130.715576171875,-0.3245285034179659
300,2019-01-22,126.36114047773856,134.65923109302207,122.0066904330904,128.66160583496094,1113364,0.0,0.0,134.951720123291,134.19424547379427,44.80871128124927,127.47667655164551,129.96126377201205,-2.484587220366535,-2.7457345388673247,128.0762119293213,1.7029592999460716,131.48213052921344,124.67029332942914,106824.6,125.0876693725586,130.715576171875,-0.17253494262695312
299,2019-01-21,126.4843554483498,126.4843554483498,124.0606563904118,125.12873077392578,33327,0.0,0.0,135.18340927124024,134.42006749986908,26.71216453011158,127.26123486376997,130.06523640697614,-2.8040015432061693,-2.811021368492522,128.24874687194824,1.9256349570370723,132.1000167860224,124.39747695787409,52539.8,125.0876693725586,132.1123046875,-0.41285133361816406
298,2019-01-18,127.26488815983436,127.26488815983436,124.75903683216792,125.0876693725586,30265,0.0,0.0,135.43153076171876,134.79930573358104,28.18783915420154,127.64896288010527,130.46015685762018,-2.811193977514904,-2.81277632481411,128.6615982055664,2.098856612076201,132.85931142971882,124.463884981414,55280.25,125.0876693725586,133.38575744628906,-0.5073345184326286
297,2019-01-17,128.37402983674787,128.6615926781927,125.62168562243744,126.1146469116211,75565,0.0,0.0,135.59667098999023,135.19569905443907,30.54531456299533,128.11465260875013,130.8899558564251,-2.7753032476749695,-2.813171911638912,129.16893272399903,2.3949425123552377,133.95881774870952,124.37904769928856,59764.3,126.1146469116211,135.23435974121094,-0.5956562042236158
296,2019-01-16,127.59352090306643,128.6615953608836,125.7860170325825,127.18272399902344,42077,0.0,0.0,135.80124786376953,135.56635424394184,41.281100215993,128.47829000822813,131.27198057200943,-2.793690563781297,-2.8226390776298973,129.76458892822265,3.0002935869245975,135.76517610207185,123.76400175437345,60115.0,126.32006072998048,138.02777099609375,-0.5484138488769474
295,2019-01-15,125.37522961785784,129.64751523595783,125.37522961785784,127.01841735839844,47281,0.0,0.0,136.00089538574218,135.90854323353034,43.68609076410916,128.71384746444716,131.59912109784833,-2.8852736334011695,-2.829876206092047,130.3130027770996,3.469295363661848,137.25159350442328,123.3744120497759,59275.6,126.32006072998048,138.1510009765625,-0.5566291809082031
294,2019-01-14,126.36111072319235,128.12753212382407,125.3341186213077,126.8951416015625,36615,0.0,0.0,136.2449087524414,136.27140551414797,33.15634735624528,129.02210748372875,131.96557739700432,-2.943469913275578,-2.816026849264766,130.8696319580078,3.7910378934304103,138.45170774486863,123.28755617114697,73883.05,126.32006072998048,138.1510009765625,-0.5525230407714901
293,2019-01-11,128.5794439300289,128.5794439300289,125.08766989359042,126.32006072998048,28948,0.0,0.0,136.44702117919923,136.65411016364123,28.172625082903153,129.4088285532135,132.37121226063968,-2.96238370742617,-2.784166083262063,131.4221549987793,3.981764671007298,139.3856843407939,123.4586256567647,80563.7,126.32006072998048,138.1510009765625,-0.6593288421630916
292,2019-01-10,129.11346824263066,129.31886670470072,128.00432406936864,128.57943725585938,26715,0.0,0.0,136.51767776489257,137.07590809970904,28.906245465783755,129.97042270289225,132.8553043830924,-2.8848816802001522,-2.739611677221036,132.08148384094238,4.179320960567112,140.4401257620766,123.72284191980816,84443.7,127.10059356689452,139.5066375732422,-0.5792243957519645
291,2019-01-09,128.90808113409736,130.14047201506014,127.42922210616466,129.1134796142578,67714,0.0,0.0,136.54807723999022,137.42270282802943,25.284759145629536,130.22332914780733,133.19737375327105,-2.9740446054637175,-2.703294176476257,132.66070823669435,4.46164508067715,141.58399839804864,123.73741807534005,84752.35,127.10059356689452,140.16392517089844,-0.5360893249511491
290,2019-01-08,128.37403440930476,128.78483131941454,127.42920653066298,128.0864715576172,18232,0.0,0.0,136.58997817993165,137.76185479593846,20.623464564965317,130.42511997208908,133.5240852843921,-3.0989653123030223,-2.6356065692293917,133.1967975616455,4.653028862052689,142.50285528575088,123.89073983754012,87221.6,127.10059356689452,140.16392517089844,-0.5052803039550895
289,2019-01-07,127.59352704832106,130.46910551511797,127.59352704832106,128.37403869628906,26833,0.0,0.0,136.64831161499023,138.1567683975026,20.975584344990082,130.85032877472034,133.9590943825341,-3.1087656078137513,-2.519766883460984,133.7020778656006,4.617438921492075,142.93695570858475,124.46720002261644,88080.55,127.10059356689452,140.16392517089844,-0.9016990661621094
288,2019-01-04,127.42923869986409,128.6205475326201,125.78605064460616,127.10059356689452,61938,0.0,0.0,136.71568283081055,138.55606348734804,15.625101264310587,131.3005633344351,134.40589883743368,-3.105335502998571,-2.372517202372792,134.6037769317627,5.240961353111956,145.0856996379866,124.12185422553878,89188.2,127.10059356689452,146.40802001953125,-0.9366146087646428
287,2019-01-03,130.83882440370004,131.41393760805914,127.6756829749336,128.2508087158203,70053,0.0,0.0,136.80112823486328,139.02363368818288,15.228503442918452,132.06419420126068,134.9903232590768,-2.9261290578161265,-2.189312627216347,135.54039154052734,5.497061548796805,146.53451463812095,124.54626844293372,95578.8,128.2508087158203,146.40802001953125,-1.053694152832037
286,2019-01-02,130.71560237550526,132.1123095823008,129.60644552910742,130.22264099121094,83652,0.0,0.0,136.8537106323242,139.46334082991197,16.57466103277521,132.75753701679528,135.52948442253734,-2.771947405742054,-2.0051085195664022,136.59408569335938,6.021013708694774,148.6361131107489,124.55205827596983,96337.45,128.53834533691406,149.32469177246094,-0.9735885620117131
285,2019-01-01,131.45500556355952,132.64631404417403,130.34584893950648,130.715576171875,74027,0.0,0.0,136.81509552001953,139.84051225189978,18.99457570563554,133.21842720326515,135.95403189704345,-2.735604693778299,-1.8133987980224893,137.5676742553711,6.492365028391988,150.55240431215506,124.58294419858711,125317.25,128.53834533691406,149.6944122314453,-0.942779541015625
284,2018-12-31,130.5923405554483,131.9479779361476,130.14046142854852,130.4280242919922,57306,0.0,0.0,136.82824127197264,140.21295862251304,25.831350252456886,133.67349102715426,136.37310835505693,-2.699617327902672,-1.5828473240835366,138.5104537963867,6.806425733524317,152.12330526343536,124.89760232933808,132370.65,128.53834533691406,149.6944122314453,-0.5648460388183594
283,2018-12-28,129.72966865576103,133.67332178762507,129.23671984960785,130.51019287109375,108270,0.0,0.0,136.93751312255858,140.6123436972282,17.14783913830398,134.26357588809282,136.84871508010212,-2.585139192009308,-1.3036548231287526,139.07529983520507,6.564848419087684,152.20499667338044,125.94560299702971,133336.25,128.53834533691406,149.6944122314453,-0.4909011840820483
282,2018-12-27,129.64751205945296,130.83882063485103,128.62051974677752,129.1956329345703,65930,0.0,0.0,137.0262451171875,141.02467638400918,14.536077712748266,134.94600916391084,137.3557968568228,-2.409787692911948,-0.9832837309086135,139.56620101928712,6.250206413812925,152.06661384691296,127.06578819166127,143613.7,128.53834533691406,149.6944122314453,-0.5936027526855412
281,2018-12-26,132.11228332130634,132.3998336245454,128.1275484438357,128.53834533691406,68380,0.0,0.0,137.05993103027345,141.50749448398628,10.46886444335334,135.99153211470002,138.00860997060298,-2.0170778559029543,-0.6266577404077799,140.15980377197266,5.757809434738415,151.6754226414495,128.64418490249582,173538.25,128.53834533691406,149.6944122314453,-0.4251762390136662
280,2018-12-24,133.18037928954604,134.16628948507764,131.4961092482267,132.1123046875,27668,0.0,0.0,137.01474349975587,142.0368475103974,11.921843781414793,137.34665698338839,138.76623114129808,-1.4195741579096932,-0.2790527115339862,140.58498001098633,5.134725625232171,150.85443126145066,130.315528760522,174330.05,132.1123046875,149.6944122314453,-0.010267639160161934
279,2018-12-21,135.97377288230854,135.97377288230854,132.39983486444697,133.38575744628906,88136,0.0,0.0,136.90957962036134,142.4419308909238,13.108766374915575,138.29835740082265,139.29854525760194,-1.0001878567792915,0.0060776500599405425,140.5952476501465,5.117066511820412,150.8293806737873,130.36111462650567,175115.95,132.31765747070312,149.6944122314453,-0.08626708984374432
278,2018-12-20,137.78129328644158,138.15100803081867,135.15219533733696,135.23435974121094,119946,0.0,0.0,136.672138671875,142.81157062335788,38.38240105839238,139.19155739255604,139.771568282507,-0.5800108899509553,0.25764402676974857,140.68151473999023,5.002385318267644,150.68628537652552,130.67674410345495,172583.0,132.31765747070312,149.6944122314453,-0.10886001586914062
277,2018-12-19,138.31533386694667,141.0676658262022,136.38458324614027,138.02777099609375,82579,0.0,0.0,136.39772567749023,143.12084453691492,45.66568612117979,139.9110478746188,140.13454496581068,-0.22349709119188788,0.46705775594992455,140.79037475585938,4.900254636522978,150.59088402890532,130.98986548281343,182985.05,132.31765747070312,149.6944122314453,0.03491744995116619
276,2018-12-18,138.84936076424805,139.0958414267563,137.65805218807324,138.1510009765625,25289,0.0,0.0,136.11591873168945,143.3287250896015,44.629328472190224,140.25346185253244,140.303086883388,-0.04962503085556591,0.6396964677353776,140.7554573059082,4.923409411605413,150.60227612911905,130.90863848269737,179810.3,132.31765747070312,149.6944122314453,-0.04313430786132244
275,2018-12-17,138.84936076424805,140.36931440260958,136.26134514922947,138.1510009765625,339430,0.0,0.0,135.92530899047853,143.5400607676847,51.778612991156855,140.63572746634514,140.47525375593403,0.16047371041111091,0.8120268423831133,140.79859161376953,4.903127914870863,150.60484744351126,130.9923357840278,181086.85,132.31765747070312,149.6944122314453,-0.04313430786132244
274,2018-12-14,139.2601575917613,142.42329892925292,137.2061729665141,137.9456024169922,170228,0.0,0.0,135.73223434448244,143.76002239181213,57.882613425317416,141.0874959190329,140.66119397828373,0.4263019407491697,0.9749151253761138,140.84172592163085,4.882361055733213,150.60644803309728,131.07700381016443,166733.7,132.31765747070312,149.6944122314453,-0.19102172851563637
273,2018-12-13,140.53362988085362,144.60051691168945,138.84935998906542,139.5066375732422,106548,0.0,0.0,135.7051219177246,143.99734565609052,55.95103420978044,141.65874928304032,140.87844130318706,0.7803079798532622,1.1120684215328498,141.0327476501465,4.837618888347161,150.70798542684082,131.35750987345216,161021.3,132.31765747070312,149.6944122314453,0.05340347290038494
272,2018-12-12,141.19091755187944,142.7519409563593,138.93153431372124,140.16392517089844,32888,0.0,0.0,135.78481643676758,144.18063986355372,53.56763815032423,142.05004232118546,140.98818560158264,1.0618567196028152,1.1950085319527466,140.9793441772461,4.861190511230885,150.70172519970788,131.25696315478433,157869.35,132.31765747070312,149.6944122314453,0.27318115234376705
271,2018-12-11,135.60406294107634,141.1498212441842,133.26251553182007,139.83526611328125,117099,0.0,0.0,135.9105204772949,144.34458740202945,53.268987229644644,142.39297271214673,141.0541264360374,1.3388462761093365,1.2282964850402294,140.70616302490234,5.058922251841951,150.82400752858624,130.58831852121844,165346.45,132.31765747070312,149.6944122314453,0.028755950927717322
270,2018-12-10,143.7789181046624,144.2718794099177,137.1650853645426,138.19207763671875,35411,0.0,0.0,136.13645889282228,144.52864133218242,48.92932064704069,142.85801027557682,141.1516352618579,1.7063750137189118,1.2006590372729524,140.67740707397462,5.065763075468528,150.80893322491167,130.54588092303757,161219.9,132.31765747070312,149.6944122314453,-0.10269927978515625
269,2018-12-07,143.57352377421273,147.88689144124916,142.95732839320752,146.40802001953125,48986,0.0,0.0,136.31145858764648,144.78727658505846,62.26149178805567,143.7063616644601,141.38839987186904,2.3179617925910634,1.0742300431614624,140.78010635375978,5.033442933103668,150.84699221996712,130.71322048755243,162553.7,132.31765747070312,149.6944122314453,0.4436607360839844
268,2018-12-06,147.06527632592432,150.80353027056432,143.5735030053367,145.8328857421875,189750,0.0,0.0,136.2227262878418,144.72112379181468,56.28961317669536,143.21515105444718,140.98683026005608,2.228320794391095,0.7632971058040621,140.3364456176758,4.9005761057390185,150.13759782915383,130.53529340619775,161358.6,132.31765747070312,149.6944122314453,0.6244102478027571
267,2018-12-05,149.6944065212632,153.5969775579575,145.8329176869976,149.32469177246094,85226,0.0,0.0,136.3122801208496,144.67574575302393,66.92202707683725,142.73919929303983,140.59914582148556,2.1400534715542676,0.3970411836573038,139.71203536987304,4.9586364608189655,149.62930829151097,129.7947624482351,153681.65,132.31765747070312,149.6944122314453,0.649060058593733
266,2018-12-04,148.70850201818843,163.086395859726,145.8329232498809,149.6944122314453,663248,0.0,0.0,136.43058944702148,144.4859928542714,71.09820582781752,141.5418370240542,139.90110214540752,1.6407348786466684,-0.03871188831693717,139.0629753112793,4.458532842326315,147.98004099593194,130.14590962662666,150935.2,132.31765747070312,149.6944122314453,0.6264656066894645
265,2018-12-03,143.08056787768336,151.1732725362169,139.7941923877656,149.5711669921875,215095,0.0,0.0,136.94737197875978,144.2734043082643,62.898226735519,140.05955062271036,139.1176373385245,0.9419132841858584,-0.45857358005783855,138.43650970458984,3.7021834469864223,145.8408765985627,131.032142810617,123202.25,132.31765747070312,149.5711669921875,0.5176040649413949
264,2018-11-30,141.31414812613227,143.6967653764385,136.67214769357682,141.72494506835938,76618,0.0,0.0,137.55781631469728,144.0571690966756,52.23325999736396,138.33016582825996,138.28135496623148,0.048810862028489055,-0.8086952961187628,137.91890563964844,2.632695598098875,143.1842968358462,132.6535144434507,117682.25,132.31765747070312,141.7660369873047,0.23620910644532955
263,2018-11-29,142.4232831456124,142.5465171948593,136.8775252720372,140.32821655273438,313819,0.0,0.0,138.39666366577148,144.15236191415792,54.05725263079043,137.71293323915097,138.00586775806124,-0.2929345189102719,-1.0230718356555757,137.6826965332031,2.4807871329203532,142.64427079904382,132.7211222673624,126225.45,132.31765747070312,141.7660369873047,0.5237663269042798
262,2018-11-28,138.0277926805978,144.14866550347315,136.91863576051688,141.06768798828125,664421,0.0,0.0,139.24208389282228,144.3084494799303,60.19523707272502,137.2374271821358,137.8200798544874,-0.5826526723515997,-1.2056061648419016,137.15893020629883,2.9536085139393493,143.06614723417752,131.25171317842015,114797.35,129.85289001464844,141.7660369873047,0.5484138488769474
261,2018-11-27,132.2766228128955,140.4925621180443,131.45502888238065,137.0418701171875,84216,0.0,0.0,140.01438186645507,144.44072545918127,50.94763483645539,136.541016126473,137.56027120378388,-1.0192550773108735,-1.361344537964477,136.6105163574219,3.1978243483912068,143.0061650542043,130.21486766063947,84991.4,129.85289001464844,141.7660369873047,0.2916671752929858
260,2018-11-26,138.0277307286614,138.7671599858125,131.9479428421276,132.31765747070312,43386,0.0,0.0,140.8819172668457,144.74271955477286,42.64334139516272,136.44995176452494,137.6017432907116,-1.1517915261866563,-1.446866903127878,136.3188491821289,3.4150561606546477,143.1489615034382,129.4887368608196,85921.75,129.85289001464844,141.7660369873047,0.06572570800781818
259,2018-11-22,137.206165961255,138.43855667348186,131.90688840598492,135.11109924316406,37477,0.0,0.0,141.96579727172852,145.2498649459594,43.622425894910904,137.20127799976527,138.02447015631228,-0.8231921565470088,-1.5206357473631833,136.25312347412108,3.507513435138067,143.2681503443972,129.23809660384495,91441.85,129.85289001464844,141.7660369873047,0.168424987792946
258,2018-11-21,137.32939566577184,138.80826698088256,135.72729029795445,137.41156005859375,327987,0.0,0.0,142.9700907897949,145.66369211750205,50.63938570333377,137.5813105009655,138.25753982936413,-0.676229328398648,-1.6949966450672267,136.08469848632814,3.6434774252447837,143.3716533368177,128.79774363583857,90958.5,129.85289001464844,141.7660369873047,0.30193481445314774
257,2018-11-20,139.67096973967034,139.75313414824632,136.38459398108986,137.3294219970703,19084,0.0,0.0,143.90874618530273,146.0005138341922,59.53880333068314,137.61217421776036,138.32521821102577,-0.7130439932654156,-1.9496884742343714,135.782763671875,3.775552656234436,143.33386898434387,128.2316583594061,76930.6,129.85289001464844,141.7660369873047,0.3224746704101449
256,2018-11-19,142.05358209499437,142.05358209499437,138.02777694860467,139.01368713378906,50820,0.0,0.0,144.89484451293944,146.35443594999307,61.80625332944241,137.66358371243126,138.40488190814222,-0.7412981957109537,-2.2588495944766103,135.46028900146484,3.9095497180159464,143.27938843749675,127.64118956543295,80390.6,129.85289001464844,141.7660369873047,0.5360900878906136
255,2018-11-16,141.76603174826835,141.76603174826835,135.68622928932956,139.01368713378906,52367,0.0,0.0,145.92495376586913,146.65405835065445,60.04228794675724,137.41811036309346,138.35617749009046,-0.938067126996998,-2.6382374441680243,134.92419891357423,4.125775981618802,143.17575087681183,126.67264695033663,82859.55,128.29188537597656,141.7660369873047,0.3820411682129077
254,2018-11-15,137.2061881087211,144.23081880961703,135.6862343036837,141.7660369873047,55980,0.0,0.0,147.00086318969727,146.96591023705713,64.8190034316467,137.12800549569425,138.30357671859457,-1.1755712229003166,-3.0632800234607807,134.54215774536132,4.08068286260109,142.7035234705635,126.38079202015915,83232.8,128.29188537597656,141.7660369873047,0.2937210083007642
253,2018-11-14,134.7003134718795,139.9585218005468,134.00196619914948,138.43856811523438,43509,0.0,0.0,148.00536880493163,147.1781499615368,59.926869622616664,136.28472704267418,138.02657989709775,-1.7418528544235699,-3.5352072236008967,134.24843673706056,3.7296722570734033,141.70778125120736,126.78909222291375,82494.7,128.29188537597656,140.24606323242188,0.17458877563478836
252,2018-11-13,138.849353355868,139.0136696099306,131.20852844495576,134.70030212402344,182430,0.0,0.0,149.06824417114257,147.53486758791647,55.480339917940796,135.89311957493595,137.9936208396468,-2.100501264710857,-3.9835458158952286,134.07384796142577,3.602773222010013,141.2793944054458,126.86830151740574,94761.85,128.29188537597656,140.24606323242188,0.19101867675780682
251,2018-11-12,139.75310838223876,140.7801006174506,138.43855330655708,139.26014709472656,34568,0.0,0.0,150.22469619750976,148.05872740276922,65.93740024724175,136.10999547510187,138.25708633689666,-2.147090861794794,-4.454306953691321,133.88282928466796,3.668489122087263,141.2198075288425,126.54585104049343,90787.95,128.29188537597656,140.24606323242188,0.6490589141845646
250,2018-11-09,137.32940265027156,142.1357315346972,134.8235515165981,140.24606323242188,62087,0.0,0.0,151.31775802612304,148.4178531296281,71.42850109436124,135.5372406351701,138.17684147627025,-2.6396008411001617,-5.0311109766654525,133.2337703704834,3.8125556708897124,140.85888171226281,125.60865902870397,136647.05,126.27896881103516,140.24606323242188,0.6695976257324219
249,2018-11-07,136.13809826195995,143.77892356440222,135.23435255004293,137.53480529785156,25084,0.0,0.0,152.3747444152832,148.75139557441204,60.90111578593884,134.6810910720334,138.0113037357781,-3.330212663744703,-5.628988510556775,132.56417274475098,3.690219082243491,139.94461090923795,125.183734580264,165084.6,126.27896881103516,139.21908569335938,0.8010547637939567
248,2018-11-06,135.64514601174207,137.6169661842489,132.3587706998794,133.3446807861328,36211,0.0,0.0,153.51049179077148,149.2092155857002,45.545994340833,134.16223394006647,138.04942361081225,-3.8871896707457836,-6.203682472259792,131.76311798095702,4.250748443953925,140.26461486886487,123.26162109304917,178988.7,121.51371002197266,139.21908569335938,0.5915485382080021
247,2018-11-05,137.86344416746897,138.02776042257148,135.07001768461998,136.34349060058594,30297,0.0,0.0,154.7627558898926,149.8567476183356,52.631551711051976,134.3108799680544,138.42580303678662,-4.1149230687322245,-6.782805672638293,131.17156944274902,4.806020421160455,140.78361028506993,121.55952860042811,194123.95,121.51371002197266,139.21908569335938,0.6203033447265511
246,2018-11-02,140.36932385293252,143.77893354817806,136.17918991777435,137.16510009765625,108589,0.0,0.0,155.89942916870118,150.40830912926413,60.55168315106988,133.94131439850318,138.59238803168267,-4.651073633179493,-7.4497763236148105,130.55126609802247,4.9029925597101505,140.35725121744278,120.74528097860217,204121.9,121.51371002197266,139.21908569335938,0.42722930908203693
245,2018-11-01,138.0277770298715,145.3399578221998,135.60407750004543,139.21908569335938,104695,0.0,0.0,156.98368453979492,150.9488482734114,70.0126984441633,133.3551715441117,138.7065710664048,-5.351399522293093,-8.14945199622364,130.12403678894043,4.662740841437224,139.44951847181488,120.79855510606598,208290.7,121.51371002197266,139.21908569335938,0.5360908508300781
244,2018-10-31,131.08529022538468,145.99721233132038,129.8118173579226,137.00076293945312,247482,0.0,0.0,158.07429611206055,151.42761409300536,66.53271681428251,132.28900533515758,138.66556989624843,-6.376564561090845,-8.848965114706274,129.58794593811035,4.150209144025447,137.88836422616126,121.28752765005946,259843.5,121.51371002197266,137.00076293945312,0.020539093017589494
243,2018-10-30,131.3317612186521,133.09818270287647,129.15453033770842,129.85289001464844,85257,0.0,0.0,159.10377059936525,152.01646516049726,64.43808231069974,131.43232213437656,138.79875445279205,-7.366432318415491,-9.467065253110132,129.56740684509276,4.112437399794458,137.79228164468168,121.34253204550384,259075.15,121.51371002197266,136.58998107910156,-0.6819236755371207
242,2018-10-29,129.9761643925227,133.5090209938188,127.96326166022942,130.0994110107422,68302,0.0,0.0,160.23694595336914,152.92110088073596,64.99288156376977,131.71949161069077,139.51442360784355,-7.794931997152787,-9.992223486783791,130.24933052062988,5.159688673731783,140.56870786809344,119.92995317316631,277190.8,121.51371002197266,143.49136352539062,-0.8174858093261719
241,2018-10-26,131.41392506016757,132.07120260375905,127.47027233514504,131.20852661132812,102823,0.0,0.0,161.5246726989746,153.85259842645,62.139875340043105,132.01405171977234,140.26762461561165,-8.253572895839312,-10.541546359191543,131.06681632995605,6.303176444513734,143.67316921898353,118.46046344092859,277664.45,121.51371002197266,146.44912719726562,-0.9961830139160099
240,2018-10-25,132.19445194426285,133.01604583462253,129.40103773165106,131.00314331054688,153788,0.0,0.0,162.88345291137696,154.77684625563862,53.460619572974245,132.16051083039855,140.99235245595435,-8.831841625555796,-11.1135397250296,132.06299934387206,7.737883684806876,147.5387667134858,116.58723197425832,279524.95,121.51371002197266,151.13218688964844,-0.7969459533691463
239,2018-10-24,131.53720099264817,132.27663055879995,130.71560701402208,131.7425994873047,27810,0.0,0.0,164.2643327331543,155.74720147788724,54.79955192206839,132.37094128855338,141.79148918758696,-9.42054789903358,-11.68396424989805,132.8599452972412,8.414219791771863,149.68838488078495,116.03150571369748,338654.6,121.51371002197266,151.13218688964844,-0.5114402770996094
238,2018-10-23,128.2097346759452,132.19445769563598,128.2097346759452,131.37286376953125,47429,0.0,0.0,165.6467805480957,156.72698115097222,43.71910843446974,132.48518525241678,142.59540036360954,-10.110215111192758,-12.249818337614169,133.37138557434082,8.650286314183798,150.67195820270842,116.07081294597322,352943.0,121.51371002197266,151.13218688964844,-0.9468856811523381
237,2018-10-22,128.16866584258352,132.6874329075464,128.16866584258352,130.8799285888672,88284,0.0,0.0,167.2410871887207,157.76184308490858,36.84667689221762,132.68742552203233,143.4932032911358,-10.805777769103486,-12.78471914421952,134.31827125549316,9.422067862252858,153.16240697999888,115.47413553098744,388459.7,121.51371002197266,151.13218688964844,-1.2180114746093693
236,2018-10-19,130.2226360993159,131.86582393653126,126.97734262812128,128.29188537597656,100199,0.0,0.0,169.0170021057129,158.859064084747,31.207507944484476,133.01606132806236,144.5022652673173,-11.486203939254949,-13.279454487998528,135.53628273010253,10.470419491470457,156.47712171304343,114.59544374716161,487423.55,121.51371002197266,155.2401580810547,-2.3620826721191577
235,2018-10-17,137.1240212522642,137.1240212522642,130.22263728759603,131.37286376953125,59832,0.0,0.0,170.60995285034178,160.10670403204372,30.205803865269218,133.87500241025978,145.79909565862457,-11.924093248364784,-13.727767125184421,137.89836540222169,13.608578008367296,165.1155214189563,110.6812093854871,494330.75,121.51371002197266,175.53353881835938,-2.436026000976568
234,2018-10-16,135.85054715829924,138.8082774756165,135.5629842982073,135.89161682128906,41218,0.0,0.0,172.081580657959,161.27951383867688,38.85668212550277,134.32993670857405,146.95319420975204,-12.623257501177989,-14.17868559438933,140.33439140319825,16.444207849807036,173.22280710281234,107.44597570358418,499731.55,121.51371002197266,180.0933837890625,-2.3887847900390398
233,2018-10-15,133.34468706981443,136.3845818692328,129.8118309357758,134.94679260253906,288852,0.0,0.0,173.49963699340822,162.31575453326414,43.44830412882148,134.0459948698986,147.83812040082907,-13.792125530930463,-14.567542617692165,142.7231761932373,19.031421973394043,180.78602014002539,104.6603322464492,514333.05,121.51371002197266,183.6673126220703,-2.3826217651367188
232,2018-10-12,128.4972984326962,132.72851511544292,128.33298213763985,130.8799285888672,102952,0.0,0.0,174.9333186340332,163.4328550202325,33.21512544298301,133.88221346396398,148.86942662469227,-14.987213160728288,-14.76139688938259,145.105797958374,20.897991660161683,186.90178127869737,103.30981463805065,504848.25,121.51371002197266,183.6673126220703,-2.4401329040527457
231,2018-10-11,124.43038269869773,127.71675800951984,120.19917950062498,126.27896881103516,951750,0.0,0.0,176.45242660522462,164.76154589498208,25.12354668403387,134.4280834412543,150.30858646755826,-15.880503026303955,-14.704942821546164,147.54593086242676,21.971140209053054,191.48821128053288,103.60365044432065,501938.2,121.51371002197266,183.6673126220703,-2.7069835662841797
230,2018-10-10,122.33534364181412,128.579463161388,121.55483183599982,126.85411071777344,630838,0.0,0.0,177.82883026123048,166.3322633269799,18.76652109178032,135.9097406467487,152.2309558800801,-16.3212152333314,-14.411052770356715,150.25291442871094,22.540799475857607,195.33451338042616,105.17131547699572,460596.0,121.51371002197266,183.6673126220703,-2.98287734985351
229,2018-10-09,122.82826503021737,128.12754218475104,117.15927319727912,121.51371002197266,303166,0.0,0.0,179.1479312133789,167.9436164947026,12.034090107830309,137.5562188156533,154.26110349306464,-16.704884677411343,-13.933512154613043,153.23579177856445,23.21853443299458,199.67286064455362,106.79872291257529,434409.1,121.51371002197266,186.51165771484372,-3.190603256225586
228,2018-10-08,123.19797970862192,123.69094097084508,117.24142504996588,121.51371002197266,338916,0.0,0.0,180.47569686889648,169.83871471807933,11.501284125882819,140.4730385963225,156.880894970752,-16.407856374429485,-13.240669023913467,156.42639503479003,23.01347895875449,202.453352952299,110.39943711728105,421680.25,121.51371002197266,186.51165771484372,-3.141530990600586
227,2018-10-05,128.25079094589614,128.25079094589614,104.5067237608534,123.93742370605467,230256,0.0,0.0,181.61126708984375,171.811163889349,13.043505009870557,143.9201892462043,159.71026976665433,-15.790080520450033,-12.448872186284461,159.56792602539062,22.273320400100893,204.11456682559242,115.02128522518883,408573.9,123.93742370605467,186.51165771484372,-3.134845733642578
226,2018-10-04,127.14164254549932,130.87989690147683,125.33413866443568,128.62051391601562,191965,0.0,0.0,182.69509185791014,173.76519410091203,17.099001369759037,147.55341934441333,162.57209745150232,-15.018678107088988,-11.613570102743068,162.7027717590332,21.389161123720505,205.48109400647422,119.92444951159219,401278.85,128.4972686767578,186.63433837890625,-3.0949317932129077
225,2018-10-03,137.20616819986284,137.20616819986284,127.79892145035126,128.4972686767578,1135751,0.0,0.0,183.7645864868164,175.60783410845883,16.807449948075657,150.9957657859402,165.28822413434125,-14.292458348401055,-10.762293101656587,165.7977035522461,20.663986710169098,207.1256769725843,124.46973013190791,394799.3,128.4972686767578,190.51914978027344,-3.2155944824218636
224,2018-10-01,143.49136458217146,143.49136458217146,132.4820117233391,136.58998107910156,232115,0.0,0.0,184.79238189697264,177.5307143301609,17.24844959882276,155.08640162397333,168.2315005709479,-13.14509894697457,-9.87975178997047,169.01329803466797,19.526637511959414,208.0665730585868,129.96002301074913,342814.05,136.58998107910156,192.8091583251953,-2.770066833496088
223,2018-09-28,145.42211412299048,147.76366165314116,135.5629877417708,143.49136352539062,447570,0.0,0.0,185.67876953125,179.20176466693883,20.32902289645422,158.4493871775864,170.7628221302956,-12.313434952709201,-9.063415000719445,171.78336486816406,18.592237175056116,208.96783921827628,134.59889051805183,353739.2,141.97140502929688,192.8091583251953,-2.4045486450195312
222,2018-09-27,149.48902242140372,151.05005850811682,145.42213472042644,146.44912719726562,77775,0.0,0.0,186.4254943847656,180.6593320604714,22.347694642834824,161.169027841622,172.944538818688,-11.775510977065977,-8.250910012722006,174.1879135131836,17.83503239684214,209.85797830686786,138.5178487194993,340571.75,141.97140502929688,192.8091583251953,-2.3036888122558707
221,2018-09-26,149.5300813821452,152.32349547027766,143.77892440590887,151.13218688964844,140033,0.0,0.0,187.14577758789062,182.05566695284713,23.156418928351442,163.8453734133232,175.06417174840178,-11.218798335078588,-7.369759771636012,176.49160232543946,17.020531221039437,210.53266476751833,142.4505398833606,342458.6,141.97140502929688,192.8091583251953,-2.139052581787098
220,2018-09-25,141.3141395945812,147.88689027339893,137.24725261936814,146.9420623779297,1336381,0.0,0.0,187.84109954833986,183.3178498125695,16.898035673883243,166.15686187217315,176.97873053710205,-10.8218686649289,-6.407500130775367,178.63065490722656,16.340414404921244,211.31148371706905,145.94982609738406,339267.6,141.97140502929688,193.91323852539065,-2.307666015625017
219,2018-09-24,151.17325268545412,151.17325268545412,140.78009657793953,141.97140502929688,313578,0.0,0.0,188.6627520751953,184.80257583030988,9.743225396411049,169.65046178021743,179.38166398983586,-9.73120220961843,-5.303907997236984,180.93832092285157,14.817714718552143,210.57375035995585,151.3028914857473,280149.65,141.97140502929688,193.91323852539065,-2.6175384521484375
218,2018-09-21,156.4314484586762,156.92440973423186,132.76955796252594,150.31057739257812,757763,0.0,0.0,189.65333557128906,186.55078688341246,12.531154436295637,174.68301755311208,182.37448470667897,-7.69146715356689,-4.197084444141622,183.555859375,11.910644421179553,207.37714821735912,159.7345705326409,268041.25,150.31057739257812,194.3221740722656,-2.282365417480463
217,2018-09-19,167.2765157094516,167.2765157094516,152.03594702636371,155.2401580810547,2067561,0.0,0.0,190.49185668945313,188.02997910752813,14.440089761218942,179.1143703095728,184.93959729180705,-5.8252269822342555,-3.323488766785305,185.83822479248047,9.290015030216122,204.41825485291272,167.25819473204822,239681.5,155.2401580810547,195.9578857421875,-1.8968498229980355
216,2018-09-18,180.70958310496636,183.83164255851725,173.97251535984816,175.53353881835938,238343,0.0,0.0,191.26041137695313,189.36833914942503,23.24266466209636,183.45513616930333,187.31555242866725,-3.860416259363916,-2.698054212923067,187.7350746154785,6.006315204271088,199.7477050240207,175.72244420693633,141092.65,175.53353881835938,195.9578857421875,-0.7922164916992358
215,2018-09-17,185.2694279645576,185.2694279645576,177.95724713045684,180.0933837890625,167848,0.0,0.0,191.54785583496093,189.93302487722363,25.82048223520995,184.89542659674768,188.25811351749186,-3.3626869207441814,-2.407463701312855,188.52729110717775,5.317701113512248,199.16269333420223,177.89188888015326,132245.15,179.68258666992188,195.9578857421875,-0.6828140258788835
214,2018-09-14,183.4619141540377,184.858621229354,180.8328162705257,183.6673126220703,333248,0.0,0.0,191.67622131347656,190.33464288082203,31.743783387699096,185.76852528905408,188.91129189576623,-3.1427666067121436,-2.1686578964550227,189.21010513305663,5.047660462898733,199.3054260588541,179.11478420725916,135298.75,179.68258666992188,195.9578857421875,-0.24035873413086506
213,2018-09-12,180.8328061932415,186.8304310963417,177.01238737881908,182.59922790527344,99156,1.0,0.0,191.84597198486327,190.60677880975067,27.438726073200385,186.1505639557784,189.3308102376619,-3.180246281883484,-1.925130718890742,189.4504638671875,4.8815538141781,199.2135714955437,179.68735623883128,125251.2,179.68258666992188,195.9578857421875,-0.19562149047851562
212,2018-09-11,181.52275883934877,182.74954028563332,179.110091157549,179.68258666992188,44751,0.0,0.0,191.8906884765625,190.9336176221783,17.053130486676224,186.7962614195066,189.86933682425297,-3.073075404746362,-1.6113518281425563,189.646085357666,4.666191827322794,198.9784690123116,180.31370170302043,127131.0,179.68258666992188,195.9578857421875,-0.7401580810546875
211,2018-09-10,185.4075432310168,186.10272428750437,179.76435428581246,180.41864013671875,124906,0.0,0.0,192.04771636962892,191.39284337533164,26.146948640207626,188.089656828522,190.68427683659945,-2.5946200080774418,-1.2459209339916049,190.3862434387207,4.147846167317336,198.68193577335538,182.09055110408602,130601.65,180.41864013671875,195.9578857421875,-0.9364448547363224
210,2018-09-07,186.266298952493,188.106470950926,182.7904185110085,186.51165771484372,107100,0.0,0.0,192.03463104248047,191.84077003813218,39.162237477061105,189.4843871361226,191.50552777258991,-2.0211406364673223,-0.9087461654701458,191.32268829345702,3.884899936013824,199.09248816548467,183.55288842142937,128304.45,184.3443298339844,199.1475372314453,-0.676773834228527
209,2018-09-06,185.48934349803588,187.53397909109304,184.0172033751417,185.3257751464844,48589,0.0,0.0,191.91931365966798,192.05828482683782,32.18008805567399,190.02488339453691,191.9050373772096,-1.880153982672681,-0.6306475477208515,191.99946212768555,4.171116163365143,200.34169445441583,183.65722980095526,133397.65,184.3443298339844,200.0471343994141,-0.7769607543945369
208,2018-09-05,186.4707557243816,187.8202101490222,180.74577638196635,184.3443298339844,76789,0.0,0.0,191.778642578125,192.33308114032164,42.60620821300545,190.87926671236465,192.43137835566762,-1.5521116433029647,-0.31827093898289416,192.77642288208008,4.307595014240562,201.3916129105612,184.16123285359896,159796.5,184.3443298339844,200.864990234375,-1.3371932983398267
207,2018-09-04,191.78682267809137,192.07307665894936,186.2254112516609,186.63433837890625,84355,0.0,0.0,191.64533294677733,192.65915262221296,50.222225661867675,192.06743705388834,193.07834223740227,-1.0109051835139269,-0.009810762902876524,194.1136161804199,5.529876924676509,205.17337002977294,183.05386233106688,224938.85,186.51165771484372,211.08819580078125,-1.6520668029785384
206,2018-09-03,192.80914423312416,194.4857479832184,189.4559367329357,190.51914978027344,62374,0.0,0.0,191.43432678222655,192.90506340765404,43.74195642010691,193.05527317661236,193.59386254608194,-0.5385893694695767,0.24046284224988607,195.76568298339845,7.69108837950341,211.14785974240527,180.38350622439162,253335.35,186.51165771484372,219.67567443847656,-0.8710136413574219
205,2018-08-31,193.29987591505247,195.4262896856779,192.1957675776072,192.8091583251953,96046,0.0,0.0,191.18978820800783,193.00244763734304,40.69630765757459,193.51638652140127,193.83983956734662,-0.3234530459453424,0.43522589517975174,196.63669662475587,8.043972896649898,212.72464241805568,180.54875083145606,257082.85,186.51165771484372,219.67567443847656,-0.6072547912597486
204,2018-08-30,191.8277493671755,201.76467519818132,191.255253790974,191.99131774902344,450618,0.0,0.0,190.9100814819336,193.01033699702253,38.20370530914373,193.644973466166,193.92229406671873,-0.2773206005527413,0.6248956304610253,197.24395141601562,8.196793485408296,213.6375383868322,180.85036444519903,256524.05,186.51165771484372,219.67567443847656,-0.7401557922363224
203,2018-08-29,192.1957270440068,194.64928951690905,190.4373455968792,191.58233642578125,184221,0.0,0.0,190.60338531494142,193.05192961938982,36.56806317170953,193.9456381420101,194.07677217213438,-0.13113403012428648,0.8504496882144669,197.98410720825194,8.364165365157124,214.71243793856618,181.2557764779377,244488.05,186.51165771484372,219.67567443847656,-0.752426910400402
202,2018-08-28,193.09541145443495,197.06199744978693,190.7236264201998,192.5229034423828,115512,0.0,0.0,190.29178283691405,193.1119130150473,28.824656575835363,194.3753293631426,194.27632703184264,0.09900233129997105,1.0958456177991551,198.73653411865234,8.434537317695384,215.60560875404312,181.86745948326157,245817.1,186.51165771484372,219.67567443847656,-0.715621185302723
201,2018-08-27,194.64930232390515,196.32590595326036,192.6046667952927,193.91323852539065,76213,0.0,0.0,189.96300537109374,193.13595422209482,24.759633280980054,194.71213407600803,194.41660091899942,0.29553315700860594,1.345056439423951,199.45215530395507,8.486602271721743,216.42535984739857,182.47895076051157,289298.55,186.51165771484372,219.67567443847656,-0.059295654296875
200,2018-08-24,196.16233595756188,200.29248970706143,192.48199203700324,193.0953826904297,154022,0.0,0.0,189.6374996948242,193.10422833216438,38.01983929066227,194.8573878124839,194.45686991048814,0.4005179019957552,1.607437260027787,199.51145095825194,8.449928890467698,216.41130873918735,182.61159317731654,292287.1,186.51165771484372,219.67567443847656,0.014311218261696013
199,2018-08-23,196.2850192732116,197.38912749840955,193.54520255407013,194.3221740722656,71410,0.0,0.0,189.3283511352539,193.10458937876578,41.65600491645991,195.1777523801301,194.5657888880928,0.6119634920372903,1.909167099535795,199.49713973999025,8.461601705810287,216.4203431516108,182.57393632836968,291062.65,186.51165771484372,219.67567443847656,0.3210090637207088
198,2018-08-21,193.17717376973613,199.392871139248,193.17717376973613,195.9578857421875,190568,0.0,0.0,189.05273345947265,193.0548920443372,41.52274586142637,195.3333120724691,194.58527807335898,0.7480339991101346,2.233468001410421,199.17613067626954,8.783901518044848,216.74393371235922,181.60832764017985,297730.9,186.51165771484372,219.67567443847656,0.8832832336425724
197,2018-08-20,192.89091306610783,196.98018396019987,191.4596682531756,193.1771545410156,95784,0.0,0.0,188.73785919189453,192.93640250564945,39.026018590361616,195.21975322342942,194.47546945985272,0.7442837635767034,2.604826501985493,198.29284744262696,9.937060844433907,218.16696913149477,178.41872575375916,294865.4,178.29222106933594,219.67567443847656,0.7524246215820369
196,2018-08-17,195.95785682555288,196.89838409423828,187.73842022728385,191.37786865234372,61393,0.0,0.0,188.40662811279296,192.92657589196102,37.054798651783265,195.59113480205014,194.57933465335967,1.0118001486904689,3.06996218658769,197.54042282104493,10.870674182260725,219.28177118556638,175.79907445652347,293693.2,178.128662109375,219.67567443847656,0.4641311645507926
195,2018-08-16,188.4745069588239,195.46716320103,187.2886208076814,193.74966430664065,228920,0.0,0.0,188.1473681640625,192.98978843235355,49.023070730386145,196.35718319290584,194.83545193344096,1.5217312594648718,3.584502696061995,197.07629165649413,11.335848271099387,219.7479881986929,174.40459511429538,296271.8,178.128662109375,219.67567443847656,0.6931312561034986
194,2018-08-14,186.5934202544821,191.7867991244785,186.5934202544821,188.4744873046875,132297,0.0,0.0,187.85375793457033,192.9587730905459,46.720264265811956,196.83127753586314,194.92231494358498,1.908962592278158,4.100195555211275,196.38316040039064,11.956770811943082,220.2967020242768,172.46961877650446,289196.95,178.128662109375,219.67567443847656,0.3782562255859432
193,2018-08-13,193.9541236430492,193.9541236430492,184.42612695406004,186.51165771484372,136752,0.0,0.0,187.6378451538086,193.14180516343808,48.99290433978348,198.35069394153143,195.43814115469678,2.9125527868346524,4.648003795944555,196.0049041748047,12.33384889676035,220.67260196832538,171.337206381284,284753.15,178.128662109375,219.67567443847656,0.28420257568359375
192,2018-08-10,199.31108350188373,200.12893777352005,193.6269988099043,194.4857482910156,114164,0.0,0.0,187.37940307617188,193.412423426646,61.45833670737321,200.50324598274736,196.15225982988503,4.350986152862333,5.08186654822203,195.7207015991211,12.626134064551623,220.97296972822434,170.46843347001786,281811.2,178.128662109375,219.67567443847656,0.601123046875017
191,2018-08-09,201.6011003184857,202.78698664799512,197.92075568792512,199.1475372314453,78962,0.0,0.0,186.89686828613281,193.36861424850846,65.88382185029997,201.59733647215313,196.28558075299458,5.311755719158555,5.264586647061954,195.11957855224608,12.969545119161365,221.05866879056882,169.18048831392335,277499.75,178.128662109375,219.67567443847656,0.6624626159667741
190,2018-08-08,202.00997940999267,205.2405008763244,197.14374960835733,200.0471343994141,208964,0.0,0.0,186.5795407104492,193.13273984104165,62.96513515425664,202.0427545159182,196.05662423471853,5.986130281199678,5.252794379037803,194.4571159362793,13.09078338351172,220.63868270330275,168.27554916925587,275927.75,178.128662109375,219.67567443847656,0.6011222839355526
189,2018-08-07,211.16995782411115,212.35583140169268,199.9653456507047,200.864990234375,576566,0.0,0.0,186.20005615234376,192.85051965498565,64.8523302566598,202.4055945371008,195.7373834215429,6.668211115557909,5.069460403497333,193.85599365234376,13.096613535259943,220.04922072286365,167.66276658182386,267115.85,178.128662109375,219.67567443847656,0.4682205200195426
188,2018-08-06,225.60510934924952,228.05867220251176,209.37069681171127,211.08819580078125,1379636,0.0,0.0,185.79440063476562,192.5233984068473,74.56724728080897,202.6857044103237,195.3271748765163,7.358529533807399,4.669772725482188,193.3877731323242,12.999882120535537,219.38753737339528,167.38800889125315,240486.9,178.128662109375,219.67567443847656,0.942578124999983
187,2018-08-03,209.4933782128658,222.45637412323035,209.1662414780006,219.67567443847656,652285,0.0,0.0,185.2693377685547,191.76565157444182,86.70789109208113,201.15797870296777,194.06629320257508,7.0916855003926855,3.9975835234008845,192.44519500732423,12.314289640481519,217.07377428828727,167.8166157263612,174943.2,178.128662109375,219.67567443847656,1.3003890991211051
186,2018-08-02,202.95050718139717,213.4599382518667,202.00997987820332,207.93942260742188,137324,0.0,0.0,184.48583312988282,190.62646696774652,79.75170854514934,197.79112493287528,192.017542703703,5.773582229172291,3.2240580291529337,191.14480590820312,10.531578080536253,212.20796206927562,170.08164974713063,145077.7,178.128662109375,207.93942260742188,0.9016830444335824
185,2018-08-01,204.87246374393683,208.55280740400755,204.21817793069812,204.95425415039065,84870,0.0,0.0,183.9975750732422,189.91981571714751,72.02268764354369,195.94597990113954,190.74379231140546,5.202187589734081,2.586676979148094,190.24312286376954,9.761859277820847,209.76684141941124,170.71940430812785,149912.15,178.128662109375,206.8353271484375,0.9221298217773608
184,2018-07-31,206.09925255169068,209.6978059377916,197.92071078376645,206.79443359375,209898,0.0,0.0,183.61890899658204,189.30616516885186,71.54933860848863,194.30811185582112,189.60695536428665,4.701156491534476,1.932799326501597,189.32099304199218,9.15102529458566,207.6230436311635,171.01894245282085,149627.4,178.128662109375,206.8353271484375,0.7319793701171875
183,2018-07-30,208.51194193529795,215.42280796438448,205.32231530017052,206.63087463378903,210802,0.0,0.0,183.25332885742188,188.59235829436622,66.14312725501435,192.03787153983404,188.23195710592958,3.805914433904462,1.240710035243377,188.589013671875,8.217688680977572,205.02439103383014,172.15363630991985,141922.85,178.128662109375,206.8353271484375,1.0897911071777173
182,2018-07-27,195.0991265846645,221.5567031014783,193.34073252481676,206.8353271484375,985141,0.0,0.0,182.97934783935546,187.85609232132856,65.40123307738128,189.38459825002406,186.76004370370083,2.6245545463232247,0.5994089355781056,187.49922256469728,7.0632791040423495,201.62578077278198,173.37266435661257,135548.15,178.128662109375,206.8353271484375,0.9650672912597713
181,2018-07-26,191.7868391011086,198.61592770267887,189.98756208304695,195.09915161132807,135984,0.0,0.0,182.76997711181642,187.0814296753241,51.929459206724566,186.21173845031254,185.15402102812192,1.0577174221906205,0.09312253289182568,186.5341552734375,5.406611413208012,197.34737809985353,175.72093244702148,90628.85,178.128662109375,195.09915161132807,0.7667388916015625
180,2018-07-25,191.3779132474897,196.12147085806444,191.13255445256112,192.8091583251953,129533,0.0,0.0,182.74462341308595,186.7541757187525,53.764603699373026,184.5958451483097,184.35841058146542,0.23743456684428565,-0.14802618943287302,185.76741638183594,5.211881674282103,196.19117973040014,175.34365303327175,86706.65,178.128662109375,193.6678924560547,0.6031684875488281
179,2018-07-24,179.028270191891,189.57859631762076,178.74202872427347,187.9019927978516,204775,0.0,0.0,182.86075897216796,186.50703357155075,51.87636041638788,183.10251547978504,183.68235076196706,-0.5798352821820174,-0.24439137850216267,185.16424789428712,5.049569407914451,195.263386710116,175.06510907845822,84050.9,178.128662109375,193.6678924560547,0.4804885864257926
178,2018-07-23,179.88703431236587,183.15845121272068,177.47436684424724,178.29222106933594,133258,0.0,0.0,183.15355072021484,186.45009646027316,29.048172315390005,182.2298832401366,183.3447793990963,-1.1148961589597093,-0.16053040258219897,184.68375930786132,5.229355363279348,195.14247003442003,174.22504858130262,75372.95,178.128662109375,193.6678924560547,0.030668640136724434
177,2018-07-20,182.54507016585683,182.54507016585683,176.6565219307258,178.128662109375,72340,0.0,0.0,183.62708831787108,186.7830709660257,41.66667298683151,182.9458218166458,183.74898406547715,-0.8031622488313417,0.0780610365121786,184.6530906677246,5.2704498915396965,195.193990450804,174.1121908846452,70811.6,177.67884826660156,193.6678924560547,0.10223159790038494
176,2018-07-19,182.4632897606154,183.48560758204545,178.7011551859667,182.09524536132807,112965,0.0,0.0,184.06627593994142,187.13631214384816,43.02202244727349,183.82166903614961,184.19860982196533,-0.37694078581571944,0.29836685784805866,184.5508590698242,5.421336032911696,195.3935311356476,173.70818700400082,72413.45,176.0840301513672,193.6678924560547,0.19015121459960938
175,2018-07-18,182.2997067180356,187.0432638479213,179.15097535384038,179.8870391845703,87423,0.0,0.0,184.43512786865233,187.34206997170614,50.1377268878726,184.13556424975351,184.36687897881632,-0.23131472906280237,0.46719376876400315,184.3607078552246,5.576473911847104,195.5136556789188,173.2077600315304,70442.75,176.0840301513672,193.6678924560547,0.053160858154285506
174,2018-07-17,182.2997125619538,184.7941705918932,179.39633987475133,180.90936279296875,43421,0.0,0.0,184.8604119873047,187.64635694260963,50.18382756425734,184.9080233525141,184.725266162356,0.18275719015809955,0.6418208932207045,184.30754699707032,5.626212320001521,195.55997163707337,173.05512235706726,70198.85,176.0840301513672,193.6678924560547,0.21264266967773438
173,2018-07-16,184.8350876224378,188.02471467369296,178.7011798473569,180.82760620117188,77913,0.0,0.0,185.2914205932617,187.9213362956562,52.70510205244504,185.63505254515871,185.03053843190696,0.6045141132517529,0.7565868189863557,184.09490432739258,5.837796171507984,195.77049667040856,172.4193119843766,70133.2,176.0840301513672,193.6678924560547,0.24126968383788494
172,2018-07-13,185.6529139225127,188.39273063958703,181.60453789895013,182.4632873535156,27935,0.0,0.0,185.72897216796875,188.2108762995127,55.21854779464996,186.5091336986109,185.36677301036576,1.1423606882451338,0.7946049954200064,183.8536346435547,6.074838620455596,196.0033118844659,171.7039574026435,71379.6,176.00221252441406,193.6678924560547,0.31896286010743324
171,2018-07-12,188.0246986047295,190.72362029100336,184.83507182606616,185.89828491210935,47522,0.0,0.0,186.0283068847656,188.44547176669624,61.15242686360434,187.24474212499186,185.5990518629138,1.6456902620780625,0.7076660722137246,183.53467178344727,6.314430270930986,196.16353232530923,170.9058112415853,79751.75,176.00221252441406,193.6678924560547,0.41301651000975426
170,2018-07-11,192.3593187793461,192.3593187793461,185.89827513986367,188.02468872070312,32726,0.0,0.0,186.33173034667968,188.54943857708756,61.03896913061673,187.48955252733413,185.57511321897817,1.914439308355952,0.4731600247476401,183.1216552734375,6.420942362922395,195.9635399992823,170.27977054759273,90816.6,176.00221252441406,193.6678924560547,0.5193367004394531
169,2018-07-10,192.19576098251616,195.3036098262118,189.7421980763564,191.5005798339844,43987,0.0,0.0,186.6556008911133,188.57085693857263,65.40758940394409,187.3922550376307,185.37914717884016,2.0131078587905336,0.11284020384556204,182.60231857299806,6.423552625941009,195.44942382488009,169.75521332111603,117958.3,176.00221252441406,193.6678924560547,0.5479644775390682
168,2018-07-09,192.4002016458199,196.20321870569416,190.92806158154235,192.23663330078125,68762,0.0,0.0,186.9811068725586,188.45127641222928,68.29972245531165,186.6452868928391,184.8894325664286,1.7558543264104856,-0.3622267098906809,182.054354095459,6.082944323426002,194.220242742311,169.88846544860698,118259.9,176.00221252441406,193.6678924560547,0.601123046875017
167,2018-07-06,190.39647539591684,194.6493150782029,188.7607668658479,193.6678924560547,54975,0.0,0.0,187.27389862060548,188.29677204943124,71.13507529659697,185.62867845503143,184.30165650768038,1.3270219473510565,-0.8917469689659725,181.45323104858397,5.598507798553063,192.6502466456901,170.25621545147786,118241.15,176.00221252441406,193.6678924560547,0.852614593505848
166,2018-07-05,188.0246943749081,191.37790192173344,184.30346737666943,189.90576171875,234013,0.0,0.0,187.5454260253906,188.07754264507926,68.13303711521237,184.1670031821181,183.55235763181042,0.6146455503076709,-1.4464391980452298,180.60061645507812,4.8946167213610625,190.38984989780025,170.811383012356,137329.75,176.00221252441406,192.15484619140625,0.5745445251464787
165,2018-07-04,191.95038329620408,192.97270107311127,184.99862241323507,186.51165771484372,79175,0.0,0.0,187.90364624023437,188.00292145839882,62.232222222689614,183.12359253909412,183.04408530485526,0.07950723423886075,-1.961710385133455,180.02607192993165,4.3936431938169545,188.81335831756556,171.23878554229773,128495.6,176.00221252441406,192.15484619140625,0.3721252441406193
164,2018-07-03,188.1064703046556,194.2403769450248,182.4632811873019,192.15484619140625,55807,0.0,0.0,188.36246276855468,188.063789366299,73.69822530898799,182.50758068895783,182.76667951205616,-0.2590988230983271,-2.4720147899765337,179.65394668579103,4.122219873453763,187.89838643269854,171.4095069388835,127203.35,176.00221252441406,192.15484619140625,0.7237998962402514
163,2018-07-02,189.9875365378463,191.62324496696343,181.97256273927945,184.8350524902344,83308,0.0,0.0,188.72395446777344,187.89680745507013,58.1903923643735,180.7535324157854,182.01562617770816,-1.2620937619227561,-3.0252437816960853,178.93014678955078,2.9020141511578967,184.73417509186658,173.12611848723498,127773.45,176.00221252441406,187.5339813232422,0.5622749328613281
162,2018-06-29,179.84614391416264,189.66039487765235,179.1100800836871,187.5339813232422,86755,0.0,0.0,189.21875610351563,188.02177704547157,65.3517050338485,180.01143785679469,181.79007207270607,-1.7786342159113815,-3.4660312866394176,178.36787185668945,2.7847611286382827,183.937394113966,172.7983495994129,140607.8,173.5895538330078,187.5339813232422,0.858748626708973
161,2018-06-28,180.78669163236447,187.0432719013517,178.04687479435694,179.76437377929688,57540,0.0,0.0,189.67757232666017,188.04168707495032,58.0042667080408,178.64370268107697,181.33055933266317,-2.686856651586197,-3.8878805543214265,177.50912322998047,2.435681436408154,182.3804861027968,172.63776035716415,152085.2,170.3590087890625,180.74578857421875,-0.17583923339842045
160,2018-06-27,178.29222583339225,181.35917925942536,178.29222583339225,180.74578857421875,76418,0.0,0.0,190.28278442382813,188.37953659722186,55.68871685749589,178.43994429958246,181.4558541769325,-3.015909877350026,-4.188136530005234,177.6849624633789,2.7176826808586947,183.1203278250963,172.2495971016615,154272.6,170.3590087890625,183.2811584472656,-0.016355895996099434
159,2018-06-26,177.8832939567916,178.94650694529992,175.8795536012173,178.29222106933594,31216,0.0,0.0,190.9018994140625,188.69111814918116,47.921298636190315,178.0206998860122,181.5126594251496,-3.491959539137383,-4.481193193169035,177.701318359375,2.7379817950554397,183.17728194948586,172.22535476926413,154588.75,170.3590087890625,183.2811584472656,-0.11449966430663494
158,2018-06-25,174.28475788298468,178.3740294196153,174.24386267172508,177.67884826660156,42031,0.0,0.0,191.56926849365234,189.11556292795035,50.0,177.97133239813516,181.7702944936147,-3.7989620954795384,-4.728501606676947,177.81581802368163,2.810904837987302,183.43762769965625,172.194008347707,157832.85,170.3590087890625,183.2811584472656,-0.3578102111816577
157,2018-06-22,178.33312943633027,179.43722523399617,175.2252806557608,176.0840301513672,104377,0.0,0.0,192.2570834350586,189.5823676080054,55.679766747317466,178.02451133114127,182.09761019177574,-4.073098860634474,-4.960886484476299,178.1736282348633,3.2184735103016715,184.61057525546664,171.73668121425993,160227.4,170.3590087890625,184.8350524902344,-0.22082061767576988
156,2018-06-21,177.47436684424724,179.80525637753607,174.77544540556153,178.29222106933594,73551,0.0,0.0,192.98006622314452,190.13332015725592,67.25986586788498,178.37732609110017,182.57869659500844,-4.201370503908265,-5.182833390436755,178.39444885253906,3.21906551155978,184.8325798756586,171.9563178294195,162833.55,170.3590087890625,184.8350524902344,-0.2617149353027344
155,2018-06-20,175.83865908005097,183.8536330130812,175.2252684088415,178.82382202148438,82545,0.0,0.0,193.67442474365234,190.6166303241098,43.69938321612804,178.39279973142095,182.92161463706225,-4.528814905641298,-5.428199112068878,178.6561637878418,3.417009156040813,185.49018209992343,171.82214547576015,162974.15,170.3590087890625,184.8350524902344,-0.35985641479493324
154,2018-06-19,176.57471898660987,178.5784717851288,173.7940196637754,176.65650939941406,42108,0.0,0.0,194.35651550292968,191.09796943850264,43.764469456493444,178.31443204231851,183.24943804630848,-4.935006003989969,-5.653045163675773,179.01602020263672,3.7937976975854384,186.6036155978076,171.42842480746586,165692.1,170.3590087890625,186.0209503173828,-0.5929458618163892
153,2018-06-18,176.0431077282577,177.39256209884894,173.79400879096286,176.00221252441406,102841,0.0,0.0,195.0516912841797,191.68741678703688,43.50346194886401,178.6158725228466,183.77687233806003,-5.160999815213444,-5.832554953597224,179.6089660644531,4.298744332475307,188.20645472940373,171.0114773995025,186104.35,170.3590087890625,188.5154266357422,-0.8464805603027514
152,2018-06-15,177.71973872224945,180.66400666215787,175.02081708440053,176.0840301513672,195378,0.0,0.0,195.73787109375,192.32762920591944,38.90043882890699,179.09108343165252,184.39884512315172,-5.307761691499195,-6.0004437381931695,180.45544662475587,5.136372529092471,190.7281916829408,170.18270156657093,183858.7,170.3590087890625,192.93182373046875,-1.0141380310058423
151,2018-06-14,178.70116781724636,181.5636579195821,176.12493171693075,177.63795471191406,268819,0.0,0.0,196.4101467895508,192.99063324896235,46.60852832300805,179.6378203917044,185.0640303208945,-5.426209929190094,-6.173614249866663,181.4695846557617,6.133412392907129,193.73640944157597,169.20275986994744,230704.3,170.3590087890625,196.3667907714844,-0.8096755981445369
150,2018-06-13,179.92794928967598,185.8982882847267,176.00224608200793,177.63795471191406,575560,0.0,0.0,196.98591552734376,193.61727318925003,43.49003835670416,180.00143233348444,185.6581163696129,-5.656684036128468,-6.3604653300358045,182.27926025390624,6.648226718810459,195.57571369152717,168.98280681628532,232607.0,170.3590087890625,196.3667907714844,-1.0488990783691463
149,2018-06-12,180.74575380560765,182.2996715840969,178.4557598587843,180.54129028320312,50019,0.0,0.0,197.6254769897461,194.26949026995763,43.88682363363193,180.43115553740634,186.29972930222883,-5.868573764822486,-6.536410653512639,183.3281593322754,7.480222810084889,198.28860495244516,168.36771371210563,243874.35,170.3590087890625,198.61593627929688,-1.1000144958496207
148,2018-06-11,179.1100642357954,181.52273155495087,177.55614629585506,180.21417236328125,68387,0.0,0.0,198.1791650390625,194.82982496329456,41.16620838571332,180.41113103817057,186.76040442375088,-6.349273385580318,-6.703369875685176,184.428173828125,8.584898604714427,201.59797103755386,167.25837661869616,261498.4,170.3590087890625,202.5415802001953,-1.0877464294433423
147,2018-06-08,178.29220408353322,178.29220408353322,176.00220997555837,176.6156005859375,436747,0.0,0.0,198.62244201660155,195.4263822122747,32.934113196321064,180.44694170633227,187.28410298858844,-6.837161282256176,-6.79189399821139,185.51592025756835,9.36559118638845,204.24710263034524,166.78473788479147,261218.9,170.3590087890625,202.5415802001953,-1.1736221313476562
146,2018-06-07,179.11005220933143,179.92790632900875,176.82005817834226,178.4148712158203,57330,0.0,0.0,199.15813720703125,196.1941692174313,31.844490294146226,181.14354918276769,188.13758318080053,-6.994033998032847,-6.780577177200193,186.689542388916,9.657707492395064,206.00495737370613,167.3741274041259,250504.05,170.3590087890625,202.5415802001953,-1.1061485290527457
145,2018-06-06,178.9464797087255,181.7680738599273,177.06541278143652,179.06915283203125,53330,0.0,0.0,199.54416473388673,196.9198548501501,35.617487544342225,181.63967244948537,188.91540013799894,-7.2757276885135695,-6.727212971992029,187.79569091796876,9.92336129456704,207.64241350710284,167.94896832883467,248849.6,170.3590087890625,202.5415802001953,-1.1041046142578068
144,2018-06-05,175.83867607511775,179.76437924617647,172.56725884581326,177.67884826660156,67209,0.0,0.0,199.94982086181642,197.6484549325223,30.866973936707083,182.10703965265884,189.70309992247635,-7.596060269817514,-6.5900842928616425,188.89979553222656,10.127675239259151,209.15514601074486,168.64444505370827,248797.0,170.3590087890625,202.5415802001953,-1.2390472412109261
143,2018-06-04,171.749381884248,175.42972578176762,170.11367348535043,173.5895538330078,339995,0.0,0.0,200.5419464111328,198.46354091888642,23.46327851445831,182.91216535921473,190.66504005494633,-7.752874695731606,-6.338590298622675,190.1388427734375,10.198259459902266,210.535361693242,169.74232385363297,246790.5,170.3590087890625,202.5415802001953,-1.455781555175804
142,2018-06-01,183.19931545688937,183.19931545688937,167.9463417287148,170.3590087890625,316303,0.0,0.0,201.22240173339844,199.47880569790186,19.542896225557968,184.6071856367069,192.03107895270142,-7.423893315994519,-5.985019199345442,191.5946243286133,9.781113423909728,211.15685117643275,172.03239748079383,235372.95,170.3590087890625,202.70518493652344,-1.3535507202148267
141,2018-05-31,183.1175775993858,185.65293098792384,182.381513701793,183.2811584472656,101288,0.0,0.0,201.97809967041016,200.66736883703814,29.429401275484054,187.19776324536952,193.76484456579254,-6.5670813204230285,-5.625300670183172,192.94817504882812,8.473463027654532,209.89510110413718,176.00124899351906,236309.75,180.5004425048828,202.70518493652344,-0.8894149780273608
140,2018-05-30,180.66397941309745,183.1993323073509,179.51898857796215,181.07290649414065,82741,0.0,0.0,202.48271545410157,201.37701007743703,25.10448802817791,187.90987320866114,194.6035394552747,-6.69366624661356,-5.389855507623208,193.83759002685548,8.337848974158847,210.51328797517317,177.1618920785378,234526.85,180.5004425048828,202.70518493652344,-1.1572654724120923
139,2018-05-29,184.01719958516549,186.47076224630104,179.92792848327292,180.58221435546875,96098,0.0,0.0,203.04376403808592,202.20574899920422,23.77467745864105,189.1529580658467,195.6859900921654,-6.533032026318722,-5.06390282287562,194.99485549926757,8.075009421655784,211.14487434257913,178.84483665595602,235062.5,180.5004425048828,204.2182159423828,-1.3596832275390796
138,2018-05-28,182.95398530085671,186.5525513325933,180.8275718306834,184.8350524902344,89922,0.0,0.0,203.59990509033204,203.08834224996892,25.70454515815699,190.71127510409724,196.89429215110115,-6.183017047003915,-4.696620522014844,196.35453872680665,7.805414217545113,211.9653671618969,180.7437102917164,233541.1,180.5004425048828,207.77587890625,-1.1020584106445312
137,2018-05-25,184.01721851007983,184.22168208620212,180.00973740986905,180.5004425048828,156500,0.0,0.0,204.09061767578126,203.83337448506012,15.501799337161174,191.77967921570865,197.8590313239705,-6.079352108261844,-4.325021390767576,197.45659713745118,7.647778847442571,212.75215483233632,182.16103944256605,231524.45,180.5004425048828,207.77587890625,-1.3371910095214616
136,2018-05-24,189.49685930693653,189.49685930693653,183.19938301179943,183.52651977539065,76363,0.0,0.0,204.6819253540039,204.78573905567958,29.809936246568896,193.8304495267679,199.24771842949752,-5.4172689027296315,-3.8864387113940095,198.79378814697264,6.820277529152097,212.43434320527683,185.15323308866846,230647.05,183.52651977539065,207.77587890625,-1.2145126342773551
135,2018-05-23,188.1064811917057,190.0693264384416,184.87595933669783,186.0209503173828,136904,0.0,0.0,205.20453369140625,205.65346229160974,28.850526153258926,195.70389129974558,200.50541432182607,-4.801523022080488,-3.5037311635601034,200.00830078125,6.081167951974206,212.17063668519842,187.84596487730158,239246.7,186.0209503173828,207.8167724609375,-1.1715766906738168
134,2018-05-22,193.01362553594427,193.74968945509968,184.0172277355401,188.5154266357422,450353,0.0,0.0,205.7099673461914,206.45478931096594,28.329523286489717,197.46442602381154,201.66417144218153,-4.199745418369986,-3.1792831989300065,201.17987747192382,5.47110234654788,212.12208216501958,190.23767277882806,236384.3,188.5154266357422,209.45248413085935,-1.0857002258300952
133,2018-05-21,196.69395848962435,196.73485370038028,191.8686231276113,192.93182373046875,57928,0.0,0.0,206.19658935546875,207.18700819566894,29.017283639598233,199.09151682164233,202.71607102669668,-3.624554205054352,-2.9241676440700113,202.2655776977539,4.955897412318195,212.1773725223903,192.35378287311752,229623.35,192.93182373046875,210.22943115234372,-0.832165527343733
132,2018-05-18,196.24410515857903,202.4598018285226,191.6232341001553,196.3667907714844,1132290,0.0,0.0,206.53763427734376,207.76885245955467,33.99747768579071,200.21146102003755,203.49881081039493,-3.287349790357382,-2.749071003823926,203.09774322509764,4.69668488369273,212.4911129924831,193.7043734577122,229957.05,193.8314666748047,210.22943115234372,-0.7054000854492415
131,2018-05-17,199.5564467031745,201.92821915171265,192.60468524015403,193.8314666748047,306873,0.0,0.0,206.910576171875,208.23424273253713,28.133338175891325,200.91049197431994,204.06937241350778,-3.15888043918784,-2.614501307190562,203.8031433105469,4.691994740259208,213.1871327910653,194.41915383002848,179185.5,193.8314666748047,210.47479248046875,-0.8096755981445085
130,2018-05-16,202.58252243684788,202.82788124069376,188.10650276354664,198.61593627929688,800907,0.0,0.0,207.38656707763673,208.82211114305682,32.61207828264479,202.1975874833227,204.88840487260404,-2.690817389281335,-2.4784065241912425,204.6128189086914,4.2577909186727645,213.12840074603693,196.09723707134586,166392.7,197.43002319335935,210.47479248046875,-0.6542800903320369
129,2018-05-15,200.45606205035443,204.83157437199185,199.96534455658937,202.5415802001953,402500,0.0,0.0,207.8658285522461,209.23868970892457,35.70214079751294,202.8487967931456,205.39020236006863,-2.541405566923032,-2.4253038079187195,205.26709899902343,4.293033378605131,213.8531657562337,196.68103224181317,129851.5,197.43002319335935,211.7015380859375,-0.4559547424316577
128,2018-05-14,200.29249727355247,202.8278503952796,194.6493080406312,201.96910095214844,62797,0.0,0.0,208.2943850708008,209.5120411174441,33.053706716986554,202.9046543555002,205.6180921328585,-2.71343777735828,-2.3962783681676414,205.7230537414551,4.468981066285162,214.66101587402542,196.78509160888476,115415.25,197.43002319335935,211.7015380859375,-0.5050247192382642
127,2018-05-11,200.78322433782216,206.18106753991248,197.96162958742008,200.08804321289065,222450,0.0,0.0,208.78591552734375,209.8199162262317,29.50538351797023,203.07475497429147,205.9100114273153,-2.8352564530238453,-2.3169885158699817,206.22807846069335,4.591465039575314,215.41100853984398,197.04514838154273,113769.3,197.43002319335935,212.0695953369141,-0.6072563171386776
126,2018-05-10,201.6010547233576,202.62337244507847,199.5564192799158,200.537841796875,24241,0.0,0.0,209.31670288085937,210.21713553289868,28.94284158532379,203.61779347636434,206.37576888446927,-2.757975408104926,-2.1874215315815153,206.83533477783203,4.539507013019117,215.91434880387027,197.7563207517938,107791.7,197.43002319335935,212.2331695556641,-0.6236152648925781
125,2018-05-09,201.9282041388079,205.77212899849903,200.4560765102493,201.1512451171875,52278,0.0,0.0,209.779609375,210.61220874661393,31.064597655789626,204.17778469081694,206.8428030514768,-2.6650183606598716,-2.0447830624506627,207.4589500427246,4.485223246425708,216.42939653557602,198.4885035498732,107992.45,197.43002319335935,213.01014709472656,-0.5888557434082031
124,2018-05-08,203.56388868253276,204.21817448473104,198.7794494928515,202.4597930908203,27079,0.0,0.0,210.21307250976562,210.99837052740685,30.58424818125694,204.72806461329503,207.29812768621997,-2.5700630729249383,-1.8897242378983603,208.0478057861328,4.385500066290461,216.81880591871374,199.2768056535519,109348.7,197.43002319335935,213.01014709472656,-0.4477752685546932
123,2018-05-07,197.8389420674508,212.64210928235488,197.8389420674508,202.70518493652344,111644,0.0,0.0,210.62690704345704,211.3468838921655,31.022545684063147,205.14047761738135,207.68519445385195,-2.5447168364705988,-1.7196395291417157,208.4955810546875,4.239685148520505,216.97495135172852,200.0162107576465,110140.05,197.43002319335935,213.01014709472656,-0.3803009033203182
122,2018-05-04,201.11036754643789,205.69035662205545,193.8723644730632,197.43002319335935,335039,0.0,0.0,211.02438354492188,211.6996062985182,10.917026298401808,205.58325810481006,208.0835952152382,-2.5003371104281484,-1.5133702023094946,208.87588195800782,4.028836147244183,216.93355425249618,200.81820966351947,108656.15,197.43002319335935,213.01014709472656,-0.6133895874023381
121,2018-05-03,203.64569371970973,204.87247500717783,200.78320404895075,201.0694580078125,65630,0.0,0.0,211.60669555664063,212.28203826199407,13.40480723155548,207.06566445234654,208.93588097698853,-1.8702165246419895,-1.2666284752798311,209.48927154541016,2.99597843235624,215.48122841012264,203.49731468069768,95074.45,201.0694580078125,213.01014709472656,-0.2678466796874943
120,2018-05-02,208.1439190730527,209.73874493950368,203.72751085071548,204.2182159423828,93454,0.0,0.0,212.2004574584961,212.73969459889943,15.872998950463582,208.1558838058982,209.5651948145226,-1.4093110086243996,-1.1157314629392914,209.75711822509766,2.379683584029059,214.51648539315576,204.99775105703955,96574.25,204.2182159423828,213.01014709472656,-0.26989059448243324
119,2018-04-30,207.24426614533013,209.2889018116395,206.0992751639832,207.77587890625,65670,0.0,0.0,212.74105865478515,213.08751005426745,22.608685776955156,208.87182341744645,209.99295312429382,-1.1211297068473698,-1.0423365765180144,210.0270088195801,1.9931281230584128,214.0132650656969,206.04075257346327,94309.4,206.4263916015625,213.01014709472656,-0.022490692138660506
118,2018-04-27,207.7349701227538,210.8019234218102,206.14015690313744,206.876220703125,49589,0.0,0.0,213.20232788085937,213.3043113256151,27.34702331907276,209.0710860558458,210.1703190617373,-1.0992330058915059,-1.0226382939356755,210.04949951171875,1.9687782968165182,213.9870561053518,206.1119429180857,127138.5,206.4263916015625,213.01014709472656,0.22490997314451988
117,2018-04-26,209.7796158711161,211.82425150338815,206.01748131594923,207.2442626953125,138952,0.0,0.0,213.629248046875,213.566682371431,35.741496116057334,209.47015248361322,210.43384693042628,-0.963694446813065,-1.003489615946718,209.82458953857423,2.527905958971702,214.88040145651763,204.76877762063083,143432.0,202.3780212402344,213.01014709472656,0.1921951293945483
116,2018-04-25,210.0658716759716,215.8317342254865,204.4635650031004,207.8167724609375,248356,0.0,0.0,214.0136392211914,213.82474031739503,41.28796444967105,209.87485971784972,210.6890136692354,-0.8141539513856912,-1.013438408230131,209.63239440917968,2.8588709587919445,215.35013632676356,203.9146524915958,179534.4,202.3780212402344,213.01014709472656,0.5050262451171932
115,2018-04-24,211.74246610976,213.13282835626285,208.55283943953,209.45248413085935,79656,0.0,0.0,214.39557708740233,214.0699634952096,62.171198794160055,210.24905740092464,210.91879296589926,-0.6697355649746157,-1.0632595224412411,209.1273681640625,3.899303328882866,216.92597482182822,201.32876150629676,198769.75,197.71624755859372,213.01014709472656,0.5050262451171648
114,2018-04-23,209.7796212852074,219.18494543639605,208.6346302933708,210.22943115234372,315134,0.0,0.0,214.67282928466796,214.2584320406933,52.06615817931363,210.3938889045729,211.03609767270245,-0.6422087681295636,-1.1616405118078974,208.62234191894532,4.467653639818364,217.55764919858206,199.6870346393086,203638.75,197.71624755859372,213.01014709472656,0.14721527099609943
113,2018-04-20,210.92458868675843,211.6197697337081,209.12531198105071,209.57513427734372,64602,0.0,0.0,214.7677001953125,214.4228810565443,54.33065930697294,210.4237903140691,211.10063099433117,-0.6768406802620746,-1.2914984477274807,208.47512664794922,4.460414286088877,217.39595522012698,199.55429807577147,215100.3,197.71624755859372,213.01014709472656,0.09814071655273438
112,2018-04-19,210.3930020651393,211.7424565618177,208.675503178944,210.47479248046875,116859,0.0,0.0,215.032685546875,214.62074827202187,69.721183650108,210.57809141165555,211.2226707316902,-0.6445793200346372,-1.4451628895938322,208.3769859313965,4.45652923178992,217.29004439497632,199.46392746781666,213746.85,197.71624755859372,213.01014709472656,0.11654434204100994
111,2018-04-18,211.1290869575143,211.8242681188028,208.9617780090892,210.0249786376953,51017,0.0,0.0,215.18889556884767,214.78997095739138,65.6976782024961,210.5968730355077,211.28250099178788,-0.6856279562801717,-1.645308781983631,208.26044158935548,4.429175315385582,217.11879222012664,199.40209095858432,210671.65,197.71624755859372,213.01014709472656,0.07565155029297443
110,2018-04-17,211.0881475129392,212.64206530608297,211.0063571114208,211.7015380859375,70083,0.0,0.0,215.4759619140625,214.98446043982793,77.85006289919716,210.70085383510997,211.3831027801153,-0.6822489450053411,-1.8852289884094957,208.1847900390625,4.4103316898010485,217.00545341866462,199.3641266594604,212507.4,197.71624755859372,213.01014709472656,0.1288101196289233
109,2018-04-16,211.00640161653556,213.37817400726067,209.6160393742493,211.66067504882807,113775,0.0,0.0,215.89633972167968,215.11845727059895,73.04741115765044,210.5189112440504,211.35762795564952,-0.838716711599119,-2.185973999260534,208.05597991943358,4.339262337452527,216.73450459433863,199.37745524452853,218217.4,197.71624755859372,213.01014709472656,0.16357040405273438
108,2018-04-13,212.5603128747561,212.5603128747561,210.84281397177435,212.0695953369141,29878,0.0,0.0,216.32244262695312,215.2595912388345,56.98926361017855,210.3113178249999,211.33338418819525,-1.0220663631953641,-2.5227883211758875,207.89240951538085,4.257111095879314,216.40663170713947,199.37818732362223,215314.4,197.71624755859372,213.01014709472656,0.13494567871092045
107,2018-04-12,211.90603286027368,214.19601468693625,211.8242424466936,212.2331695556641,102898,0.0,0.0,216.84163848876952,215.38979515319858,56.718128422489336,209.99163100465188,211.27448729629774,-1.2828562916458566,-2.8979688106710184,207.75746383666993,4.159384465443133,216.0762327675562,199.43869490578365,217418.15,197.71624755859372,213.01014709472656,0.10836715698243893
106,2018-04-11,213.1737029676009,214.19602076905588,211.0881846362051,213.01014709472656,28256,0.0,0.0,217.43713409423827,215.51863701432242,57.12574181324182,209.58407854083146,211.19779271554842,-1.6137141747169608,-3.3017469404273085,207.6490966796875,4.0637734007256485,215.7766434811388,199.5215498782362,216418.2,197.71624755859372,213.01014709472656,0.16766052246092045
105,2018-04-10,210.2294259722408,214.11423367809613,210.2294259722408,212.9283599853516,79403,0.0,0.0,218.07415466308595,215.6210243579794,56.41328239944693,208.9611569855778,211.05280436521417,-2.0916473796363846,-3.7237551318548956,207.48143615722657,3.8966867812782073,215.27480971978298,199.68806259467016,217319.1,197.71624755859372,212.9283599853516,0.08178634643556393
104,2018-04-09,212.6420796909,212.6420796909,209.53424389437345,211.4152984619141,42906,0.0,0.0,218.57456817626954,215.7309290262499,53.414584090802656,208.23984734925529,210.90275991560318,-2.6629125663478987,-4.131782069909523,207.399649810791,3.792108509744246,214.9838668302795,199.8154327913025,220553.95,197.71624755859372,211.4152984619141,-0.07156143188478836
103,2018-04-06,211.00638406625168,212.39674619289568,206.54908116229552,210.3112030029297,81966,0.0,0.0,219.09479278564453,215.90707721254932,52.89761852179035,207.66249260149914,210.8617568318983,-3.199264230399166,-4.498999445799929,207.4712112426758,3.884261559457671,215.23973436159113,199.70268812376045,222581.8,197.71624755859372,212.84652709960935,0.016356658935563928
102,2018-04-05,209.9431861803365,210.88371353224463,207.3669379251476,209.69781494140625,63405,0.0,0.0,219.60655822753907,216.1354802415134,50.48779122653818,207.18090889214812,210.9058011382158,-3.724892246067668,-4.8239332496501195,207.45485458374023,3.8723433924367567,215.19954136861375,199.7101677988667,221357.65,197.71624755859372,212.84652709960935,-0.2658035278320483
101,2018-04-04,210.18852584980397,213.17368863759708,205.2814007326879,206.4263916015625,95626,0.0,0.0,220.19248046875,216.39824209049738,44.121564336133154,206.72328961046483,211.00244003396057,-4.279150423495736,-5.098693500545732,207.72065811157228,4.202761438808927,216.12618098919012,199.31513523395444,231815.6,197.71624755859372,215.01388549804688,-0.5602310180663892
100,2018-04-03,209.37068154816407,211.0063899977591,206.91711887377156,209.61602783203125,48157,0.0,0.0,221.04155181884767,216.80525639616818,49.927402448224484,206.77727106662888,211.36852390855242,-4.591252841923534,-5.303579269808231,208.28088912963867,4.7343297325107985,217.74954859466027,198.81222966461706,230433.6,197.71624755859372,217.63101196289065,-0.6481491088867131
99,2018-04-02,204.21819951896228,211.8242463830498,202.82784981851876,208.22569274902344,722252,0.0,0.0,221.8951480102539,217.09869429674518,44.60433779081591,206.26113347291937,211.50872359467414,-5.247590121754769,-5.481660876779405,208.92903823852538,5.712937313942348,220.35491286641007,197.50316361064068,237291.2,197.71624755859372,222.5790100097656,-0.7871856689453125
98,2018-03-28,202.00998934258823,204.58622510557615,199.80178547724643,202.3780212402344,375459,0.0,0.0,222.97266540527343,217.4608576252236,28.305096751507136,205.9039408772641,211.7713660623262,-5.867425185062103,-5.540178565535563,209.7162239074707,6.6230862106916515,222.962396328854,196.47005148608739,222466.65,197.71624755859372,223.9694061279297,-1.2083801269531307
97,2018-03-27,204.46357318387123,205.4041006287306,198.77948834525284,203.40036010742188,861000,0.0,0.0,224.0417514038086,218.07648360012115,37.322815582474064,206.54501717490584,212.52283364809352,-5.977816473187687,-5.458366910653928,210.92460403442382,7.375692578245421,225.67598919091466,196.17321887793298,208310.65,197.71624755859372,226.54562377929688,-1.1613525390625057
96,2018-03-26,201.1103374059731,202.3371186731412,196.6530346311552,197.71624755859372,633063,0.0,0.0,224.75121002197267,218.67550904880275,15.831785098120292,207.11677300535746,213.25263153134725,-6.135858525989789,-5.328504520020488,212.08595657348633,7.935944480639179,227.9578455347647,196.21406761220797,168344.4,197.71624755859372,226.62741088867188,-1.2983459472656307
95,2018-03-23,205.28140211838945,206.79443736483276,197.9616095985071,199.3519592285156,177036,0.0,0.0,225.5478271484375,219.5309891096276,15.240866390125987,208.8259594502236,214.49554224916753,-5.669582798943935,-5.126666018528162,213.38430252075196,7.577313015692525,228.538928552137,198.2296764893669,144822.15,199.3519592285156,226.62741088867188,-1.1736221313476562
94,2018-03-22,207.73494799760076,212.15135528607925,204.5453218980844,207.28512573242188,544365,0.0,0.0,226.26511291503905,220.35462298232605,17.19277802508553,210.54850494507957,215.70702889081969,-5.158523945740114,-4.990936823424219,214.55792465209962,7.091725412695131,228.74137547748987,200.37447382670936,148050.65,207.28512573242188,226.62741088867188,-0.7933197021484375
93,2018-03-21,207.5714247352186,210.1885560106644,206.99892921863147,207.61231994628903,37533,0.0,0.0,226.9113442993164,220.88807184966907,16.442759313264276,211.14184662010823,216.3807811434915,-5.2389345233832785,-4.949040042845246,215.35124435424805,7.122713732075721,229.5966718183995,201.1058168900966,122521.35,207.61231994628903,226.62741088867188,-0.7483345031738224
92,2018-03-20,207.40784180991915,210.31121440010224,206.99891468685504,208.14390563964844,55355,0.0,0.0,227.50441497802734,221.42993927429683,15.170095336565865,211.78357874262082,217.08225803926769,-5.298679296646867,-4.876566422710738,216.09957885742188,7.052724453336298,230.20502776409447,201.99412995074928,123718.9,208.14390563964844,226.62741088867188,-0.9200859069824219
91,2018-03-19,209.4115798583768,211.4562155725141,207.7349885563569,208.51194763183597,87732,0.0,0.0,228.12382598876954,221.97222636142533,15.336282281492956,212.44533748861582,217.79732623123724,-5.351988742621415,-4.771038204226706,217.0196647644043,7.15973198085672,231.33912872611774,202.70020080269086,125049.8,208.38926696777344,226.62741088867188,-1.1122802734375057
90,2018-03-16,209.77962160947703,211.41533016003828,208.3892718373932,209.12533569335935,184283,0.0,0.0,228.7246221923828,222.5216254932453,24.42508430595673,213.16049928075762,218.54015651918934,-5.379657238431719,-4.625800569628028,218.1319450378418,7.488863506329999,233.10967205050179,203.15421802518182,129348.7,208.38926696777344,230.75755310058597,-1.1061470031738168
89,2018-03-15,211.57890605451215,211.7424619303873,208.06211777762647,208.38926696777344,55715,0.0,0.0,229.1684768676758,223.06841283201615,24.74948899545224,213.8941653875573,219.29334218525574,-5.399176797698431,-4.437336402427105,219.23809204101562,7.718829852365771,234.67575174574716,203.80043233628408,125919.85,208.38926696777344,231.24827575683597,-1.1225036621093807
88,2018-03-14,208.55282753705976,213.66441644728184,207.93943686783317,209.3706817626953,71953,0.0,0.0,229.83683135986328,223.66756164280156,25.3292875675196,214.89505600933617,220.1656682026543,-5.270612193318129,-4.196876303609274,220.360595703125,7.690452097053291,235.7414998972316,204.9796915090184,126975.35,209.3706817626953,231.24827575683597,-0.9425773620605469
87,2018-03-13,211.8242077044021,212.4784809878724,208.552791369199,210.0658264160156,82899,0.0,0.0,230.47510955810546,224.2511077603569,27.49987104591095,215.8994876905436,221.02926711785102,-5.129779427307426,-3.9284423311820604,221.30317306518555,7.423207009290729,236.14958708376702,206.45675904660408,165396.45,209.6569366455078,231.24827575683597,-0.819899749755848
86,2018-03-12,213.8688809340676,214.44138887807512,208.55282844431068,209.6569366455078,46274,0.0,0.0,230.9106039428711,224.83009883563614,23.076866942704868,216.9601533768214,221.90634237399786,-4.946188997176449,-3.628108057150719,222.1230728149414,7.010839965430974,236.14475274580334,208.10139288407944,168067.1,209.6569366455078,231.24827575683597,-0.8628364562988509
85,2018-03-09,213.50082437420028,215.42278669500644,210.1476421928398,211.29263305664065,144100,0.0,0.0,231.30203247070312,225.44941157809035,21.32525066884743,218.28801096433298,222.88629483227706,-4.598283867944076,-3.2985878221442864,222.98590927124025,6.434042513605806,235.85399429845185,210.11782424402864,186578.7,209.98406982421875,231.24827575683597,-0.6011230468749886
84,2018-03-08,209.3706472142171,217.30384187738872,207.48958030975925,212.84652709960935,83463,0.0,0.0,231.67842834472657,226.0272392728434,22.01484865684955,219.5598978566407,223.81378777432798,-4.253889917687275,-2.973663810694339,223.58703231811523,5.815993529063386,235.21901937624202,211.95504525998845,196019.8,209.98406982421875,231.24827575683597,-0.1063224792480355
83,2018-03-07,216.73136710192003,216.73136710192003,209.37067916260955,209.98406982421875,57483,0.0,0.0,231.98838256835938,226.56522752481214,15.725828899346723,220.7805107215555,224.6911686283055,-3.9106579067500036,-2.653607283946105,223.69335479736327,5.625633281727968,234.9446213608192,212.44208823390733,206560.35,209.98406982421875,231.24827575683597,-0.642016601562517
82,2018-03-06,220.0028016042797,220.7388654654445,212.76478622514065,215.01388549804688,272564,0.0,0.0,232.3097717285156,227.24200947177513,26.423334204907107,222.74349997561671,225.86773653263242,-3.1242365570157062,-2.33934462824513,224.3353713989258,4.621882306205679,233.57913601133714,215.09160678651443,215853.55,214.9729766845703,231.24827575683597,-0.16357040405273438
81,2018-03-05,222.57901998824457,223.43778189077148,216.7313673331181,217.63101196289065,67986,0.0,0.0,232.42688201904298,227.7411165727436,33.73496684149286,224.14888442608395,226.73604461539927,-2.5871601893153127,-2.1431216460524856,224.49894180297852,4.322842398724114,233.14462660042676,215.85325700553028,216975.5,214.9729766845703,231.24827575683597,-0.33736419677734375
80,2018-03-01,221.72027310466683,226.1366806831856,221.6793654203252,222.5790100097656,185309,0.0,0.0,232.41770568847656,228.15377390375798,40.433167283180595,225.33395214666456,227.46444722759995,-2.1304950809353898,-2.0321120102367787,224.83630599975587,4.010657937890378,232.8576218755366,216.81499012397512,228075.8,214.9729766845703,231.24827575683597,-0.5070709228515682
79,2018-02-28,226.25938819541088,226.9136866139288,223.2742249777874,223.9694061279297,425761,0.0,0.0,232.1472119140625,228.38131528718623,51.31584680807183,225.83485071700983,227.8552822050267,-2.020431488016868,-2.007516242562126,225.34337692260743,4.337982482028536,234.0193418866645,216.66741195855036,225148.5,214.9729766845703,232.72042846679688,-0.44982070922850426
78,2018-02-27,226.87276048249893,229.53078675427767,224.82812488882297,226.54562377929688,92339,0.0,0.0,231.73477813720703,228.56139321205384,68.89184922290389,226.17402246047894,228.16615229119446,-1.9921298307155269,-2.00428743119844,225.79319763183594,4.643676075287855,235.08054978241165,216.50584548126022,217218.65,214.9729766845703,232.9658203125,-0.574188232421875
77,2018-02-26,228.34490975409005,228.34490975409005,224.95079475095855,226.62741088867188,61675,0.0,0.0,231.23465118408203,228.6436695154317,54.95205192030745,226.10645858433023,228.2957945721463,-2.189335987816065,-2.007326831319168,226.3673858642578,5.391392750013321,237.15017136428446,215.58460036423116,224481.05,214.9729766845703,238.0293884277344,-0.769026947021473
76,2018-02-23,223.19244889821687,234.6015271550245,218.48978634831755,223.68316650390625,162618,0.0,0.0,230.74655334472655,228.72596578591168,56.74849188837965,226.01173998354085,228.42926526682425,-2.417525283283396,-1.9618245421949438,227.13641281127929,6.427763706777571,239.99194022483442,214.28088539772415,235507.75,214.9729766845703,242.0079498291016,-1.058900451660179
75,2018-02-22,222.45635745698584,224.54187582457263,220.8206489462727,222.82440185546875,241606,0.0,0.0,230.33662963867187,228.93179432803436,48.28213266829149,226.43511697983809,228.80895316785768,-2.3738361880195953,-1.8478993569228306,228.19531326293946,7.486210760388723,243.16773478371692,213.222891742162,255423.45,214.9729766845703,244.86117553710935,-0.7562316894531023
74,2018-02-21,223.11061209070877,224.7054377379345,221.27044017110785,223.15151977539065,33779,0.0,0.0,229.93986267089844,229.1810756534452,41.01383201654436,227.09161063881433,229.2877172728488,-2.1961066340344644,-1.7164151491486392,228.95154495239257,7.676602740308892,244.30475043301035,213.59833947177478,259148.25,214.9729766845703,244.86117553710935,-0.7137504577636946
73,2018-02-20,224.90989941365652,224.95078213906933,220.9024189249808,222.5790100097656,61484,0.0,0.0,229.53494537353515,229.42717997499844,40.185440118943724,227.80799079580044,229.77861307264544,-1.9706222768450061,-1.5964922779271828,229.66529541015626,7.771982846897086,245.20926110395044,214.12132971636208,272898.5,214.9729766845703,244.86117553710935,-0.6660232543945312
72,2018-02-19,229.2854404666088,230.22596784791364,223.7240166764518,226.54562377929688,81973,0.0,0.0,229.1390673828125,229.70669711643652,39.36929973546139,228.7587145750795,230.35458131767584,-1.5958667425963426,-1.5029597781977269,230.3313186645508,7.703206598789851,245.7377318621305,214.9249054669711,288410.25,214.9729766845703,244.86117553710935,-0.6224151611328068
71,2018-02-16,232.96576938169216,233.4973696096833,222.70168439372,230.75755310058597,173710,0.0,0.0,228.70806365966797,229.83572051795244,39.54013869949787,229.16109471976725,230.65929792074616,-1.4982032009789066,-1.4797330370980728,230.9537338256836,7.8820573421570534,246.7178485099977,215.1896191413695,295263.4,214.9729766845703,244.86117553710935,-0.9061203002929688
70,2018-02-15,233.08844771246063,234.27434628965725,227.8950685348006,231.24827575683597,115706,0.0,0.0,228.29007415771486,229.7980946982531,37.87623838666398,228.8708295596184,230.65143750635897,-1.780607946740588,-1.4751154961278643,231.85985412597657,8.841587488215616,249.5430291024078,214.17667914954535,310360.75,214.9729766845703,248.8799591064453,-1.0523780822753963
69,2018-02-14,228.1813141490845,233.0884391845487,228.1813141490845,230.8393402099609,76825,0.0,0.0,227.76501739501953,229.73890363463747,44.325373153959916,228.43856661466975,230.6036904463208,-2.1651238316510444,-1.3987423834746835,232.91223220825196,9.948300856594171,252.8088339214403,213.01563049506362,398104.95,214.9729766845703,252.29583740234372,-1.563111114501936
68,2018-02-12,225.0735099633408,231.90257329863357,225.0735099633408,228.22222900390625,840375,0.0,0.0,227.32288757324218,229.69398785605284,42.39942240887249,228.00206232461682,230.58483846522958,-2.582776140612765,-1.2071470214305933,234.4753433227539,11.874915851782806,258.2251750263195,210.7255116191883,443130.5,214.9729766845703,262.1015625,-1.3805046081542969
67,2018-02-09,222.90615067412236,229.2036379538388,220.98421328465017,226.4638214111328,136312,0.0,0.0,226.9941845703125,229.7540596459364,42.17849388433163,227.96203201929148,230.77384722213543,-2.8118152028439454,-0.8632397416350502,235.8558479309082,12.686839654049168,261.22952723900653,210.48216862280987,480874.75,214.9729766845703,262.1015625,-0.6204734802246037
66,2018-02-08,223.27420446963436,230.38954624399705,222.45635024080784,226.9136657714844,416506,0.0,0.0,226.67412628173827,229.88835508409164,40.40689615060247,228.23443394804758,231.11864928701564,-2.884215338968062,-0.37609587633282643,236.4763214111328,12.505487556672314,261.4872965244774,211.4653462977882,495103.9,214.9729766845703,262.1015625,-0.5316719055175838
65,2018-02-07,218.36708574271887,224.25564635306125,215.74994214724867,223.31509399414065,332922,0.0,0.0,226.44393127441407,230.00977097440213,31.541804793083045,228.47457361651362,231.45504796825813,-2.9804743517445047,0.25093398932598243,237.00799331665038,12.301916524814056,261.6118263662785,212.40416026702226,480858.45,214.9729766845703,262.1015625,-0.5950576782226733
64,2018-02-06,209.37067054728112,220.69795595734757,209.37067054728112,214.9729766845703,294274,0.0,0.0,226.35241882324217,230.28302309604544,20.988602013156424,229.41266082058144,232.10624428618752,-2.693583465606082,1.0587860745936042,237.60305099487306,11.885503867899581,261.37405873067223,213.83204325907388,468934.4,214.9729766845703,262.1015625,-1.2311859130859375
63,2018-02-05,211.7424617200286,226.5456287337687,205.69034522217623,222.82440185546875,243347,0.0,0.0,226.42131866455077,230.90792294957504,20.369730866649775,232.03805793621981,233.47690569431688,-1.4388477580970687,1.9968784596435256,238.834236907959,10.626622029865503,260.08748096769,217.580992848228,467215.85,218.2852935791016,262.1015625,-0.7220726013183594
62,2018-02-02,220.82064673712884,223.2742094786525,209.37068727668512,218.2852935791016,295003,0.0,0.0,226.32434936523438,231.23786258606918,22.395508939581305,233.71326813272,234.32910600142475,-0.6158378687047446,2.8558100140786737,239.55630950927736,9.950652053810416,259.4576136168982,219.65500540165652,470558.3,218.2852935791016,262.1015625,-1.0414581298828125
61,2018-02-01,233.04755506777195,237.05503549768332,222.4563336125726,224.3782958984375,289992,0.0,0.0,226.29565612792967,231.76653887206785,40.81140644454366,236.51835441519606,235.6126109952106,0.9057434199854697,3.723721984774528,240.59776763916017,8.60642497013199,257.81061757942416,223.38491769889617,467521.0,224.3782958984375,262.1015625,-0.7086730957031193
60,2018-01-31,236.2780996236127,237.1777443352916,230.1033097115599,232.72042846679688,126763,5.0,0.0,226.18287963867186,232.06809980976703,46.64156483557923,238.72563778187944,236.5113562029524,2.2142815789270287,4.4282166259717926,241.3064407348633,7.740566435464452,256.7875736057922,225.82530786393437,476215.55,232.72042846679688,262.1015625,0.07011795043945312
59,2018-01-30,237.98923361694247,240.3200924845267,230.71531643507865,232.9658203125,267164,0.0,0.0,226.0125701904297,232.0414741502964,48.478298910612104,239.81749402098535,236.81463042184484,3.002863599140511,4.9817003877329835,241.23632278442383,7.828290899216582,256.892904582857,225.57974098599067,491927.35,231.3180694580078,262.1015625,-0.4420585632324219
58,2018-01-29,242.00794119704932,242.97242174255575,237.1854648843684,238.0293884277344,237587,0.0,0.0,225.83815734863282,232.00374573551258,48.930331757009405,241.06325287707358,237.12253523059243,3.940717646481147,5.476409584881101,241.67838134765626,7.582447757533379,256.84327686272303,226.5134858325895,561309.55,231.3180694580078,262.1015625,-0.1627601623535213
57,2018-01-25,243.5350624769104,246.75004680003792,238.7125859922191,242.0079498291016,282209,0.0,0.0,225.45235900878907,231.75780113583005,53.31088984865563,241.61486459513526,237.04998697482105,4.564877620314206,5.860332569481089,241.84114151000978,7.534785539806114,256.910712589622,226.77157043039756,625914.4,231.3180694580078,262.1015625,0.5083702087402457
56,2018-01-24,237.3461467117226,247.7144881060049,234.8143521150355,244.86117553710935,560932,0.0,0.0,224.68719268798827,231.33942771977814,54.069396172519895,241.54339455259594,236.6533499464786,4.890044606117328,6.184196306772808,241.33277130126953,7.858961216202898,257.0506937336753,225.61484886886373,648545.25,231.3180694580078,262.1015625,0.7816406249999943
55,2018-01-23,237.50698507756857,245.34350996591476,237.1051120063713,237.94903564453125,316102,0.0,0.0,224.18404876708985,230.78751964560135,49.53102523345445,240.94016164632077,235.99672389922813,4.943437747092645,6.507734231936678,240.55113067626954,8.256894975839451,257.0649206279484,224.03734072459065,659364.2,229.22836303710935,262.1015625,0.3918304443359375
54,2018-01-22,237.10503548314216,242.73125666409803,234.69379783416105,237.4265289306641,308784,0.0,0.0,224.0417852783203,230.49521287013482,54.303505937686666,241.48400273755524,235.8405389596039,5.643463777951354,6.898808353147686,240.1593002319336,8.566996025751672,257.2932922834369,223.02530818043024,683164.5,229.22836303710935,262.1015625,0.45411453247069744
53,2018-01-19,241.1238246313352,243.85655640481357,233.89010989239517,235.89947509765625,371719,0.0,0.0,223.8778219604492,230.21230201052137,46.304688989881186,242.2217252478991,235.71365976191908,6.508065485980012,7.212644496946769,239.7051856994629,8.95156042539682,257.60830655025654,221.80206484866926,762342.7,228.34423828125,262.1015625,0.49229736328126705
52,2018-01-18,251.8136636131056,252.57723228099775,237.1051186090512,238.99392700195312,219036,0.0,0.0,223.7765496826172,229.98017249676076,48.519487855877266,243.37122527521598,235.69879453506007,7.672430740155903,7.388789249688458,239.21288833618163,9.429839096712625,258.0725665296069,220.35321014275638,804471.6,226.05352783203125,262.1015625,0.9062263488769418
51,2018-01-17,253.62205588871169,255.5912435196343,244.78084935186897,248.8799591064453,475657,0.0,0.0,223.5828451538086,229.61226414961007,61.07626858906137,244.16709768853653,235.43518393770864,8.731913750827886,7.317878877071597,238.3066619873047,10.28418852280169,258.8750390329081,217.73828494170132,824527.6,220.8694000244141,262.1015625,1.58538818359375
50,2018-01-16,263.8697736538374,269.25488108692747,249.60328368579871,252.29583740234372,1870590,0.0,0.0,223.23160736083983,228.82582762075964,65.15306727951848,243.3102137943713,234.3596019242097,8.950611870161595,6.964370158632524,236.72127380371094,10.988338528025814,258.69795085976256,214.74459674765933,827241.75,217.1721954345703,262.1015625,2.162075805664074
49,2018-01-15,262.8249289584298,265.2763443254361,255.59121531737205,262.1015625,977336,0.0,0.0,222.75739807128906,227.86786803783784,73.80384660278219,241.67646404746722,232.92470308595895,8.751760961508268,6.467809730750256,234.55919799804687,11.972622020555287,258.5044420391574,210.61395395693629,815159.3,209.0543212890625,262.1015625,2.937692260742182
48,2018-01-12,241.88734882464928,263.5482870446822,240.3200344408572,255.8323211669922,1595260,0.0,0.0,,226.47057438632103,71.92306465984828,237.96280978337037,230.5905543328357,7.372255450534681,5.896821923060753,231.6215057373047,12.066708992863964,255.75492372303262,207.48808775157676,791146.95,203.34771728515625,255.8323211669922,2.7146522521972543
47,2018-01-11,239.5162779235315,244.2985758343627,237.14521770991703,238.873291015625,420895,0.0,0.0,,225.27213574221201,63.347292432537195,234.71380771362095,228.57121298610318,6.142594727517775,5.527963541192271,228.90685348510743,12.434870473661748,253.77659443243093,204.03711253778394,725120.8,201.53927612304688,241.80699157714844,1.8325386047363281
46,2018-01-10,235.89943450837632,239.51629125552347,235.01530906450887,237.54710388183597,131597,0.0,0.0,,224.71698654737884,66.07279616861032,233.95753802234748,227.74704674374144,6.210491278606042,5.374305744610895,227.0743148803711,13.54029842935931,254.15491173908973,199.99371802165248,713674.65,201.53927612304688,241.80699157714844,1.7180061340332031
45,2018-01-09,239.6770523018533,241.12378520171168,233.930249131842,235.21624755859372,94441,0.0,0.0,,224.19330828882957,66.94336912755907,233.30488968425868,226.96304217269386,6.341847511564822,5.165259361112108,225.3563087463379,14.3000707559287,253.9564502581953,196.7561672344805,745653.3,201.53927612304688,241.80699157714844,1.6115097045898494
44,2018-01-08,237.4667728858212,241.12380748803687,237.4667728858212,239.59669494628903,259903,0.0,0.0,,223.74339240026777,76.79834949077612,232.95737007074322,226.30278574182188,6.654584328921345,4.871112323498929,223.74479904174805,14.932513283361228,253.60982560847052,193.8797724750256,812036.8,201.53927612304688,241.80699157714844,1.834552001953142
43,2018-01-05,238.10977745894445,241.48552082414636,235.49760268513324,237.26585388183597,310196,0.0,0.0,,223.09631882696075,78.0959235196377,231.75022009337124,225.23927300546453,6.510947087906715,4.425244322143325,221.9102470397949,15.134997452281842,252.18024194435858,191.64025213523124,818618.9,201.53927612304688,241.80699157714844,1.7240371704101562
42,2018-01-04,237.1452684910076,241.3247578725093,237.10509099880187,239.1144561767578,234257,0.0,0.0,,222.517970457374,81.1459404984358,230.74737758637767,224.2771465353548,6.470231051022864,3.9038186307024763,220.18620986938475,15.257137956101712,250.70048578158818,189.67193395718132,813741.7,201.53927612304688,241.80699157714844,1.7059509277343636
41,2018-01-03,231.1573107298649,239.51626264119776,228.303998253187,238.5517578125,463883,0.0,0.0,,221.84056287699096,80.05312656285223,229.22609056994492,223.09016176404256,6.135928805902353,3.2622155256223793,218.4802589416504,14.93336179491605,248.3469825314825,188.61353535181829,835511.8,201.53927612304688,241.80699157714844,1.4346839904785043
40,2018-01-02,243.61539693674908,245.66493925234963,227.94235126005515,231.3180694580078,440999,0.0,0.0,,221.1584732877865,75.96437656309544,227.53051470766218,221.85323408016598,5.677280627496202,2.543787205552386,217.0455749511719,14.267023385980394,245.57962172313268,188.5115281792111,867517.8,201.53927612304688,241.80699157714844,1.316131591796875
39,2018-01-01,242.32942157702792,249.9650086582278,237.3060090236069,241.80699157714844,1654808,0.0,0.0,,220.7437958930836,94.23083275353757,226.84186838941753,221.09604724993864,5.745821139478892,1.7604138500664313,215.729443359375,14.094173548874622,243.91779045712425,187.54109626162577,934187.55,201.53927612304688,241.80699157714844,1.6537071228027571
38,2017-12-29,233.5686241245937,245.0621836691604,231.5592588525796,241.2845916748047,1529684,0.0,0.0,,219.88407362026462,94.17213490754973,224.1209369007392,219.43917170376184,4.681765196977352,0.7640620277133162,214.07573623657225,12.749587604093877,239.57491144476,188.5765610283845,868342.85,201.53927612304688,241.2845916748047,1.4748756408691293
37,2017-12-28,228.26386610988445,237.10507219160533,228.26386610988445,231.84054565429688,734826,0.0,0.0,,219.01058308742623,92.57958668545592,221.00027239636364,217.6915381060784,3.30873429028523,-0.2153637646026928,212.60086059570312,11.026042551577467,234.65294569885805,190.5487754925482,813483.1,201.53927612304688,231.84054565429688,1.0689819335937614
36,2017-12-27,230.59471648447013,234.6536483957134,228.46479454565727,229.22836303710935,777311,0.0,0.0,,218.4869111459213,85.93564241056976,219.02931362219394,216.55961750222093,2.4696961199730083,-1.0963882783246734,211.53187866210936,10.056310261566487,231.64449918524235,191.41925813897637,796648.8,201.53927612304688,230.1124267578125,0.6912223815917855
35,2017-12-26,229.46943988996188,233.0862962104692,226.053520031705,230.1124267578125,792108,0.0,0.0,,218.04848453811772,76.86560004857463,217.17494100130023,215.54611785942984,1.6288231418703845,-1.9879093778990937,210.84065628051758,9.215917257801951,229.27249079612147,192.40882176491368,768327.25,201.53927612304688,230.1124267578125,0.5686477661132869
34,2017-12-22,230.5545397306792,232.28258868546584,225.5713048333411,228.34423828125,1892348,0.0,0.0,,217.5560787332322,78.62063883185203,214.82267086375253,214.38081314755922,0.4418577161933115,-2.8920925078414634,210.2720085144043,8.266140272333736,226.80428905907178,193.7397279697368,756708.1,201.53927612304688,228.34423828125,0.4963134765625057
33,2017-12-21,225.0488454861111,231.3984330066509,222.07497593083647,226.05352783203125,1214297,0.0,0.0,,217.11574569045595,70.50422791049536,212.36420406057118,213.26373913686396,-0.8995350762927785,-3.725580063850157,209.77569503784179,7.373769524862209,224.5232340875662,195.02815598811736,677154.45,201.53927612304688,226.05352783203125,0.4038795471191179
32,2017-12-20,217.33292238541304,226.45544476429168,213.99738125463236,220.8694000244141,620156,0.0,0.0,,216.75093825610594,61.32262790718027,209.8752361021239,212.24055604125058,-2.3653199391266924,-4.4320913107395015,209.37181549072267,6.617722677504759,222.60726084573218,196.13637013571315,634203.3,201.53927612304688,220.8694000244141,0.2009384155273608
31,2017-12-19,209.65716486058471,221.4722172370459,206.80385162777972,217.1721954345703,529940,0.0,0.0,,216.58283777576682,58.892441391457794,207.87629720716205,211.55024852259749,-3.6739513154354313,-4.948784153642704,209.1708770751953,6.303806420453022,221.77848991610136,196.56326423428925,649466.85,201.53927612304688,218.73947143554688,-0.07836380004883381
30,2017-12-18,204.07108671194,212.1889255102425,201.78041817005908,209.0543212890625,1628941,0.0,0.0,,216.55878236112176,40.81394512036019,206.18613389308783,211.10049276963966,-4.91435887655183,-5.267492363194521,209.24924087524414,6.417228526175573,222.0836979275953,196.41478382289299,641275.3,201.53927612304688,218.73947143554688,-0.7575317382812443
29,2017-12-15,201.86078243095267,204.0710837057913,199.3289876945405,203.34771728515625,497089,0.0,0.0,,216.8650868946752,26.092337708878063,205.6646452756379,211.2641864880858,-5.599541212447917,-5.355775734855194,210.00677261352538,7.23512613420605,224.4770248819375,195.53652034511327,587551.4,201.53927612304688,224.2049560546875,-1.0448730468750114
28,2017-12-14,203.1869576030122,203.26732483118815,199.65046843017635,201.53927612304688,274737,0.0,0.0,,217.4168162664923,22.513015889424082,206.08590491027093,211.89750402432017,-5.811599114049244,-5.294834365457013,211.0516456604004,7.715834491559641,226.4833146435197,195.6199766772811,625083.7,201.53927612304688,224.24517822265625,-0.8600097656249943
27,2017-12-13,203.34775852881987,203.34775852881987,201.37858308286135,202.22251892089844,191972,0.0,0.0,,218.06487912949007,24.142383993171535,206.9125646897662,212.72616225642204,-5.8135975666558295,-5.1656431783089545,211.9116554260254,7.556708734683914,227.0250728953932,196.79823795665757,819077.15,202.22251892089844,224.24517822265625,-0.0763557434082145
26,2017-12-12,203.18698120117188,204.9552198608589,202.50379222929297,203.18698120117188,771170,0.0,0.0,,218.7115060767795,27.69032069038198,207.7653002841058,213.56645372326395,-5.801153439158156,-5.003654581222235,211.9880111694336,7.460759514434781,226.90953019830317,197.06649214056404,922014.2,202.7851104736328,224.24517822265625,-0.8258499145507585
25,2017-12-11,203.3879264642508,204.432798710469,202.54399071675948,202.98605346679688,1422111,0.0,0.0,,219.34516015333492,25.621910283219705,208.5977219355483,214.39681152503132,-5.799089589483032,-4.804279866738255,212.81386108398436,7.348588103347629,227.5110372906796,198.11668487728912,948762.2,202.7851104736328,224.24517822265625,-1.3924903869628906
24,2017-12-08,202.98603440484533,206.04027135151665,202.54397169632105,202.90565490722656,391545,0.0,0.0,,220.01287879360177,21.748363135897662,209.61802529350308,215.30967216969006,-5.691646876186979,-4.55557743605206,214.20635147094725,7.998221155601633,230.2027937821505,198.209909159744,984738.5,202.7851104736328,230.8358612060547,-1.3161354064941406
23,2017-12-07,205.6785886041193,208.8935724807867,202.5439842300447,202.7851104736328,212652,0.0,0.0,,220.71113282978033,21.474337781589114,210.83845627282608,216.30199355068714,-5.4635372778610645,-4.27156007601833,215.5224868774414,8.203882687735586,231.93025225291257,199.11472150197022,1010417.85,202.7851104736328,230.8358612060547,-1.4025375366211108
22,2017-12-06,207.84873862362764,209.41602874321785,204.6337543433809,204.9954376220703,669659,0.0,0.0,,221.4428072116639,33.202418236808626,212.3027009635885,217.38334419685148,-5.080643233262975,-3.9735657755576463,216.9250244140625,8.308798686908052,233.5426217878786,200.3074270402464,1073623.45,203.7496337890625,230.8358612060547,-1.2156631469726449
21,2017-12-05,203.58885697422576,211.30481093985424,203.58885697422576,209.8580780029297,1104003,0.0,0.0,,222.11412841940242,55.98421799897932,213.63129429840998,218.374376722834,-4.743082424424017,-3.696796411131314,218.14068756103515,8.249944921446458,234.64057740392806,201.64079771814224,1134424.35,203.7496337890625,230.8358612060547,-1.0729995727539006
20,2017-12-04,209.6973447734161,210.9431658990418,204.3122485568412,204.9954376220703,1774394,0.0,0.0,,222.6143753751768,38.163026075654834,214.31733362486094,219.05568062042636,-4.738346995565422,-3.435224907808138,219.21368713378905,8.50753673247911,236.22876059874727,202.19861366883083,1378266.05,203.7496337890625,231.3180694580078,-1.1794967651367188
19,2017-12-01,209.89826612142755,214.47962820103407,207.44685059625843,208.73284912109372,337914,0.0,0.0,,223.3335156916301,34.104070093208705,216.0122238071865,220.18050006029486,-4.16827625310836,-3.1094443858688163,220.39318389892577,8.055828445240651,236.50484078940707,204.28152700844447,3441011.9,203.7496337890625,231.3180694580078,
18,2017-11-30,210.50108030403436,213.95720294928728,203.10661928253373,211.78707885742188,432489,0.0,0.0,,223.92946126593773,37.19010561423016,217.33574647738516,221.09631213543096,-3.760565658045806,-2.84473641905893,,,,,,,,
17,2017-11-29,215.40394025803988,216.64973681758215,208.97397189212825,210.46090698242188,398140,0.0,0.0,,224.4250687111833,35.09703329741782,218.3445951355603,221.8410507976717,-3.4964556621114014,-2.6157791093122107,,,,,,,,
16,2017-11-28,217.4132802877853,218.538519716316,214.6001694522687,215.40391540527344,210880,0.0,0.0,,224.99503449603068,39.294602377389985,219.77799298158547,222.75146230289167,-2.9734693213061973,-2.3956099711124126,,,,,,,,
15,2017-11-27,217.0114224219374,219.4226604488478,215.24317139085045,218.73947143554688,559725,0.0,0.0,,225.38650874463303,40.11375849896731,220.57327981364222,223.3392660547011,-2.765986241058897,-2.2511451335639663,,,,,,,,
14,2017-11-24,220.14601769092,220.14601769092,217.09179279666049,218.41796875,301275,0.0,0.0,,225.65781638990183,42.30067320622583,220.90669951875046,223.70724962423344,-2.8005501054829836,-2.1224348566902336,,,,,,,,
13,2017-11-23,220.22641600093263,220.22641600093263,215.3637622473016,217.97593688964844,355274,0.0,0.0,,225.95332037520393,41.91179447186915,221.35919602215964,224.1303920941721,-2.771196072012458,-1.952906044492046,,,,,,,,
12,2017-11-22,220.9497406661648,222.11518202018303,214.60015302903375,216.8506317138672,925427,0.0,0.0,,226.27892786441026,40.897732883953225,221.97433404625258,224.622748510534,-2.648414464281416,-1.748333537611943,,,,,,,,
11,2017-11-21,222.47688547158168,225.0488825116388,218.61891443987767,218.73947143554688,366109,0.0,0.0,,226.66375627871815,42.13230476072495,222.90591628850447,225.24451785426734,-2.338601565762872,-1.523313305944575,,,,,,,,
10,2017-11-20,224.0441970436624,225.7722460344664,217.8151655563498,224.2049560546875,554463,0.0,0.0,,226.9871964763986,46.16467598108544,223.66345171631494,225.764921567765,-2.101469851450048,-1.3194912409900006,,,,,,,,
9,2017-11-17,220.22644743013552,228.26390901517692,213.3946050828503,224.24517822265625,1247735,0.0,0.0,,227.10075730993782,46.19721450732204,223.56499638206537,225.8897188088112,-2.3247224267458364,-1.1239965883749887,,,,,,,,
8,2017-11-16,204.9552322873853,223.9236430047569,190.88967713040788,218.73947143554688,4154606,0.0,0.0,,227.21731155839828,40.452049463533456,223.44132695650336,226.02128205570364,-2.5799550992002764,-0.8238151287822766,,,,,,,,
7,2017-11-15,217.8553678554132,222.2357938567092,199.40940980929184,203.7496337890625,2250713,0.0,0.0,,227.56334584912688,16.04397915283684,224.29620977849544,226.60382690531617,-2.3076171268207304,-0.3847801361777765,,,,,,,,
6,2017-11-14,232.2424223109774,232.2424223109774,215.3235538714457,219.7039794921875,1306130,0.0,0.0,,228.53533409647642,28.460058752258405,228.03195086748326,228.43216235461648,-0.40021148713321963,0.09592911148296199,,,,,,,,
5,2017-11-13,227.62087720334296,231.4788481952445,227.62087720334296,230.8358612060547,2141637,0.0,0.0,,228.89579754971268,61.86437951084204,229.5461274811734,229.1304169836108,0.4157104975625998,0.21996426113700737,,,,,,,,
4,2017-11-10,229.18816102112837,230.83585499521428,226.0937340961003,229.22836303710935,905132,0.0,0.0,,228.81661127802525,54.081583234697376,229.31163044028588,228.99398144581528,0.317648994470602,0.17102770203060924,,,,,,,,
3,2017-11-09,229.79097668814453,231.4788481952445,229.0676101932107,230.8358612060547,1476764,0.0,0.0,,228.7998050837769,67.94869298544516,229.32676996813615,228.97523091851178,0.351539049624364,0.13437237892061105,,,,,,,,
2,2017-11-08,230.6750784332812,232.2825702690532,229.0274091129664,229.30870056152344,1885677,0.0,0.0,,228.71670075225535,57.62671506165212,229.05238974306005,228.82638049550835,0.22600924755170126,0.0800807112446728,,,,,,,,
1,2017-11-07,231.2377144874974,233.8900662522016,226.65635286295824,231.3180694580078,5980837,0.0,0.0,,228.6925374947342,100.0,229.0057877760667,228.78779489022713,0.21799288583957832,0.04359857716791567,,,,,,,,
0,2017-11-06,237.82845254875173,240.32007022262275,223.4414030832412,228.5853729248047,43029311,0.0,0.0,,228.5853729248047,,228.5853729248047,228.5853729248047,0.0,0.0,,,,,,,,
