Date,Open,High,Low,Close,Volume,Dividends,Stock Splits
2010-01-08 00:00:00+05:30,304.05481782316787,348.91537118023035,295.3780920044278,338.7617492675781,529014,0.0,0.0
2010-01-11 00:00:00+05:30,339.1772288028695,365.94587571678295,337.700332304762,351.08465576171875,369961,0.0,0.0
2010-01-12 00:00:00+05:30,353.8998830531076,356.85367534279305,337.28486480489175,341.2078552246094,109769,0.0,0.0
2010-01-13 00:00:00+05:30,340.5155554626578,349.8384322461145,324.1313017097065,338.85406494140625,98337,0.0,0.0
2010-01-14 00:00:00+05:30,341.0694450096623,349.83848351464684,333.68499153178055,336.40802001953125,39287,0.0,0.0
2010-01-15 00:00:00+05:30,337.9310839517847,403.69887780633235,337.9310839517847,399.2681884765625,1016459,0.0,0.0
2010-01-18 00:00:00+05:30,383.2992794535501,479.15869140625,383.2992794535501,479.15869140625,2742800,0.0,0.0
2010-01-19 00:00:00+05:30,484.60464020967765,568.9258250706035,484.60464020967765,564.1259765625,5642085,0.0,0.0
2010-01-20 00:00:00+05:30,571.3719712106778,607.3711745664393,550.0031907857372,564.7720947265625,5605926,0.0,0.0
2010-01-21 00:00:00+05:30,553.8340000072674,553.8340000072674,508.3273176077851,511.6502990722656,1928440,0.0,0.0
2010-01-22 00:00:00+05:30,475.60489488439805,562.833740234375,468.2665839284451,562.833740234375,3376700,0.0,0.0
2010-01-25 00:00:00+05:30,581.5256017081268,595.6022134955061,558.9107171972552,564.9567260742188,3428331,0.0,0.0
2010-01-27 00:00:00+05:30,551.4340600806569,580.6026274118922,508.69649251482497,523.5115966796875,1678098,0.0,0.0
2010-01-28 00:00:00+05:30,533.2498034012796,559.2800105114778,527.0653129794493,535.8343505859375,1816691,0.0,0.0
2010-01-29 00:00:00+05:30,525.0345732999103,560.8953553635453,509.9887622602834,550.1417236328125,1593015,0.0,0.0
2010-02-01 00:00:00+05:30,544.4188397055018,567.5875970751919,533.5267817269552,544.741943359375,1507669,0.0,0.0
2010-02-02 00:00:00+05:30,551.8032430350606,565.5106678159839,530.7575631049415,535.0036010742188,943512,0.0,0.0
2010-02-03 00:00:00+05:30,544.6034441004493,554.7570676345256,535.5574998560542,538.5574340820312,619527,0.0,0.0
2010-02-04 00:00:00+05:30,540.0343301306082,554.2032847791229,518.7578837123245,524.8038940429688,822232,0.0,0.0
2010-02-05 00:00:00+05:30,509.2964209691038,511.3732980822537,491.52758344548755,494.2967529296875,431513,0.0,0.0
2010-02-06 00:00:00+05:30,502.92744733865936,507.58892899392265,493.835360893292,497.527587890625,88300,0.0,0.0
2010-02-08 00:00:00+05:30,502.74281681518096,510.72722287325075,482.8970992405701,487.3739013671875,376066,0.0,0.0
2010-02-09 00:00:00+05:30,488.9892941517327,536.111328125,467.1590085035313,536.111328125,1722200,0.0,0.0
2010-02-10 00:00:00+05:30,546.6341464410366,567.6798262944143,532.9267217100964,540.680419921875,2858082,0.0,0.0
2010-02-11 00:00:00+05:30,545.6187439387315,559.1876874805307,533.5267247879236,539.1112060546875,1530379,0.0,0.0
2010-02-15 00:00:00+05:30,544.6034716252626,552.9109822093767,529.5115165996865,534.865234375,539013,0.0,0.0
2010-02-16 00:00:00+05:30,539.9882245518959,545.5265653165307,528.9115430226262,537.1729125976562,546553,0.0,0.0
2010-02-17 00:00:00+05:30,543.6803130630215,546.2648601595475,530.0652288224788,533.9420776367188,532894,0.0,0.0
2010-02-18 00:00:00+05:30,535.1882456646343,537.9574156729083,512.2964515306845,515.250244140625,329459,0.0,0.0
2010-02-19 00:00:00+05:30,509.61949971970387,541.0957619398249,502.32738676373157,518.0193481445312,1234247,0.0,0.0
2010-02-22 00:00:00+05:30,527.9883710042242,528.7268050105753,478.14331500032887,493.3737487792969,626170,0.0,0.0
2010-02-23 00:00:00+05:30,491.52776192395277,514.1426542566041,479.989551550151,492.0815734863281,708857,0.0,0.0
2010-02-24 00:00:00+05:30,467.98972503314,496.60448139611304,467.98972503314,485.5278015136719,368266,0.0,0.0
2010-02-25 00:00:00+05:30,490.1430724837193,500.1120728596748,482.7586194142848,486.6816101074219,423003,0.0,0.0
2010-02-26 00:00:00+05:30,488.2968978697626,511.0964051250341,480.9124457280649,487.41998291015625,701515,0.0,0.0
2010-03-02 00:00:00+05:30,495.6813916244353,499.9736273276943,488.296938862805,491.9430236816406,269696,0.0,0.0
2010-03-03 00:00:00+05:30,496.2352404906308,505.8350523406887,491.98920236785966,495.7737121582031,363083,0.0,0.0
2010-03-04 00:00:00+05:30,496.604485692136,504.4504673434058,493.8353156975702,495.7737121582031,221975,0.0,0.0
2010-03-05 00:00:00+05:30,499.65049843335487,502.14276238207543,487.37385760613205,489.219970703125,208791,0.0,0.0
2010-03-08 00:00:00+05:30,489.22005452789074,501.8659426768654,486.63550701703485,489.0815734863281,189750,0.0,0.0
2010-03-09 00:00:00+05:30,491.8968672883647,491.98915040954125,464.85129296268,467.8512268066406,224549,0.0,0.0
2010-03-10 00:00:00+05:30,467.8512774929962,479.9894670350889,454.14388034858416,470.48199462890625,443955,0.0,0.0
2010-03-11 00:00:00+05:30,473.5280190313683,474.4510755986809,455.98994425242876,458.4822082519531,144541,0.0,0.0
2010-03-12 00:00:00+05:30,460.6052528877628,467.4358662345726,445.1440545192858,447.59014892578125,286977,0.0,0.0
2010-03-15 00:00:00+05:30,411.22176772025256,443.06722447973345,411.22176772025256,424.1445617675781,377127,0.0,0.0
2010-03-16 00:00:00+05:30,415.83702174025154,427.65213561847503,408.0371817628028,411.8678894042969,287450,0.0,0.0
2010-03-17 00:00:00+05:30,417.22160919328695,494.2506985300503,412.0524862773555,489.8200378417969,3457158,0.0,0.0
2010-03-18 00:00:00+05:30,527.0653602469883,527.0653602469883,457.2361285732003,476.3895263671875,4846545,0.0,0.0
2010-03-19 00:00:00+05:30,415.375496269076,500.9428597682872,415.375496269076,486.3123779296875,2007349,0.0,0.0
2010-03-22 00:00:00+05:30,479.8971075343072,499.2812944644355,471.6818819664552,484.51239013671875,1133622,0.0,0.0
2010-03-23 00:00:00+05:30,489.8661078324608,495.63521109895646,480.5432031504643,483.8200988769531,519647,0.0,0.0
2010-03-25 00:00:00+05:30,484.60477160003137,487.3739417234601,471.5435248184168,475.28192138671875,425722,0.0,0.0
2010-03-26 00:00:00+05:30,478.8817546747105,487.09698098222316,466.1897263753481,469.00506591796875,411368,0.0,0.0
2010-03-29 00:00:00+05:30,468.91273358650926,475.74337468218835,446.7593760942333,451.2362060546875,432734,0.0,0.0
2010-03-30 00:00:00+05:30,457.8360785146338,517.8347581586886,452.5746445703743,489.3122863769531,4337159,0.0,0.0
2010-03-31 00:00:00+05:30,493.8353100860768,505.83504659284125,485.89704539408774,491.98919677734375,1904337,0.0,0.0
2010-04-01 00:00:00+05:30,497.5275826062707,501.68133793415234,490.2816097365309,493.7430725097656,861282,0.0,0.0
2010-04-05 00:00:00+05:30,498.45066647605455,512.2965183226116,490.32777799385747,497.3429870605469,1069517,0.0,0.0
2010-04-06 00:00:00+05:30,498.4505310058594,507.4964738192968,490.14302215576174,498.4505310058594,1060469,0.0,0.0
2010-04-07 00:00:00+05:30,498.9120638827816,506.4811388394402,492.91219632452425,495.6813659667969,520668,0.0,0.0
2010-04-08 00:00:00+05:30,497.61987138882546,497.61987138882546,482.11252925662706,485.9432373046875,225664,0.0,0.0
2010-04-09 00:00:00+05:30,481.0048164762484,495.4968177123385,479.5279483144048,481.5125427246094,222395,0.0,0.0
2010-04-12 00:00:00+05:30,488.20464852608774,494.48142201295946,476.80486594039974,489.5892333984375,403341,0.0,0.0
2010-04-13 00:00:00+05:30,488.6661993452442,491.89689752966785,475.374161422339,477.9125671386719,303989,0.0,0.0
2010-04-15 00:00:00+05:30,484.6047156910833,490.97382877572767,474.45109307660346,477.5895080566406,332203,0.0,0.0
2010-04-16 00:00:00+05:30,478.1433665218951,482.7125084157066,469.37432794668655,472.2358093261719,212385,0.0,0.0
2010-04-19 00:00:00+05:30,466.0513016216373,472.32810380621225,457.05149919394586,458.8514709472656,296311,0.0,0.0
2010-04-20 00:00:00+05:30,465.86671296725945,499.74290404952654,463.37444868860285,487.1431579589844,1311976,0.0,0.0
2010-04-21 00:00:00+05:30,488.94313039656737,491.7584419782152,476.29724272315167,479.8971862792969,457831,0.0,0.0
2010-04-22 00:00:00+05:30,479.0663715413114,486.1739185718437,473.6203151096157,476.85101318359375,357744,0.0,0.0
2010-04-23 00:00:00+05:30,479.89720121326604,482.2971260994409,469.8358606404123,472.328125,167257,0.0,0.0
2010-04-26 00:00:00+05:30,473.5280641650713,481.9740550965609,472.3281017809725,473.9434509277344,267828,0.0,0.0
2010-04-27 00:00:00+05:30,473.52810209460444,479.98949919920915,468.6359126974718,470.5281677246094,214962,0.0,0.0
2010-04-28 00:00:00+05:30,459.682160116552,465.2204993950647,450.4515946523642,452.4823303222656,194040,0.0,0.0
2010-04-29 00:00:00+05:30,457.8361375188253,468.4051483321531,455.48235412799266,459.6822509765625,166784,0.0,0.0
2010-04-30 00:00:00+05:30,462.5436754605346,468.9127604708346,457.83608108963375,459.7745056152344,196886,0.0,0.0
2010-05-03 00:00:00+05:30,457.0976292561822,462.45134614739345,450.4054690574424,455.020751953125,102555,0.0,0.0
2010-05-04 00:00:00+05:30,457.0976929873643,460.97451425859555,443.1595310651742,445.69793701171875,117632,0.0,0.0
2010-05-05 00:00:00+05:30,437.298067757372,440.20569043680234,420.31383181503946,435.175048828125,190255,0.0,0.0
2010-05-06 00:00:00+05:30,434.7596413198525,474.3587904214889,429.2213019399818,466.37432861328125,1121925,0.0,0.0
2010-05-07 00:00:00+05:30,454.1438811546148,456.9130511616551,433.836634436319,436.6058044433594,491907,0.0,0.0
2010-05-10 00:00:00+05:30,439.0057477133998,451.3747011708998,439.0057477133998,447.1748046875,217340,0.0,0.0
2010-05-11 00:00:00+05:30,449.6208927866114,450.45163812467206,436.69809988959213,439.83648681640625,137891,0.0,0.0
2010-05-12 00:00:00+05:30,441.68262281161634,458.4822657098504,432.3136031131396,441.0826416015625,396799,0.0,0.0
2010-05-13 00:00:00+05:30,445.4671574521395,449.5286011924722,437.52886440499344,441.0364685058594,155144,0.0,0.0
2010-05-14 00:00:00+05:30,441.2210777531487,446.2055780185613,428.2982846808807,431.3443603515625,169332,0.0,0.0
2010-05-17 00:00:00+05:30,429.22134634914266,443.0671962313731,424.6060630550659,433.6058654785156,226815,0.0,0.0
2010-05-18 00:00:00+05:30,434.7597440722767,438.91349958889083,429.2675449547484,430.6521301269531,110826,0.0,0.0
2010-05-19 00:00:00+05:30,424.6060733678743,430.6059417958986,408.91410978688765,411.4986572265625,117990,0.0,0.0
2010-05-20 00:00:00+05:30,416.29855324880947,420.86769497907784,392.29908011251445,401.85272216796875,157525,0.0,0.0
2010-05-21 00:00:00+05:30,380.76089504720954,389.5299338422362,378.45325325904463,383.66851806640625,105673,0.0,0.0
2010-05-24 00:00:00+05:30,389.52994323900026,399.6835673518652,377.53020565106897,381.7301025390625,199176,0.0,0.0
2010-05-25 00:00:00+05:30,383.0684781521898,383.0684781521898,362.3458468012367,364.2842712402344,105328,0.0,0.0
2010-05-26 00:00:00+05:30,299.0703525688812,378.17631820441903,299.0703525688812,362.7612609863281,142200,0.0,0.0
2010-05-27 00:00:00+05:30,367.65346650570905,373.8379575653121,363.49971142165003,367.4688720703125,190234,0.0,0.0
2010-05-28 00:00:00+05:30,373.7917721460389,379.7454701663703,369.40725340502956,372.2225646972656,156799,0.0,0.0
2010-05-31 00:00:00+05:30,373.88408016394595,446.6671017449831,371.2072215461343,444.17486572265625,2786597,0.0,0.0
2010-06-01 00:00:00+05:30,447.6825466587422,459.54383213709735,417.7755120622353,425.71380615234375,4864441,0.0,0.0
2010-06-02 00:00:00+05:30,419.9907677532037,446.02097605535926,419.9907677532037,435.49810791015625,1384588,0.0,0.0
2010-06-03 00:00:00+05:30,444.3594740583331,460.42065443741427,439.88264358749325,445.23638916015625,1677427,0.0,0.0
2010-06-04 00:00:00+05:30,442.32883228059,450.5440322122534,436.69818013547524,439.5596618652344,400628,0.0,0.0
2010-06-07 00:00:00+05:30,415.3755474868086,430.8828899918666,388.7453539751518,421.0985107421875,791063,0.0,0.0
2010-06-08 00:00:00+05:30,420.08309832550486,449.0670722796533,420.08309832550486,434.4827880859375,1776989,0.0,0.0
2010-06-09 00:00:00+05:30,436.6057709072924,444.7748274344799,431.15974261231804,435.0827331542969,461829,0.0,0.0
2010-06-10 00:00:00+05:30,440.2056841453536,448.882410497047,420.9138069602332,432.8674011230469,803769,0.0,0.0
2010-06-11 00:00:00+05:30,438.4519230431514,444.8210085018874,427.60600705208395,433.09820556640625,592379,0.0,0.0
2010-06-14 00:00:00+05:30,438.4519217794134,439.2826671552099,429.4982607405574,433.7904968261719,248451,0.0,0.0
2010-06-15 00:00:00+05:30,435.68276434260747,495.68145011012757,434.94433024709696,473.1588439941406,6675450,0.0,0.0
2010-06-16 00:00:00+05:30,478.1433455075723,490.14308197783953,469.3743073177616,472.466552734375,1274453,0.0,0.0
2010-06-17 00:00:00+05:30,475.374164092106,475.97417343671657,452.5285125168058,456.35919189453125,626407,0.0,0.0
2010-06-18 00:00:00+05:30,452.29777760300556,478.4202706335197,447.8671167636559,456.3130798339844,1538793,0.0,0.0
2010-06-21 00:00:00+05:30,460.65137423215185,468.9127418774985,454.69767620250394,456.49761962890625,421002,0.0,0.0
2010-06-22 00:00:00+05:30,456.49768657366394,470.20508440843554,452.4824124039198,455.1592712402344,429045,0.0,0.0
2010-06-23 00:00:00+05:30,455.0669250488281,462.4513781936367,452.75928344107547,455.0669250488281,278411,0.0,0.0
2010-06-24 00:00:00+05:30,455.06693256304277,466.0513011634324,453.2669608114927,455.94384765625,447048,0.0,0.0
2010-06-25 00:00:00+05:30,458.75918568803047,465.2205826695521,447.3594296653121,450.8208923339844,331376,0.0,0.0
2010-06-28 00:00:00+05:30,454.5130719116658,459.68219459319056,448.6055152054028,451.1439208984375,261515,0.0,0.0
2010-06-29 00:00:00+05:30,452.29782319393144,457.6515412619134,441.2211418095903,442.9288024902344,228607,0.0,0.0
2010-06-30 00:00:00+05:30,441.221080035728,457.5591940579705,424.6060602854286,447.26708984375,1195780,0.0,0.0
2010-07-01 00:00:00+05:30,443.99025867574295,456.4053821663702,443.06720200489946,447.45172119140625,556477,0.0,0.0
2010-07-02 00:00:00+05:30,448.60553853230164,459.68221849606215,443.99025521406804,448.7901611328125,878448,0.0,0.0
2010-07-05 00:00:00+05:30,451.79008011160795,454.1438632570493,444.9132969306865,447.03631591796875,275272,0.0,0.0
2010-07-06 00:00:00+05:30,446.8978606357921,455.52844573807374,445.6517285545938,448.4208984375,374831,0.0,0.0
2010-07-07 00:00:00+05:30,450.45173042102635,454.14395771955935,440.8519450787323,443.4364929199219,350001,0.0,0.0
2010-07-08 00:00:00+05:30,448.6054867833215,451.3285148947454,441.2210343259829,443.25177001953125,142516,0.0,0.0
2010-07-09 00:00:00+05:30,446.85172515001705,447.40556476802186,438.54421538830434,439.1903381347656,165570,0.0,0.0
2010-07-12 00:00:00+05:30,441.4979415534139,443.9902055341719,436.60575305127503,437.574951171875,131696,0.0,0.0
2010-07-13 00:00:00+05:30,438.45191653611477,441.9133790350841,435.9596522690753,437.298095703125,153297,0.0,0.0
2010-07-14 00:00:00+05:30,441.1749507923741,450.3593478425159,438.03653554965797,440.34417724609375,456862,0.0,0.0
2010-07-15 00:00:00+05:30,441.22108359314643,443.80563097402774,434.43661150651593,435.7750549316406,140784,0.0,0.0
2010-07-16 00:00:00+05:30,438.0826608122093,440.759519274436,431.15973642569986,432.77508544921875,110518,0.0,0.0
2010-07-19 00:00:00+05:30,431.06745804211374,450.17474207535935,431.06745804211374,446.5747985839844,673631,0.0,0.0
2010-07-20 00:00:00+05:30,449.52858099053975,456.728411471683,439.00574099138686,442.6979675292969,631096,0.0,0.0
2010-07-21 00:00:00+05:30,451.7900486779406,451.7900486779406,441.2210397018216,443.3902282714844,200524,0.0,0.0
2010-07-22 00:00:00+05:30,440.2980029526835,446.2978709174475,438.68265388524696,440.99029541015625,143455,0.0,0.0
2010-07-23 00:00:00+05:30,444.4979754824292,445.2825793693321,434.8520491559034,436.28277587890625,117594,0.0,0.0
2010-07-26 00:00:00+05:30,437.52888050575956,438.9134655706512,423.86765246661076,425.4830017089844,115899,0.0,0.0
2010-07-27 00:00:00+05:30,427.8368255182,433.2828549879921,423.68306993064465,425.71380615234375,169246,0.0,0.0
2010-07-28 00:00:00+05:30,427.8367708492925,430.55979932096943,418.23698701860377,420.1292419433594,116034,0.0,0.0
2010-07-29 00:00:00+05:30,421.8368891477327,428.11366310140556,418.6523324367135,421.2369079589844,168296,0.0,0.0
2010-07-30 00:00:00+05:30,420.45231093766296,425.99065092806023,413.57552751513805,414.9139709472656,101406,0.0,0.0
2010-08-02 00:00:00+05:30,414.45241412576206,423.1291405470658,413.5754990864457,416.3908386230469,218695,0.0,0.0
2010-08-03 00:00:00+05:30,419.0676925090744,437.2519186280197,417.221579326215,425.66754150390625,646887,0.0,0.0
2010-08-04 00:00:00+05:30,427.3752184660538,433.7443035609231,420.03690701078864,424.6060485839844,162363,0.0,0.0
2010-08-05 00:00:00+05:30,427.79065457658896,433.37513654867774,420.91387064152724,425.021484375,191584,0.0,0.0
2010-08-06 00:00:00+05:30,425.806042213523,430.9751653403585,417.22162621623636,421.7445983886719,144110,0.0,0.0
2010-08-09 00:00:00+05:30,422.7598767105727,429.22127220614914,421.7445089273781,426.0828857421875,162137,0.0,0.0
2010-08-10 00:00:00+05:30,427.65217019242675,429.1752363269755,419.25237651541227,421.3292541503906,125141,0.0,0.0
2010-08-11 00:00:00+05:30,422.0676264787483,426.45214528853296,413.5293530070623,417.0369567871094,162824,0.0,0.0
2010-08-12 00:00:00+05:30,413.52936228886875,418.88307937214904,411.8678716545962,413.6216735839844,112652,0.0,0.0
2010-08-13 00:00:00+05:30,418.1446738464449,436.1442790120204,417.2216171712872,418.65234375,329035,0.0,0.0
2010-08-16 00:00:00+05:30,420.9137921383107,422.20606569081014,409.9294246878897,411.6370849609375,71311,0.0,0.0
2010-08-17 00:00:00+05:30,412.69861437376403,415.09856718440165,407.0679634405821,409.2371520996094,80058,0.0,0.0
2010-08-18 00:00:00+05:30,413.7601194085876,415.00625144783567,407.99101568007967,409.14483642578125,97173,0.0,0.0
2010-08-19 00:00:00+05:30,412.09863896924423,425.7598656675998,409.83713898409604,414.4062805175781,305309,0.0,0.0
2010-08-20 00:00:00+05:30,414.45241168251823,418.05232677370986,407.99101550929413,409.8832702636719,104845,0.0,0.0
2010-08-23 00:00:00+05:30,409.92946320479626,412.2832463905295,406.8833593632819,408.2679443359375,60198,0.0,0.0
2010-08-24 00:00:00+05:30,408.2217916870269,410.71405583791693,401.57577273095507,402.9603576660156,71595,0.0,0.0
2010-08-25 00:00:00+05:30,403.37579735289233,403.37579735289233,388.6068894406583,390.4530029296875,82235,0.0,0.0
2010-08-26 00:00:00+05:30,393.22214117809733,399.6835378641224,389.5299145003687,391.145263671875,147781,0.0,0.0
2010-08-27 00:00:00+05:30,390.17605934598987,393.22213503978423,374.1148510130274,378.037841796875,91333,0.0,0.0
2010-08-30 00:00:00+05:30,380.2992995084949,385.8376388217254,373.0532999397949,374.853271484375,90463,0.0,0.0
2010-08-31 00:00:00+05:30,373.745622136597,373.745622136597,360.45361235953413,366.17657470703125,98582,0.0,0.0
2010-09-01 00:00:00+05:30,369.17654508486254,436.5135156615141,362.761289636486,429.9136657714844,4285693,0.0,0.0
2010-09-02 00:00:00+05:30,437.528893084313,437.528893084313,409.83719099036915,413.4832763671875,1399271,0.0,0.0
2010-09-03 00:00:00+05:30,416.2523968325426,438.359586127292,409.97559487301453,421.69842529296875,1647602,0.0,0.0
2010-09-06 00:00:00+05:30,424.69835988061055,435.221199798584,418.513869209541,424.6060485839844,437900,0.0,0.0
2010-09-07 00:00:00+05:30,426.08291815788334,443.71330427099423,424.6983333034943,428.2982482910156,1114116,0.0,0.0
2010-09-08 00:00:00+05:30,424.6060626064534,432.5904970628797,418.19080756668313,419.8984680175781,213752,0.0,0.0
2010-09-09 00:00:00+05:30,421.8368980431864,430.6059364051345,418.14467136447144,420.03692626953125,253213,0.0,0.0
2010-09-13 00:00:00+05:30,413.6678031885919,430.05205758243113,410.7601805779417,421.28302001953125,221853,0.0,0.0
2010-09-14 00:00:00+05:30,422.3907778795066,424.4676555839485,412.7909932350885,414.4524841308594,116573,0.0,0.0
2010-09-15 00:00:00+05:30,414.9139199308656,422.71375905941505,410.8524767378462,412.283203125,105657,0.0,0.0
2010-09-16 00:00:00+05:30,412.6062814035882,419.06767730923724,404.7141591008971,406.5602722167969,165233,0.0,0.0
2010-09-17 00:00:00+05:30,407.9910498379039,413.52938988095235,404.29882314253825,407.0679931640625,131222,0.0,0.0
2010-09-20 00:00:00+05:30,405.2219007647048,411.3602223291856,376.1456140355745,406.09881591796875,177340,0.0,0.0
2010-09-21 00:00:00+05:30,410.02176644014605,428.6674934702208,406.5141343433933,417.4062194824219,788386,0.0,0.0
2010-09-22 00:00:00+05:30,418.74464913462504,421.09846052469084,408.91410131698996,410.5755920410156,224259,0.0,0.0
2010-09-23 00:00:00+05:30,410.80639446736836,417.9600842650257,407.9910826534922,410.714111328125,154926,0.0,0.0
2010-09-24 00:00:00+05:30,410.7602073225383,415.14472638946427,406.1449240941951,408.9602355957031,88457,0.0,0.0
2010-09-27 00:00:00+05:30,410.76021837222385,413.29862421609715,407.06799169022634,408.49871826171875,83745,0.0,0.0
2010-09-28 00:00:00+05:30,406.14488945077153,418.4677002532249,406.14488945077153,410.25250244140625,191257,0.0,0.0
2010-09-29 00:00:00+05:30,410.7602284289054,420.636946312843,406.14494496341206,407.9910583496094,354323,0.0,0.0
2010-09-30 00:00:00+05:30,409.83715878228975,412.3294230426663,403.00654510314234,406.9756774902344,99533,0.0,0.0
2010-10-01 00:00:00+05:30,411.4063689398293,416.2062467204424,408.12950086082736,410.62176513671875,169300,0.0,0.0
2010-10-04 00:00:00+05:30,415.37548512010704,419.2523342490092,412.5601736554075,414.59088134765625,168894,0.0,0.0
2010-10-05 00:00:00+05:30,416.29851787147544,416.89849901500526,410.71403682634593,413.298583984375,89334,0.0,0.0
2010-10-06 00:00:00+05:30,417.6831757972986,448.6055766574301,412.92943920940843,426.5906677246094,1078714,0.0,0.0
2010-10-07 00:00:00+05:30,429.5905265044342,433.6519698207129,411.72937605559645,416.89849853515625,248165,0.0,0.0
2010-10-08 00:00:00+05:30,419.2061151130597,421.65220926994243,409.1448046264129,412.6985778808594,102056,0.0,0.0
2010-10-11 00:00:00+05:30,418.23696806864666,424.9752702543497,413.5293735836917,416.80621337890625,161414,0.0,0.0
2010-10-12 00:00:00+05:30,417.31384737050166,418.1445925828029,408.8678860681162,410.94476318359375,69568,0.0,0.0
2010-10-13 00:00:00+05:30,414.8216009067899,419.0676665987287,410.8986106357666,413.5293273925781,113917,0.0,0.0
2010-10-14 00:00:00+05:30,414.82163169691347,425.48295236175954,410.7601882781658,412.7909240722656,200937,0.0,0.0
2010-10-15 00:00:00+05:30,415.1908877578711,419.9907938120767,408.1756794517386,409.4217834472656,106480,0.0,0.0
2010-10-18 00:00:00+05:30,411.6832400416059,412.2832211925296,402.45267412139054,407.6679382324219,77118,0.0,0.0
2010-10-19 00:00:00+05:30,411.63713599081933,417.8677685547402,406.2372488015304,407.1141357421875,132268,0.0,0.0
2010-10-20 00:00:00+05:30,409.7448319463702,411.6832565010054,399.72966188863234,401.5757751464844,85200,0.0,0.0
2010-10-21 00:00:00+05:30,404.2065165805837,407.99105462159804,401.6219691313056,405.0372619628906,62648,0.0,0.0
2010-10-22 00:00:00+05:30,402.4526867773661,409.28330013923824,397.8374036721211,402.9142150878906,71625,0.0,0.0
2010-10-25 00:00:00+05:30,402.729590279597,410.2525242353082,401.52962794661795,403.56036376953125,87810,0.0,0.0
2010-10-26 00:00:00+05:30,406.144966464058,413.5294203997681,402.6373621123781,404.8988342285156,117641,0.0,0.0
2010-10-27 00:00:00+05:30,404.29879837600885,414.36010987065373,401.5296285241184,406.4679870605469,108915,0.0,0.0
2010-10-28 00:00:00+05:30,410.85253218221254,424.6060710227544,404.2988241477531,407.1141357421875,240937,0.0,0.0
2010-10-29 00:00:00+05:30,409.5602396679817,409.8371453903291,394.4682580720824,396.5451354980469,76390,0.0,0.0
2010-11-01 00:00:00+05:30,401.9912060676882,403.23733828755275,395.16059189698495,399.7297058105469,79293,0.0,0.0
2010-11-02 00:00:00+05:30,399.6835808667775,401.16047733066165,392.299126716814,395.7605895996094,69114,0.0,0.0
2010-11-03 00:00:00+05:30,400.60664437709505,433.8366886111398,398.9451534331758,411.1294860839844,1036000,0.0,0.0
2010-11-04 00:00:00+05:30,414.72935647227,418.97542284865864,406.37570475752904,412.9294128417969,260119,0.0,0.0
2010-11-08 00:00:00+05:30,414.2677941117975,414.2677941117975,403.8372657165007,406.37567138671875,98151,0.0,0.0
2010-11-09 00:00:00+05:30,407.9910410689904,412.37556017550105,404.6218899157729,406.88336181640625,81852,0.0,0.0
2010-11-10 00:00:00+05:30,405.2218894308619,426.82141047734035,404.80650264999593,412.3294372558594,422715,0.0,0.0
2010-11-11 00:00:00+05:30,414.9168349681731,421.3854715935121,404.8442492917773,406.6462097167969,125909,0.5,0.0
2010-11-12 00:00:00+05:30,405.6759313242402,409.37229516318547,361.8740254729427,378.6462707519531,1533639,0.0,0.0
2010-11-15 00:00:00+05:30,362.2436015625,377.9069522472024,333.5967861328125,346.5340576171875,604084,0.0,0.0
2010-11-16 00:00:00+05:30,337.29320042918454,348.7519226939724,330.45493296479646,334.61334228515625,360365,0.0,0.0
2010-11-18 00:00:00+05:30,334.47471250558465,334.52090577017407,314.1909059719867,321.3988037109375,208237,0.0,0.0
2010-11-19 00:00:00+05:30,318.81143192445063,318.81143192445063,306.79824753309447,311.049072265625,145163,0.0,0.0
2010-11-22 00:00:00+05:30,306.79823332914754,337.06221568315226,306.79823332914754,326.75860595703125,444718,0.0,0.0
2010-11-23 00:00:00+05:30,326.75857980133947,326.75857980133947,305.87411778092735,313.266845703125,140910,0.0,0.0
2010-11-24 00:00:00+05:30,313.2206908356188,328.0523417675158,310.03256524789174,314.93023681640625,188386,0.0,0.0
2010-11-25 00:00:00+05:30,317.8873129104288,317.8873129104288,303.10185649599026,306.93682861328125,76065,0.0,0.0
2010-11-26 00:00:00+05:30,314.1909324682735,314.1909324682735,284.9896519280773,287.8543395996094,92690,0.0,0.0
2010-11-29 00:00:00+05:30,288.3164639949744,289.70260084110413,280.92373414894945,286.05242919921875,66309,0.0,0.0
2010-11-30 00:00:00+05:30,285.0820602195956,297.55728813844337,278.3824007816958,288.4549865722656,151342,0.0,0.0
2010-12-01 00:00:00+05:30,293.81473667874843,324.35593211139394,290.39558879203855,311.7420959472656,631787,0.0,0.0
2010-12-02 00:00:00+05:30,309.57048790571383,327.1282170705155,309.57048790571383,316.9170227050781,190547,0.0,0.0
2010-12-03 00:00:00+05:30,320.38241331214124,325.1414770992899,304.02598866005115,309.1084899902344,149033,0.0,0.0
2010-12-06 00:00:00+05:30,308.6463514406438,318.8113510389884,305.4120333866251,308.2304992675781,131699,0.0,0.0
2010-12-07 00:00:00+05:30,308.5539146657948,311.8344539496442,302.3163017216035,304.76513671875,73127,0.0,0.0
2010-12-08 00:00:00+05:30,305.8741085054612,305.8741085054612,292.9368350339311,296.5870056152344,52924,0.0,0.0
2010-12-09 00:00:00+05:30,299.7750906133232,299.7750906133232,276.3031867441568,281.66290283203125,117438,0.0,0.0
2010-12-10 00:00:00+05:30,277.2273058890224,288.6860288922314,267.98639569272166,283.6497497558594,108186,0.0,0.0
2010-12-13 00:00:00+05:30,286.4682037709752,304.85760863090826,286.4682037709752,296.8642272949219,148387,0.0,0.0
2010-12-14 00:00:00+05:30,298.8972274701994,306.75200050347576,297.5572843194099,301.94671630859375,103871,0.0,0.0
2010-12-15 00:00:00+05:30,303.74869687205364,306.3361401692453,291.08863997982587,294.7850036621094,70759,0.0,0.0
2010-12-16 00:00:00+05:30,286.699268576696,294.78506583711857,285.5441546823499,292.2900085449219,43280,0.0,0.0
2010-12-20 00:00:00+05:30,292.28998783442114,309.6629164950235,289.24049864983124,298.2041931152344,122806,0.0,0.0
2010-12-21 00:00:00+05:30,297.5573069874095,306.79821714229803,297.5573069874095,302.0391540527344,88872,0.0,0.0
2010-12-22 00:00:00+05:30,303.10183585697945,314.14473414498093,303.10183585697945,309.4780578613281,179572,0.0,0.0
2010-12-23 00:00:00+05:30,310.49459882208834,318.7190036863977,309.5705077541654,312.2503662109375,145249,0.0,0.0
2010-12-24 00:00:00+05:30,313.7750869900488,313.7750869900488,305.5044894812078,307.39886474609375,62629,0.0,0.0
2010-12-27 00:00:00+05:30,309.89393163175316,315.1150402955666,304.4879934820798,305.6893005371094,79906,0.0,0.0
2010-12-28 00:00:00+05:30,308.3691532606612,326.1116821177582,305.87409648026437,315.2998352050781,513113,0.0,0.0
2010-12-29 00:00:00+05:30,314.7916160728075,322.23056607661346,314.7916160728075,316.5011901855469,116963,0.0,0.0
2010-12-30 00:00:00+05:30,318.30316969115563,337.0160132325045,316.68601037276744,328.9764099121094,1108794,0.0,0.0
2010-12-31 00:00:00+05:30,325.2800355758321,325.2800355758321,263.3659378952049,305.4120788574219,1613895,0.0,0.0
2011-01-03 00:00:00+05:30,306.7982003326851,320.65956480554735,296.72561445594215,311.23382568359375,374451,0.0,0.0
2011-01-04 00:00:00+05:30,323.24703748855825,323.24703748855825,308.3691941683561,309.84771728515625,112326,0.0,0.0
2011-01-05 00:00:00+05:30,309.61664943338974,315.80806983715837,278.19755835961246,296.40216064453125,2321411,0.0,0.0
2011-01-06 00:00:00+05:30,291.08862712541884,292.012718005182,267.986355131338,282.35595703125,1781137,0.0,0.0
2011-01-07 00:00:00+05:30,281.84770140609123,291.08860964891386,279.07542893324444,284.1579284667969,728511,0.0,0.0
2011-01-10 00:00:00+05:30,284.62000840996467,285.9599515481458,275.42529231241764,277.92034912109375,194206,0.0,0.0
2011-01-11 00:00:00+05:30,273.7158155866154,284.620080102334,269.83462139571924,273.94683837890625,136496,0.0,0.0
2011-01-12 00:00:00+05:30,277.0886787631833,278.98305394234626,267.9863772074841,275.5639343261719,115936,0.0,0.0
2011-01-13 00:00:00+05:30,276.76527057050845,279.1679129502229,270.06561043148946,271.6827697753906,77433,0.0,0.0
2011-01-14 00:00:00+05:30,271.86758826859017,272.14480429306485,263.59696239251866,265.26031494140625,68115,0.0,0.0
2011-01-17 00:00:00+05:30,265.2141184460843,267.9863914612002,254.2174411263286,256.11181640625,58175,0.0,0.0
2011-01-18 00:00:00+05:30,257.6365547842904,266.69266333845275,249.73558815991612,252.64646911621094,78230,0.0,0.0
2011-01-19 00:00:00+05:30,255.04917067036743,265.86104896832575,247.9336571647333,256.20428466796875,233393,0.0,0.0
2011-01-20 00:00:00+05:30,254.1250054253472,262.3494090516368,252.27682356770833,259.90057373046875,97700,0.0,0.0
2011-01-21 00:00:00+05:30,260.03922072942174,262.81149393165657,255.6497881592166,258.9303283691406,77696,0.0,0.0
2011-01-24 00:00:00+05:30,259.6695786652712,263.3659427743854,257.0359135973234,259.7619934082031,42822,0.0,0.0
2011-01-25 00:00:00+05:30,259.71577284652665,263.5507731839903,255.97321545333898,257.2669372558594,44052,0.0,0.0
2011-01-27 00:00:00+05:30,255.04910883394678,259.85439317934157,249.68939246494514,251.2603302001953,37602,0.0,0.0
2011-01-28 00:00:00+05:30,240.0326570448865,254.1250459570502,223.16799490410042,241.92703247070312,45765,0.0,0.0
2011-01-31 00:00:00+05:30,240.26366393281026,243.7751985098819,226.6795288305572,234.16465759277344,41573,0.0,0.0
2011-02-01 00:00:00+05:30,234.71910307669697,248.6728821675231,228.71251185623032,237.35276794433594,99849,0.0,0.0
2011-02-02 00:00:00+05:30,240.2636349561738,242.34283948944838,234.58048153875987,236.7982940673828,51433,0.0,0.0
2011-02-03 00:00:00+05:30,238.41544644488712,247.10189505500162,235.64317381180703,244.1448211669922,136825,0.0,0.0
2011-02-04 00:00:00+05:30,246.73231820692996,253.66300130263025,241.3263797520794,244.05245971679688,124638,0.0,0.0
2011-02-07 00:00:00+05:30,246.96333599998707,251.35276853880816,240.30986908178664,244.09864807128906,50320,0.0,0.0
2011-02-08 00:00:00+05:30,245.34616269781816,247.97982771161446,233.79502509434272,237.53758239746094,46433,0.0,0.0
2011-02-09 00:00:00+05:30,233.7950183136592,237.5375755082332,221.78183555445932,226.4947052001953,47009,0.0,0.0
2011-02-10 00:00:00+05:30,224.55412601897592,226.4947228716898,217.16139759036767,218.8709716796875,38337,0.0,0.0
2011-02-11 00:00:00+05:30,221.59702774542944,221.59702774542944,212.864370492369,219.14817810058594,53730,0.0,0.0
2011-02-14 00:00:00+05:30,221.78180541697617,228.71248683625666,221.78180541697617,226.30984497070312,58595,0.0,0.0
2011-02-15 00:00:00+05:30,231.0227654796983,271.5903574577291,231.0227654796983,267.06231689453125,1540847,0.0,0.0
2011-02-16 00:00:00+05:30,272.6068387846028,283.51110105557945,262.5342527544602,279.3526916503906,2283350,0.0,0.0
2011-02-17 00:00:00+05:30,280.36919013675646,280.36919013675646,263.6893596776313,268.309814453125,415026,0.0,0.0
2011-02-18 00:00:00+05:30,272.3296560832219,316.8708297954406,264.29005230269604,300.144775390625,5320856,0.0,0.0
2011-02-21 00:00:00+05:30,303.00939346736067,312.9895918773317,299.12822869766273,303.9797058105469,1925824,0.0,0.0
2011-02-22 00:00:00+05:30,300.3757342335377,310.95658626501216,294.7849955974409,300.006103515625,767845,0.0,0.0
2011-02-23 00:00:00+05:30,295.24704033425996,306.05891506352657,291.273460774487,292.7519836425781,229411,0.0,0.0
2011-02-24 00:00:00+05:30,292.01273710319487,295.47807812894484,264.0589861621454,271.54412841796875,205892,0.0,0.0
2011-02-25 00:00:00+05:30,274.501235265858,280.8312646018774,258.09861911976736,268.1712341308594,175344,0.0,0.0
2011-02-28 00:00:00+05:30,266.1843898757308,295.57049933848776,266.1843898757308,274.82464599609375,888539,0.0,0.0
2011-03-01 00:00:00+05:30,280.5540111321674,290.9038125959774,278.1975623472471,282.0325622558594,330056,0.0,0.0
2011-03-03 00:00:00+05:30,279.12168066128083,288.96327256220263,277.2273053550956,280.27679443359375,192157,0.0,0.0
2011-03-04 00:00:00+05:30,283.326319276736,287.3923142236185,277.82796629333575,278.79827880859375,190216,0.0,0.0
2011-03-07 00:00:00+05:30,278.0589847125682,278.9830757406598,269.9269949457699,271.7751770019531,86545,0.0,0.0
2011-03-08 00:00:00+05:30,270.6662768317233,294.2305998192076,268.0326115635059,284.25042724609375,947385,0.0,0.0
2011-03-09 00:00:00+05:30,287.29994636050395,291.8279875675278,283.88082586586455,285.1283264160156,224461,0.0,0.0
2011-03-10 00:00:00+05:30,284.6200050742484,288.03915277924847,278.2437833280482,281.66290283203125,166951,0.0,0.0
2011-03-11 00:00:00+05:30,278.24384189118166,285.45174134726403,272.6068804185926,274.2702331542969,127116,0.0,0.0
2011-03-14 00:00:00+05:30,270.71249140736666,283.23391417959596,270.71249140736666,275.33294677734375,130878,0.0,0.0
2011-03-15 00:00:00+05:30,270.3427961354278,272.4220007728766,251.44515312900438,267.4319152832031,118219,0.0,0.0
2011-03-16 00:00:00+05:30,272.9302785426891,279.81473947250447,270.1117841128427,272.0986022949219,184422,0.0,0.0
2011-03-17 00:00:00+05:30,270.7586554156634,280.27678116863933,266.1382005450889,272.8378601074219,194098,0.0,0.0
2011-03-18 00:00:00+05:30,276.30318772920697,279.0292672497515,269.0490682974508,271.0358581542969,182550,0.0,0.0
2011-03-21 00:00:00+05:30,272.6068769122985,276.85770165011854,268.9105124795894,270.6200866699219,81046,0.0,0.0
2011-03-22 00:00:00+05:30,274.45502873777434,278.52102352331525,271.68275572022105,272.3758239746094,122374,0.0,0.0
2011-03-23 00:00:00+05:30,272.00616769786376,275.70253137454336,267.1084689056532,270.8972473144531,67916,0.0,0.0
2011-03-24 00:00:00+05:30,273.3461313278117,276.7652796185329,270.7586875733894,272.46826171875,128181,0.0,0.0
2011-03-25 00:00:00+05:30,274.4550146112587,279.81473088891653,271.68274173639753,273.0688781738281,295644,0.0,0.0
2011-03-28 00:00:00+05:30,273.57712670384007,276.1183769300069,270.52763771284754,271.35931396484375,71548,0.0,0.0
2011-03-29 00:00:00+05:30,271.6827531485722,273.8081511615037,265.95337768611984,267.98638916015625,59312,0.0,0.0
2011-03-30 00:00:00+05:30,270.8972185788808,275.1018487357055,269.46488908650934,270.527587890625,129301,0.0,0.0
2011-03-31 00:00:00+05:30,272.4682662268884,274.45505644987327,266.13823655745284,267.4781799316406,93797,0.0,0.0
2011-04-01 00:00:00+05:30,270.6200109625185,276.3031640477116,269.4186759373544,272.1909484863281,160700,0.0,0.0
2011-04-04 00:00:00+05:30,275.3790593297037,288.17772259311573,273.29985502268414,280.8774108886719,543017,0.0,0.0
2011-04-05 00:00:00+05:30,284.48143263940864,286.00617721700115,279.07549440883474,281.4319152832031,154630,0.0,0.0
2011-04-06 00:00:00+05:30,282.77181780376316,285.22065306937674,278.75201671438873,280.1381530761719,144550,0.0,0.0
2011-04-07 00:00:00+05:30,280.9236792695778,287.39231662117993,280.9236792695778,283.1877136230469,205983,0.0,0.0
2011-04-08 00:00:00+05:30,284.6200410960595,288.31640526613813,276.8576819790983,278.79827880859375,164748,0.0,0.0
2011-04-11 00:00:00+05:30,275.37910119506427,281.8939310670908,270.71245321025293,276.3031921386719,104692,0.0,0.0
2011-04-13 00:00:00+05:30,274.4550336159741,280.8774775012003,274.4550336159741,278.1513977050781,98286,0.0,0.0
2011-04-15 00:00:00+05:30,279.4913617310395,300.05238850414753,277.2735205519989,287.62335205078125,1031923,0.0,0.0
2011-04-18 00:00:00+05:30,290.62662658440644,295.0622522121229,279.9995798253582,281.1546936035156,230678,0.0,0.0
2011-04-19 00:00:00+05:30,281.3856936752619,285.4516882063922,278.6134208311707,279.8147277832031,106334,0.0,0.0
2011-04-20 00:00:00+05:30,283.3724771796607,287.2998636201773,280.6464258650888,282.0325622558594,129460,0.0,0.0
2011-04-21 00:00:00+05:30,282.9104599342208,287.068869521302,279.44511861165313,280.6464538574219,108520,0.0,0.0
2011-04-25 00:00:00+05:30,281.20089909541764,286.32962141394637,280.0457852670582,280.8312683105469,118138,0.0,0.0
2011-04-26 00:00:00+05:30,280.0919968793892,284.06557702863637,278.1514000758652,279.53753662109375,92802,0.0,0.0
2011-04-27 00:00:00+05:30,282.7718642782349,282.7718642782349,276.3956416062828,277.3197326660156,55439,0.0,0.0
2011-04-28 00:00:00+05:30,279.07553308735345,280.9237154256803,272.6530881812579,273.94683837890625,67283,0.0,0.0
2011-04-29 00:00:00+05:30,275.3791210729164,276.34940535333595,269.04909201207664,270.25042724609375,51073,0.0,0.0
2011-05-02 00:00:00+05:30,271.6827279751486,273.48471653294143,266.6002279620081,268.2635803222656,46771,0.0,0.0
2011-05-03 00:00:00+05:30,266.32303056359353,271.4517241999858,259.85439373159386,261.70257568359375,62473,0.0,0.0
2011-05-04 00:00:00+05:30,260.7322800449601,264.15142815696527,255.14154056018927,258.14483642578125,37525,0.0,0.0
2011-05-05 00:00:00+05:30,254.9567278020251,264.19763876404863,254.2174662054721,257.59039306640625,113547,0.0,0.0
2011-05-06 00:00:00+05:30,261.42531484378554,261.42531484378554,254.2636102352634,256.7586669921875,55231,0.0,0.0
2011-05-09 00:00:00+05:30,256.8973215339389,258.5144809320842,254.12504827997554,255.69601440429688,29359,0.0,0.0
2011-05-10 00:00:00+05:30,256.8511559228708,259.57720799558297,254.4022917239774,256.94354248046875,51111,0.0,0.0
2011-05-11 00:00:00+05:30,257.4055072291348,260.5474388293748,255.60354690654353,257.35931396484375,46145,0.0,0.0
2011-05-12 00:00:00+05:30,255.9732044058802,256.851102127391,250.42865846207053,252.461669921875,25159,0.0,0.0
2011-05-13 00:00:00+05:30,255.51116365269957,255.97320915659233,250.79829387278946,252.23065185546875,49178,0.0,0.0
2011-05-16 00:00:00+05:30,252.09201693558487,252.09201693558487,247.2867605910824,248.48806762695312,30494,0.0,0.0
2011-05-17 00:00:00+05:30,249.68936590879392,249.68936590879392,241.0491105803028,243.77516174316406,28355,0.0,0.0
2011-05-18 00:00:00+05:30,243.7751954145246,245.80820690239577,239.8478086501066,241.28016662597656,33204,0.0,0.0
2011-05-19 00:00:00+05:30,242.111846761662,275.2867086739148,240.35607946733487,268.6332702636719,2708364,0.0,0.0
2011-05-20 00:00:00+05:30,268.0325545957826,271.4055089457633,259.7157364855061,261.2405090332031,538063,0.0,0.0
2011-05-23 00:00:00+05:30,253.66290275880215,265.53747415656574,231.9467708286315,256.157958984375,273357,0.0,0.0
2011-05-24 00:00:00+05:30,257.5903401586847,259.5309367023256,251.4451412713355,252.36923217773438,61618,0.0,0.0
2011-05-25 00:00:00+05:30,252.32303777398806,272.05238638182186,249.735594238969,259.1151123046875,1123264,0.0,0.0
2011-05-26 00:00:00+05:30,261.05575472945725,264.7521193981929,255.92706003199623,257.174560546875,159752,0.0,0.0
2011-05-27 00:00:00+05:30,257.35926564053335,261.8873045304519,254.12494811901854,256.157958984375,81916,0.0,0.0
2011-05-30 00:00:00+05:30,255.97322567301495,263.8279997460136,253.52438998457845,258.9303283691406,157447,0.0,0.0
2011-05-31 00:00:00+05:30,260.593668789751,265.67616942217524,258.00622520274305,260.6398620605469,171682,0.0,0.0
2011-06-01 00:00:00+05:30,261.5177715708774,265.5375733465351,260.593680505256,261.56396484375,96425,0.0,0.0
2011-06-02 00:00:00+05:30,260.50126109270286,262.90390346048974,256.897311641533,258.79168701171875,68025,0.0,0.0
2011-06-03 00:00:00+05:30,256.9897155761719,263.5969606588812,254.3098572868026,256.9897155761719,80114,0.0,0.0
2011-06-06 00:00:00+05:30,255.7883682137977,261.42532874892424,254.6794759747517,257.3131408691406,61224,0.0,0.0
2011-06-07 00:00:00+05:30,258.74545754440345,262.90386668350993,256.8972757048006,258.5144348144531,120125,0.0,0.0
2011-06-08 00:00:00+05:30,260.5936804413974,272.514449544789,259.9468054152124,264.5672607421875,486593,0.0,0.0
2011-06-09 00:00:00+05:30,263.1348825503792,265.21408706570264,258.9764735197323,260.36260986328125,81163,0.0,0.0
2011-06-10 00:00:00+05:30,261.33290083944075,263.0424746812768,257.12829843475095,258.5144348144531,47466,0.0,0.0
2011-06-13 00:00:00+05:30,256.8972994007367,260.63985669073537,254.3560491368805,256.11181640625,49529,0.0,0.0
2011-06-14 00:00:00+05:30,256.89734854231597,264.1052484799998,256.52771770979814,258.1910705566406,119956,0.0,0.0
2011-06-15 00:00:00+05:30,260.4088444291629,263.412140316516,256.25043473898165,257.77520751953125,103664,0.0,0.0
2011-06-16 00:00:00+05:30,257.1283310811231,259.39236540249715,252.230659864748,253.89401245117188,44728,0.0,0.0
2011-06-17 00:00:00+05:30,251.44514185029246,257.82136347892276,248.58045439365668,249.87417602539062,44118,0.0,0.0
2011-06-20 00:00:00+05:30,252.27686063299524,252.83132091195333,238.50790941081257,240.2174835205078,40505,0.0,0.0
2011-06-21 00:00:00+05:30,242.11187409299055,250.05906338662922,238.41550960302123,240.0326690673828,102341,0.0,0.0
2011-06-22 00:00:00+05:30,242.111844561087,243.59039581693116,234.71911648288588,235.5970001220703,55606,0.0,0.0
2011-06-23 00:00:00+05:30,231.06894486629548,236.7983059361613,231.06894486629548,233.47157287597656,45188,0.0,0.0
2011-06-24 00:00:00+05:30,235.6432012590063,238.41547421499462,234.11845677341648,237.07553100585938,61656,0.0,0.0
2011-06-27 00:00:00+05:30,235.6431958854543,241.55737241649345,235.6431958854543,239.80160522460938,52128,0.0,0.0
2011-06-28 00:00:00+05:30,237.4913770969195,248.11842315378556,237.4913770969195,242.29666137695312,114449,0.0,0.0
2011-06-29 00:00:00+05:30,243.12837332745093,247.65641406378583,243.12837332745093,243.82144165039062,64211,0.0,0.0
2011-06-30 00:00:00+05:30,246.17781248604493,250.01278411770323,244.19102267215126,245.8081817626953,98688,0.0,0.0
2011-07-01 00:00:00+05:30,244.88412826723646,250.4286745676267,244.88412826723646,246.9633331298828,67315,0.0,0.0
2011-07-04 00:00:00+05:30,266.13817504320275,266.13817504320275,247.24050515295792,250.65965270996094,107227,0.0,0.0
2011-07-05 00:00:00+05:30,252.9698843724073,253.20090709786157,249.5045434905935,250.24380493164062,42415,0.0,0.0
2011-07-06 00:00:00+05:30,251.49135786292894,254.35604557867825,250.52107360161952,251.21414184570312,48773,0.0,0.0
2011-07-07 00:00:00+05:30,253.7091593161553,254.12501152451165,251.35273867151696,252.04580688476562,65677,0.0,0.0
2011-07-08 00:00:00+05:30,253.200930220971,253.61678244517213,242.38905440193076,244.5144805908203,42330,0.0,0.0
2011-07-11 00:00:00+05:30,244.88414473344594,244.88414473344594,235.6432336114291,241.46499633789062,32872,0.0,0.0
2011-07-12 00:00:00+05:30,240.26364970653864,241.74220088339789,237.67620629779853,239.29336547851562,21160,0.0,0.0
2011-07-13 00:00:00+05:30,241.88082059310895,250.6134918720072,240.9567295879777,245.85440063476562,116529,0.0,0.0
2011-07-14 00:00:00+05:30,244.14487788244648,250.6135155289804,244.14487788244648,246.1316680908203,73609,0.0,0.0
2011-07-15 00:00:00+05:30,246.77848286738117,248.9501022924465,244.60689164333428,245.2537384033203,26026,0.0,0.0
2011-07-18 00:00:00+05:30,245.43858759242738,249.31975306714378,244.97654206917395,246.45509338378906,33355,0.0,0.0
2011-07-19 00:00:00+05:30,247.10192058529603,250.4286537289096,245.4847613822496,248.2570343017578,77643,0.0,0.0
2011-07-20 00:00:00+05:30,249.13489585007238,253.01606045350474,243.0358906720908,246.7322540283203,46655,0.0,0.0
2011-07-21 00:00:00+05:30,246.9171398722348,248.95012326188436,242.29668462163926,243.9600372314453,48473,0.0,0.0
2011-07-22 00:00:00+05:30,246.0392201337377,248.81149303665305,243.9600154565512,244.5606689453125,59963,0.0,0.0
2011-07-25 00:00:00+05:30,246.73231373883317,247.47157530857848,242.4352959375184,242.8511199951172,26998,0.0,0.0
2011-07-26 00:00:00+05:30,245.3461502693857,247.14813892465284,240.81811019840293,242.29666137695312,64932,0.0,0.0
2011-07-27 00:00:00+05:30,244.00623192252147,244.46827745026798,240.72571995592966,241.8346405029297,26290,0.0,0.0
2011-07-28 00:00:00+05:30,241.37260545635638,242.1118670524435,238.41550266996344,238.87754821777344,22118,0.0,0.0
2011-07-29 00:00:00+05:30,239.52438830368902,240.72569527224113,232.9171294741071,235.04254150390625,39629,0.0,0.0
2011-08-01 00:00:00+05:30,238.36929699221886,238.41549026418735,234.7191260740449,236.01284790039062,33716,0.0,0.0
2011-08-02 00:00:00+05:30,237.4914194164156,237.4914194164156,230.6993439991267,231.90066528320312,52228,0.0,0.0
2011-08-03 00:00:00+05:30,230.83795100391504,230.88415837729656,226.8181492284042,228.89735412597656,24458,0.0,0.0
2011-08-04 00:00:00+05:30,231.02274983516918,252.73888831967508,231.02274983516918,243.59039306640625,1118661,0.0,0.0
2011-08-05 00:00:00+05:30,238.69269614419338,238.69269614419338,226.4485043857176,231.7158203125,136234,0.0,0.0
2011-08-08 00:00:00+05:30,229.8676273201393,229.8676273201393,221.781831384255,223.352783203125,49067,0.0,0.0
2011-08-09 00:00:00+05:30,219.00955856692167,220.30328027690237,212.44850707935456,216.2834930419922,49153,0.0,0.0
2011-08-10 00:00:00+05:30,224.55412601897592,224.55412601897592,218.17790338950547,218.8709716796875,53108,0.0,0.0
2011-08-11 00:00:00+05:30,214.57393383644037,221.31980115952584,214.57393383644037,218.22409057617188,45382,0.0,0.0
2011-08-12 00:00:00+05:30,222.56729433467603,224.0458312840087,216.237266159463,217.3923797607422,36141,0.0,0.0
2011-08-16 00:00:00+05:30,221.7356102263836,221.7356102263836,212.86434598301585,213.78843688964844,29597,0.0,0.0
2011-08-17 00:00:00+05:30,215.2669929463699,215.2669929463699,207.55084165286559,208.61354064941406,29720,0.0,0.0
2011-08-18 00:00:00+05:30,207.55083394046966,208.8445556360647,199.6036460946459,201.4518280029297,31054,0.0,0.0
2011-08-19 00:00:00+05:30,194.05909974293277,222.70591922879427,190.31652857064586,208.89076232910156,221961,0.0,0.0
2011-08-22 00:00:00+05:30,210.69275817409377,214.4815370972531,206.5343484732893,209.3528289794922,55692,0.0,0.0
2011-08-23 00:00:00+05:30,209.7686456346322,219.47160060892136,207.18118815472,212.95675659179688,195109,0.0,0.0
2011-08-24 00:00:00+05:30,214.29670307081926,220.62673223267274,208.33631877929514,210.46173095703125,101054,0.0,0.0
2011-08-25 00:00:00+05:30,211.6168287982487,216.6531216853541,209.21418667387283,211.5244140625,76890,0.0,0.0
2011-08-26 00:00:00+05:30,212.54092589575114,215.22078410379817,202.74555584469974,204.91717529296875,51639,0.0,0.0
2011-08-29 00:00:00+05:30,210.6927453734946,212.07888185621496,206.53433592533352,208.61354064941406,37414,0.0,0.0
2011-08-30 00:00:00+05:30,211.61685291994283,222.79836039565495,209.49144066003342,215.31321716308594,131639,0.0,0.0
2011-09-02 00:00:00+05:30,217.67470708330592,218.9249043088992,212.30345012103453,213.50735473632812,27298,0.5,0.0
2011-09-05 00:00:00+05:30,212.72017344277765,214.85015626641297,208.50651453466202,210.1271514892578,36664,0.0,0.0
2011-09-06 00:00:00+05:30,210.8680311543866,216.5171145725584,207.9971968338543,211.747802734375,66535,0.0,0.0
2011-09-07 00:00:00+05:30,213.92412370978957,217.16539831145306,212.95173850312335,214.2019500732422,45211,0.0,0.0
2011-09-08 00:00:00+05:30,215.82258238274275,217.62843250716705,213.59998565735975,215.77627563476562,59675,0.0,0.0
2011-09-09 00:00:00+05:30,213.50736798558694,233.5106520138895,213.50736798558694,221.6568603515625,427857,0.0,0.0
2011-09-12 00:00:00+05:30,216.70232077832506,216.70232077832506,209.29369442692933,210.63650512695312,45689,0.0,0.0
2011-09-13 00:00:00+05:30,211.23847927489194,215.77625758025454,208.5991503002246,209.2010955810547,49349,0.0,0.0
2011-09-14 00:00:00+05:30,211.1458752373964,211.79412729134424,208.36764003690433,209.52523803710938,24969,0.0,0.0
2011-09-15 00:00:00+05:30,210.77543180066002,213.92409244403964,209.80304673611127,211.747802734375,42812,0.0,0.0
2011-09-16 00:00:00+05:30,215.68364788074467,226.10202959928108,215.68364788074467,218.64710998535156,272825,0.0,0.0
2011-09-19 00:00:00+05:30,218.1377364951646,218.1377364951646,212.81278651173542,213.78517150878906,35586,0.0,0.0
2011-09-20 00:00:00+05:30,212.30342431933678,219.2490107201875,211.60886567925172,216.84120178222656,79863,0.0,0.0
2011-09-21 00:00:00+05:30,217.6284255396141,221.3327391658203,215.03540317510274,217.11907958984375,90970,0.0,0.0
2011-09-22 00:00:00+05:30,214.8501588307331,214.8501588307331,208.36761093497822,208.9232635498047,37276,0.0,0.0
2011-09-23 00:00:00+05:30,205.17267357233226,206.14505872431047,199.10685718991436,202.9963836669922,49600,0.0,0.0
2011-09-26 00:00:00+05:30,202.8111563148804,202.8111563148804,194.56906474711158,196.46751403808594,40756,0.0,0.0
2011-09-27 00:00:00+05:30,202.71854504437135,205.6357003236696,199.1068451338126,202.20921325683594,39978,0.0,0.0
2011-09-28 00:00:00+05:30,203.7372257891683,204.66330408820997,197.9955431612766,198.5974884033203,25479,0.0,0.0
2011-09-29 00:00:00+05:30,198.64380786625938,198.64380786625938,194.56906874184932,196.93055725097656,28861,0.0,0.0
2011-09-30 00:00:00+05:30,195.49514202936123,215.7299451559677,194.47645020926484,209.94195556640625,205727,0.0,0.0
2011-10-03 00:00:00+05:30,206.5154349604275,208.96953649484433,199.66246205353522,201.3293914794922,115841,0.0,0.0
2011-10-04 00:00:00+05:30,199.29205543170326,203.7372342784917,194.47645090219663,196.05078125,60153,0.0,0.0
2011-10-05 00:00:00+05:30,197.25467278601877,199.10682933800018,188.9199683021025,190.3553924560547,64257,0.0,0.0
2011-10-07 00:00:00+05:30,193.08731423136112,199.01420935159743,190.35538623267146,196.18968200683594,54602,0.0,0.0
2011-10-10 00:00:00+05:30,198.18074812373084,199.56986551712146,195.21730051066405,198.69009399414062,38361,0.0,0.0
2011-10-11 00:00:00+05:30,199.1068559619802,208.36763996021182,198.69012350822675,199.70880126953125,99474,0.0,0.0
2011-10-12 00:00:00+05:30,199.1068407954002,205.5893891003667,198.64380163075973,204.2002716064453,41521,0.0,0.0
2011-10-13 00:00:00+05:30,204.33915043405204,208.36759628115382,202.25547447124052,203.82981872558594,66957,0.0,0.0
2011-10-14 00:00:00+05:30,204.6633034177012,205.35786213970698,198.22706208661438,200.63485717773438,25044,0.0,0.0
2011-10-17 00:00:00+05:30,202.81114540614527,204.47808915345834,201.00529556773668,201.83876037597656,16295,0.0,0.0
2011-10-18 00:00:00+05:30,201.65356071774107,214.80387046191603,198.64380608016285,206.09873962402344,325493,0.0,0.0
2011-10-19 00:00:00+05:30,207.4415526201227,210.8680397256275,204.29289184875816,205.72830200195312,35042,0.0,0.0
2011-10-20 00:00:00+05:30,203.73723465176772,205.21896564702328,199.15314969826974,200.95899963378906,21488,0.0,0.0
2011-10-21 00:00:00+05:30,202.81115352766085,206.23764050995229,199.10684022121956,199.89401245117188,64995,0.0,0.0
2011-10-24 00:00:00+05:30,200.03291155696607,204.66330302819213,199.38465957716107,200.21812438964844,36863,0.0,0.0
2011-10-25 00:00:00+05:30,202.7185500948043,202.7185500948043,199.19946358385235,200.03292846679688,20715,0.0,0.0
2011-10-28 00:00:00+05:30,203.96873206484653,208.08977740071666,203.82982598138054,206.3765411376953,56825,0.0,0.0
2011-10-31 00:00:00+05:30,207.3489313836261,212.53497565767188,205.86721454163717,206.839599609375,95849,0.0,0.0
2011-11-01 00:00:00+05:30,203.82985562872167,209.20109888953812,202.99637661419754,204.94114685058594,34813,0.0,0.0
2011-11-02 00:00:00+05:30,203.32048646535796,207.90457106353205,201.42202319072703,204.01504516601562,48983,0.0,0.0
2011-11-03 00:00:00+05:30,204.6633200097545,206.3765706485953,202.53333693009242,203.50572204589844,21256,0.0,0.0
2011-11-04 00:00:00+05:30,204.75592866369723,209.3863204097706,204.01506315815868,205.08004760742188,62488,0.0,0.0
2011-11-08 00:00:00+05:30,206.74699653404122,212.90541205506182,199.5698891515605,208.4139404296875,289506,0.0,0.0
2011-11-09 00:00:00+05:30,208.04348298125254,208.04348298125254,203.18157194040532,204.29287719726562,56573,0.0,0.0
2011-11-11 00:00:00+05:30,200.58855340204983,206.0524093920221,199.43095559647668,201.09788513183594,47324,0.0,0.0
2011-11-14 00:00:00+05:30,204.89485407775302,204.89485407775302,195.21733724239462,196.32862854003906,28671,0.0,0.0
2011-11-15 00:00:00+05:30,197.16206958009968,197.16206958009968,189.84605647087275,190.4943084716797,26666,0.0,0.0
2011-11-16 00:00:00+05:30,191.42038546102913,192.48538400498785,182.2059090251852,188.2254180908203,29533,0.0,0.0
2011-11-17 00:00:00+05:30,188.91999289067863,191.42040173512356,183.91917520178873,185.16937255859375,17193,0.0,0.0
2011-11-18 00:00:00+05:30,189.84604326279666,189.84604326279666,179.84439523059007,181.3261260986328,22819,0.0,0.0
2011-11-21 00:00:00+05:30,180.5852932479085,184.7526461690141,176.8809795402591,177.66815185546875,20977,0.0,0.0
2011-11-22 00:00:00+05:30,178.64053159097136,178.68683834073715,167.75910954530602,175.12144470214844,30757,0.0,0.0
2011-11-23 00:00:00+05:30,174.889889907425,174.889889907425,171.46338894565574,173.2229461669922,21767,0.0,0.0
2011-11-24 00:00:00+05:30,175.02882408325684,175.0751308311391,168.5462750431362,171.13929748535156,18767,0.0,0.0
2011-11-25 00:00:00+05:30,169.47234201148555,173.361868346238,168.08322445401436,171.1855926513672,25617,0.0,0.0
2011-11-28 00:00:00+05:30,172.25059059167225,180.21487086276125,172.25059059167225,176.27903747558594,65011,0.0,0.0
2011-11-29 00:00:00+05:30,181.5113628117684,181.5113628117684,173.40817697195732,174.28794860839844,25746,0.0,0.0
2011-11-30 00:00:00+05:30,173.17664841681412,174.56576591748373,170.8614525823647,171.50970458984375,13864,0.0,0.0
2011-12-01 00:00:00+05:30,174.93620589472383,181.04832904949612,174.93620589472383,178.03857421875,63882,0.0,0.0
2011-12-02 00:00:00+05:30,173.54706314061647,181.41872848074493,173.54706314061647,179.93701171875,38553,0.0,0.0
2011-12-05 00:00:00+05:30,183.36350162611362,183.36350162611362,176.41791444330627,178.5478973388672,23481,0.0,0.0
2011-12-07 00:00:00+05:30,177.85334741564407,180.40006284194482,176.0011907419708,177.43661499023438,17507,0.0,0.0
2011-12-08 00:00:00+05:30,175.95484281730552,177.34395999744214,172.2505303369412,172.80618286132812,11401,0.0,0.0
2011-12-09 00:00:00+05:30,170.3984108228581,171.32448914254755,167.99060153933206,169.84275817871094,11119,0.0,0.0
2011-12-12 00:00:00+05:30,169.9816855144196,172.25057466638523,163.63804310689912,165.02716064453125,13862,0.0,0.0
2011-12-13 00:00:00+05:30,163.0360810350424,163.0360810350424,159.42436733067154,161.73956298828125,20572,0.0,0.0
2011-12-14 00:00:00+05:30,161.8784787006326,164.79561949569418,157.47960707360906,160.8597869873047,24289,0.0,0.0
2011-12-15 00:00:00+05:30,158.40570399871763,158.45201074221055,154.7013906126305,156.4146270751953,13440,0.0,0.0
2011-12-16 00:00:00+05:30,156.5072511704912,158.82244719372332,148.17254548685557,150.2099151611328,14682,0.0,0.0
2011-12-19 00:00:00+05:30,149.70055633296542,150.0246894006708,139.83782777469932,143.49583435058594,16917,0.0,0.0
2011-12-20 00:00:00+05:30,143.07908024599055,144.14406451134647,135.20741563698783,136.27239990234375,22772,0.0,0.0
2011-12-21 00:00:00+05:30,137.98567935585194,143.3569368146628,136.13352258597473,138.0782928466797,10816,0.0,0.0
2011-12-22 00:00:00+05:30,137.9856774573096,164.1010847270899,136.1335207129162,158.91505432128906,364422,0.0,0.0
2011-12-23 00:00:00+05:30,160.21155061020264,165.76802057356227,156.0441981376829,161.2765350341797,557120,0.0,0.0
2011-12-26 00:00:00+05:30,164.84192983897825,167.6201646115453,162.0636950664112,163.36019897460938,106654,0.0,0.0
2011-12-27 00:00:00+05:30,161.27654476127535,162.98979542230967,156.50724674074053,158.1278839111328,49360,0.0,0.0
2011-12-28 00:00:00+05:30,158.31307916101875,158.31307916101875,152.10835751035506,153.4048614501953,14900,0.0,0.0
2011-12-29 00:00:00+05:30,151.9694312325961,152.6176831164005,148.21881187017107,149.65423583984375,15223,0.0,0.0
2011-12-30 00:00:00+05:30,150.95073218418486,174.75093682509575,149.23748202546773,172.38943481445312,2411336,0.0,0.0
2012-01-02 00:00:00+05:30,174.1027081397309,178.27006019626702,169.05558458631478,173.50076293945312,1175020,0.0,0.0
2012-01-03 00:00:00+05:30,173.45449813124043,206.33028341330183,171.55603446484153,203.96878051757812,3745904,0.0,0.0
2012-01-04 00:00:00+05:30,205.5893909230091,238.0021327351952,203.69092750498567,234.4830322265625,9189353,0.0,0.0
2012-01-05 00:00:00+05:30,234.25149187752353,253.05088328833094,219.9898923966808,247.07766723632812,4430483,0.0,0.0
2012-01-06 00:00:00+05:30,243.55858128843178,259.116684682038,236.65930110851917,250.5504608154297,4867735,0.0,0.0
2012-01-09 00:00:00+05:30,272.8227023084001,289.6773122323907,272.8227023084001,285.2321472167969,4464739,0.0,0.0
2012-01-10 00:00:00+05:30,288.1955655600726,298.15090684620895,277.082626449967,280.555419921875,2441685,0.0,0.0
2012-01-11 00:00:00+05:30,282.22236526576853,282.36127136007946,260.320618863843,264.441650390625,1025293,0.0,0.0
2012-01-12 00:00:00+05:30,266.71053073902755,286.15817360541496,257.12561538826077,269.0257263183594,2612173,0.0,0.0
2012-01-13 00:00:00+05:30,271.2946553219865,281.9445560087903,269.4887912921658,272.2207336425781,923383,0.0,0.0
2012-01-16 00:00:00+05:30,271.80397848455635,275.9713307952225,266.71054788263115,269.25726318359375,441913,0.0,0.0
2012-01-17 00:00:00+05:30,273.98029408091605,275.97135694344263,263.00625963737485,265.92340087890625,311576,0.0,0.0
2012-01-18 00:00:00+05:30,269.48874895660475,269.48874895660475,250.59675983672176,254.94931030273438,543877,0.0,0.0
2012-01-19 00:00:00+05:30,256.523686704442,268.88683754632154,248.42050165511398,262.3116760253906,1274639,0.0,0.0
2012-01-20 00:00:00+05:30,263.65453673963543,267.0347173108266,256.52372162095514,257.8665466308594,380461,0.0,0.0
2012-01-23 00:00:00+05:30,258.37584903040306,259.6723530147813,251.10612862936475,252.77308654785156,239028,0.0,0.0
2012-01-24 00:00:00+05:30,256.66258145435415,258.2832183926067,251.15243282129458,252.3563232421875,225798,0.0,0.0
2012-01-25 00:00:00+05:30,254.5326657526879,265.59928619135275,251.61552430909308,259.2093505859375,650334,0.0,0.0
2012-01-27 00:00:00+05:30,261.15412096889116,266.6179781311543,257.4498071962828,259.2093505859375,271076,0.0,0.0
2012-01-30 00:00:00+05:30,263.9323277433885,281.990855431094,260.32062785818107,277.2215576171875,1828077,0.0,0.0
2012-01-31 00:00:00+05:30,279.6756394540856,290.325539631973,276.89740462507154,287.5935974121094,2070542,0.0,0.0
2012-02-01 00:00:00+05:30,285.23213501403654,293.5668402579532,283.3799782931662,288.3345031738281,1710780,0.0,0.0
2012-02-02 00:00:00+05:30,290.1404005340777,296.3914307923335,284.5839291934058,286.29718017578125,812161,0.0,0.0
2012-02-03 00:00:00+05:30,287.0842445622253,288.6585888209418,275.1378413279365,278.3327941894531,440118,0.0,0.0
2012-02-06 00:00:00+05:30,275.9713417663284,286.8990547329455,272.7300676180662,274.72113037109375,350623,0.0,0.0
2012-02-07 00:00:00+05:30,277.1289538612532,288.3808004709552,274.1191991409555,281.8519592285156,710393,0.0,0.0
2012-02-08 00:00:00+05:30,283.2873734122787,285.88040985728605,274.1192030177357,275.7861328125,498069,0.0,0.0
2012-02-09 00:00:00+05:30,275.4157165037569,280.13872209891576,270.6001256759184,273.8414001464844,232649,0.0,0.0
2012-02-10 00:00:00+05:30,283.37995712529556,283.37995712529556,267.4051066010755,269.25726318359375,227209,0.0,0.0
2012-02-13 00:00:00+05:30,271.80399410234514,273.0542055197151,264.9510200055907,265.78448486328125,129252,0.0,0.0
2012-02-14 00:00:00+05:30,265.7845043194152,278.93482907821465,265.7845043194152,270.5538024902344,453092,0.0,0.0
2012-02-15 00:00:00+05:30,272.3133240162532,275.97134475645055,269.5814098758328,271.0631408691406,188625,0.0,0.0
2012-02-16 00:00:00+05:30,272.3132952346851,273.9339321550859,266.71053318596535,267.82183837890625,137392,0.0,0.0
2012-02-17 00:00:00+05:30,269.48874636148946,271.8502343806106,262.080121031964,263.46923828125,159047,0.0,0.0
2012-02-21 00:00:00+05:30,264.8584429610739,266.7105999048576,259.9502383647158,262.1728210449219,100897,0.0,0.0
2012-02-22 00:00:00+05:30,264.0712284430277,271.989215070431,262.3579778912503,266.1086120605469,328673,0.0,0.0
2012-02-23 00:00:00+05:30,262.4042961133645,264.8583979948999,241.33601445467932,253.60655212402344,150465,0.0,0.0
2012-02-24 00:00:00+05:30,256.15326193572963,256.523687601232,238.1873486730308,242.30838012695312,136386,0.0,0.0
2012-02-27 00:00:00+05:30,240.78036058368363,243.4659820301682,227.8152642445622,228.46351623535156,108047,0.0,0.0
2012-02-28 00:00:00+05:30,228.7413530437783,251.29136657714844,228.7413530437783,251.29136657714844,244836,0.0,0.0
2012-02-29 00:00:00+05:30,261.8949582347104,276.38810769443955,258.0517385561093,272.9153137207031,994294,0.0,0.0
2012-03-01 00:00:00+05:30,275.6471606967859,286.6211926257422,269.5813600088868,274.48956298828125,1632563,0.0,0.0
2012-03-02 00:00:00+05:30,275.0452729359924,276.2491634993949,263.1914812319706,263.7934265136719,267904,0.0,0.0
2012-03-05 00:00:00+05:30,279.62932505719834,282.1760401186968,260.32058884768617,261.9875183105469,383469,0.0,0.0
2012-03-06 00:00:00+05:30,260.228019724467,278.4717747607075,254.76416304094897,256.84783935546875,672165,0.0,0.0
2012-03-07 00:00:00+05:30,256.61632046476007,266.29382241714114,254.34741716698375,257.6813049316406,296646,0.0,0.0
2012-03-09 00:00:00+05:30,263.8397039367107,266.8031658229322,259.3019258860384,260.32061767578125,136324,0.0,0.0
2012-03-12 00:00:00+05:30,261.7097068599191,267.68289433600256,260.78362865323976,261.57080078125,192176,0.0,0.0
2012-03-13 00:00:00+05:30,263.05255539919034,267.5903621199462,261.2003986190188,262.2654113769531,140398,0.0,0.0
2012-03-14 00:00:00+05:30,264.8584024434867,266.47903952137517,258.3758541319328,260.8299560546875,149062,0.0,0.0
2012-03-15 00:00:00+05:30,261.15410747725883,265.78449945380595,255.13459790774755,256.1532897949219,202019,0.0,0.0
2012-03-16 00:00:00+05:30,259.30193183058043,262.728432948723,249.71701548379505,252.03221130371094,159401,0.0,0.0
2012-03-19 00:00:00+05:30,257.1256472773711,257.1256472773711,243.09556597892134,244.1142578125,91943,0.0,0.0
2012-03-20 00:00:00+05:30,245.54965209605547,248.18898086580498,238.83558451666335,242.0768585205078,105217,0.0,0.0
2012-03-21 00:00:00+05:30,241.19705453855022,250.04108916547963,241.19705453855022,246.33677673339844,127060,0.0,0.0
2012-03-22 00:00:00+05:30,246.79987440303455,271.2946574824118,245.41075691108503,252.03221130371094,1294503,0.0,0.0
2012-03-23 00:00:00+05:30,253.74544323020365,263.9323040898104,252.1248062752662,254.62522888183594,413277,0.0,0.0
2012-03-26 00:00:00+05:30,256.15327527539426,263.9323277027197,251.198750488992,252.49525451660156,331792,0.0,0.0
2012-03-27 00:00:00+05:30,258.1906304804229,260.8762802819266,247.44814432108078,251.4765625,187466,0.0,0.0
2012-03-28 00:00:00+05:30,250.96724839249035,257.17198502641924,245.87381715205234,248.2353057861328,206846,0.0,0.0
2012-03-29 00:00:00+05:30,248.83728059784065,250.73573003768686,245.45707178485694,246.6146697998047,114780,0.0,0.0
2012-03-30 00:00:00+05:30,248.83724086161573,253.46763218199067,246.89247085472508,248.327880859375,118384,0.0,0.0
2012-04-02 00:00:00+05:30,249.7170172936691,256.2458865101518,248.92984505685897,251.2450408935547,156037,0.0,0.0
2012-04-03 00:00:00+05:30,253.65281555922456,258.8388591771825,252.3563117201511,254.2547607421875,233496,0.0,0.0
2012-04-04 00:00:00+05:30,253.83805586607974,255.5049854238168,249.20766458162612,251.56915283203125,91615,0.0,0.0
2012-04-09 00:00:00+05:30,253.9306943989016,258.8388983400382,251.8933107280515,252.91200256347656,208980,0.0,0.0
2012-04-10 00:00:00+05:30,256.2458823937566,256.2458823937566,247.81856403122896,249.5318145751953,90620,0.0,0.0
2012-04-11 00:00:00+05:30,248.18901736892602,257.912840810619,243.97537184886062,250.73573303222656,399810,0.0,0.0
2012-04-12 00:00:00+05:30,251.9395618434712,255.13454292340253,250.04111284689176,250.9208984375,100706,0.0,0.0
2012-04-13 00:00:00+05:30,252.54152657815357,256.7088783153398,246.89244412652405,248.9761199951172,148782,0.0,0.0
2012-04-16 00:00:00+05:30,250.6894187246099,251.56917619335317,246.5683587940884,248.00376892089844,46986,0.0,0.0
2012-04-17 00:00:00+05:30,250.31895853769265,254.06959268988942,247.9111775155426,249.5318145751953,83668,0.0,0.0
2012-04-18 00:00:00+05:30,250.7820270984162,254.2085285880602,250.04117566038707,251.15248107910156,106356,0.0,0.0
2012-04-19 00:00:00+05:30,251.98587253398645,257.2645010794712,250.04110274916047,251.0134735107422,191179,0.0,0.0
2012-04-20 00:00:00+05:30,252.58782089290335,253.467606459157,247.26287141486782,248.18894958496094,79330,0.0,0.0
2012-04-23 00:00:00+05:30,249.9947932296925,250.50412487764453,241.98419509285335,242.81768798828125,53980,0.0,0.0
2012-04-24 00:00:00+05:30,242.86403735662975,245.4107527149929,238.0021262179365,241.3360137939453,73473,0.0,0.0
2012-04-25 00:00:00+05:30,241.70645268053863,242.44730406607968,234.7145582155286,235.59432983398438,52809,0.0,0.0
2012-04-26 00:00:00+05:30,237.4464391542039,244.5309315625967,231.98258355708813,236.79818725585938,209143,0.0,0.0
2012-04-27 00:00:00+05:30,237.53908145229627,243.83640252141373,232.44565085585327,234.1125946044922,75924,0.0,0.0
2012-04-30 00:00:00+05:30,272.26704219063333,273.6561597528305,256.80152202683786,259.7649841308594,1654937,0.0,0.0
2012-05-02 00:00:00+05:30,262.0801569956279,269.07203680515556,255.0419563144367,258.6536560058594,1169024,0.0,0.0
2012-05-03 00:00:00+05:30,259.30196395619583,264.488008887654,250.55051136800574,253.8843994140625,565489,0.0,0.0
2012-05-04 00:00:00+05:30,252.26368520314867,256.94039686947144,240.7803216682273,242.03053283691406,216527,0.0,0.0
2012-05-07 00:00:00+05:30,238.9282038654968,239.576469986853,229.66742076993492,238.27993774414062,206633,0.0,0.0
2012-05-08 00:00:00+05:30,240.7803895520256,259.718704573382,238.92823270931774,243.37339782714844,1498750,0.0,0.0
2012-05-09 00:00:00+05:30,243.55858606572403,249.8096144153196,237.4927846755977,238.9744873046875,427456,0.0,0.0
2012-05-10 00:00:00+05:30,240.78035843226664,246.38312085265838,236.24258040645347,238.0484161376953,274611,0.0,0.0
2012-05-11 00:00:00+05:30,239.5764716008172,242.63251873827357,233.92738822213462,235.22389221191406,213107,0.0,0.0
2012-05-14 00:00:00+05:30,236.89081812615285,239.3912265639033,228.18567413623862,230.50086975097656,151758,0.0,0.0
2012-05-15 00:00:00+05:30,229.57484441933906,236.7519524792643,225.22227848658383,230.59353637695312,310039,0.0,0.0
2012-05-16 00:00:00+05:30,228.97284888608368,236.14995537290733,224.15724477915566,228.6950225830078,310441,0.0,0.0
2012-05-17 00:00:00+05:30,230.5008890343307,236.10366571688283,226.88918922552324,228.0930938720703,190665,0.0,0.0
2012-05-18 00:00:00+05:30,228.64874415092643,229.6674360113752,221.8420766024771,223.55531311035156,144354,0.0,0.0
2012-05-21 00:00:00+05:30,223.18487159046768,231.33436350375518,223.18487159046768,227.21331787109375,215381,0.0,0.0
2012-05-22 00:00:00+05:30,214.15557392255857,235.96471735791943,212.76645668630414,226.93545532226562,374557,0.0,0.0
2012-05-23 00:00:00+05:30,227.86153347976858,231.88996498640768,225.5463380860112,226.93545532226562,116454,0.0,0.0
2012-05-24 00:00:00+05:30,228.5098365733592,231.19545817963836,226.4724669964404,228.64874267578125,112015,0.0,0.0
2012-05-25 00:00:00+05:30,229.6674190555306,233.7421579348276,228.6487272702896,229.2506866455078,146671,0.0,0.0
2012-05-28 00:00:00+05:30,231.51960064146994,234.7608750504505,230.59352223890406,232.86241149902344,156352,0.0,0.0
2012-05-29 00:00:00+05:30,234.20518453612942,240.45621274400654,232.63085433216395,233.7884521484375,396883,0.0,0.0
2012-05-30 00:00:00+05:30,234.2978181245516,243.00294879779426,234.2978181245516,236.70562744140625,538216,0.0,0.0
2012-05-31 00:00:00+05:30,236.14997700589518,240.82666132428585,232.44566364109684,233.46435546875,88693,0.0,0.0
2012-06-01 00:00:00+05:30,231.47325020554482,235.91842852501878,228.78762899733778,229.62109375,117412,0.0,0.0
2012-06-04 00:00:00+05:30,224.43509129908708,230.59350660631983,224.43509129908708,228.55613708496094,129553,0.0,0.0
2012-06-05 00:00:00+05:30,230.40829687507923,236.14997983308947,228.97287260286814,230.03785705566406,133560,0.0,0.0
2012-06-06 00:00:00+05:30,231.98258638867506,234.71451422057893,231.5195472940869,232.95497131347656,108631,0.0,0.0
2012-06-07 00:00:00+05:30,234.8071438790913,237.0760327728209,232.63085433216395,233.7884521484375,158735,0.0,0.0
2012-06-08 00:00:00+05:30,233.46430347426244,234.29776814338877,229.62107073570436,232.76974487304688,91112,0.0,0.0
2012-06-11 00:00:00+05:30,234.7608563634143,242.07686950899384,233.78847129195526,234.8534698486328,244164,0.0,0.0
2012-06-12 00:00:00+05:30,234.9923437764252,235.87211524222965,232.39932198444998,235.0386505126953,73094,0.0,0.0
2012-06-13 00:00:00+05:30,235.1312726299,238.74297231549778,233.64955584155643,234.52932739257812,158091,0.0,0.0
2012-06-14 00:00:00+05:30,235.2239071247258,247.63335169078303,231.51959362669862,244.20687866210938,1157989,0.0,0.0
2012-06-15 00:00:00+05:30,245.27188293893695,248.92987585651247,237.35389524075813,239.15975952148438,731783,0.0,0.0
2012-06-18 00:00:00+05:30,240.9656009353483,241.7064523197836,233.51065316925028,235.17759704589844,264391,0.0,0.0
2012-06-19 00:00:00+05:30,235.22388445728106,237.4927875608466,233.0475948345753,234.71453857421875,137709,0.0,0.0
2012-06-20 00:00:00+05:30,236.10363108677046,238.04838680210227,234.20516797615022,234.99234008789062,144106,0.0,0.0
2012-06-21 00:00:00+05:30,235.2238773515971,238.00211212346636,233.3717208370176,235.64060974121094,135772,0.0,0.0
2012-06-22 00:00:00+05:30,236.1499775449256,236.1499775449256,233.2791290283203,233.2791290283203,105946,0.0,0.0
2012-06-25 00:00:00+05:30,234.34410970445413,237.7243038778986,232.63085924783388,233.23281860351562,113933,0.0,0.0
2012-06-26 00:00:00+05:30,233.649555459361,235.5480187805655,232.67717042841886,234.1125946044922,78180,0.0,0.0
2012-06-27 00:00:00+05:30,235.2238775200408,235.59430317088885,232.53825622431046,233.18650817871094,53142,0.0,0.0
2012-06-28 00:00:00+05:30,234.11259321755028,244.29944021925357,231.56587793441616,238.78929138183594,969952,0.0,0.0
2012-06-29 00:00:00+05:30,239.8542410630446,244.2068196765756,238.92816291222204,240.7803192138672,244341,0.0,0.0
2012-07-02 00:00:00+05:30,243.3270939258146,243.7901331150169,240.7803783852019,241.5675506591797,141734,0.0,0.0
2012-07-03 00:00:00+05:30,241.98423946587783,248.05006906178687,240.91925511290626,243.419677734375,312092,0.0,0.0
2012-07-04 00:00:00+05:30,244.3457565195541,246.9850852341256,242.63250607243467,243.2344512939453,160325,0.0,0.0
2012-07-05 00:00:00+05:30,246.2441957296401,250.87458688010972,242.86401584213024,249.02243041992188,529052,0.0,0.0
2012-07-06 00:00:00+05:30,249.34657124257268,251.38395471709467,243.37335516719298,245.45703125,282825,0.0,0.0
2012-07-09 00:00:00+05:30,246.19793467957416,246.24422729234658,238.00213564040175,239.4375457763672,97597,0.0,0.0
2012-07-10 00:00:00+05:30,236.1499582002704,246.01268609630142,235.22387993281833,243.2344512939453,257832,0.0,0.0
2012-07-11 00:00:00+05:30,243.55859609072877,245.4107527149929,240.78036115433264,241.3360137939453,133608,0.0,0.0
2012-07-12 00:00:00+05:30,241.05818552700885,241.75274429621268,237.7243260441654,238.23365783691406,77002,0.0,0.0
2012-07-13 00:00:00+05:30,238.9745102057271,241.19712088568778,234.85347844844333,235.59432983398438,84385,0.0,0.0
2012-07-16 00:00:00+05:30,236.2425983280419,237.07606321043227,231.6584990823913,232.35305786132812,60240,0.0,0.0
2012-07-17 00:00:00+05:30,232.95503927445054,236.42783349699502,230.13049714728052,230.59353637695312,103526,0.0,0.0
2012-07-18 00:00:00+05:30,231.5195858637134,232.72349053637151,226.98180763311822,230.40829467773438,114279,0.0,0.0
2012-07-19 00:00:00+05:30,231.51960064146994,236.10368590800402,231.51960064146994,232.86241149902344,123365,0.0,0.0
2012-07-20 00:00:00+05:30,233.32543172157764,237.3538639665649,232.1215270700008,232.8160858154297,94979,0.0,0.0
2012-07-23 00:00:00+05:30,233.37175708032353,233.41806382654613,226.981821764982,227.53746032714844,52635,0.0,0.0
2012-07-24 00:00:00+05:30,231.61220812761277,231.9363270816044,226.79658925448663,228.2783203125,84849,0.0,0.0
2012-07-25 00:00:00+05:30,229.2044166385808,233.2328635530477,225.9631420598534,229.34332275390625,137885,0.0,0.0
2012-07-26 00:00:00+05:30,230.40828503039617,231.51957616984473,220.45294325509286,222.72183227539062,57539,0.0,0.0
2012-07-27 00:00:00+05:30,225.03704105995004,228.64874100487478,220.49926275675392,222.07359313964844,75874,0.0,0.0
2012-07-30 00:00:00+05:30,223.23117583702123,230.13045630863868,223.23117583702123,228.41720581054688,88999,0.0,0.0
2012-07-31 00:00:00+05:30,229.06549474191522,230.59351842856577,227.81528326677582,229.52853393554688,43885,0.0,0.0
2012-08-01 00:00:00+05:30,226.05571244573832,233.55693799028882,226.05571244573832,229.57479858398438,55594,0.0,0.0
2012-08-02 00:00:00+05:30,229.7137243800381,233.69586388301045,229.20437849055907,230.45458984375,108783,0.0,0.0
2012-08-03 00:00:00+05:30,230.59351625887425,230.96394195796026,226.05573785631458,228.2783203125,33014,0.0,0.0
2012-08-06 00:00:00+05:30,230.59351174058452,234.01999884791226,229.8063394819074,230.26937866210938,82511,0.0,0.0
2012-08-07 00:00:00+05:30,231.10283928964103,234.39042003384145,229.76002859999105,231.65847778320312,84068,0.0,0.0
2012-08-08 00:00:00+05:30,233.69584110786855,269.39614467069214,233.37170808319797,261.57080078125,3473332,0.0,0.0
2012-08-09 00:00:00+05:30,261.7560389153223,270.785302791263,247.81857110892213,249.85592651367188,1592428,0.0,0.0
2012-08-10 00:00:00+05:30,250.5504733406774,261.61712035597753,244.57728524884195,246.0126953125,1146765,0.0,0.0
2012-08-13 00:00:00+05:30,246.9387384098815,259.6260206451761,246.47569932482202,254.3010711669922,721483,0.0,0.0
2012-08-14 00:00:00+05:30,255.59763684503844,260.78368150582247,252.4489759565277,254.11590576171875,534451,0.0,0.0
2012-08-16 00:00:00+05:30,254.67154203653155,258.19062840364194,250.22637733474292,251.2450408935547,485120,0.0,0.0
2012-08-17 00:00:00+05:30,250.9672099457232,254.20848387491148,241.89165424866226,243.419677734375,226863,0.0,0.0
2012-08-21 00:00:00+05:30,244.29945836893216,246.29054943845742,240.03952055181298,243.32708740234375,182880,0.0,0.0
2012-08-22 00:00:00+05:30,242.30841086650616,252.3563672898298,242.30841086650616,244.34579467773438,393005,0.0,0.0
2012-08-23 00:00:00+05:30,245.36445797742465,249.76332992192587,242.67880828618505,244.57728576660156,377792,0.0,0.0
2012-08-24 00:00:00+05:30,243.97536267206942,247.9111958218567,240.9192870340564,241.6138458251953,280882,0.0,0.0
2012-08-27 00:00:00+05:30,242.53993153088825,245.2255532853176,237.30759413211425,238.4188995361328,204781,0.0,0.0
2012-08-28 00:00:00+05:30,239.80799623717334,239.85428884927245,228.27830965770522,230.17677307128906,144965,0.0,0.0
2012-08-29 00:00:00+05:30,231.47329466433246,233.92741091778777,228.27832699103067,229.8063507080078,173401,0.0,0.0
2012-08-30 00:00:00+05:30,230.31568115588416,237.07605588823904,227.12071369761964,233.2791290283203,318180,0.0,0.0
2012-08-31 00:00:00+05:30,232.39933999380966,245.688554744904,232.39933999380966,237.72430419921875,798631,0.0,0.0
2012-09-03 00:00:00+05:30,239.94692678674892,243.46601351492805,235.31653463826544,236.42782592773438,213065,0.0,0.0
2012-09-04 00:00:00+05:30,237.81691039051498,240.08581366618395,233.92739825437062,236.38150024414062,164063,0.0,0.0
2012-09-05 00:00:00+05:30,236.10366378575253,238.78929938005805,233.37173558032418,235.22389221191406,127769,0.0,0.0
2012-09-06 00:00:00+05:30,236.65930075471377,244.80879222017288,236.4277811910975,240.132080078125,419203,0.0,0.0
2012-09-07 00:00:00+05:30,240.82663800931653,249.1150496653003,240.82663800931653,247.4481201171875,706368,0.0,0.0
2012-09-10 00:00:00+05:30,254.67151186625287,254.67151186625287,242.7251084164961,243.69747924804688,268371,0.0,0.0
2012-09-11 00:00:00+05:30,243.4659774699371,246.70725149400687,241.84534045790218,242.4936065673828,283187,0.0,0.0
2012-09-12 00:00:00+05:30,243.55860055481685,248.7446448501427,242.63252222571109,245.0866241455078,389960,0.0,0.0
2012-09-13 00:00:00+05:30,245.87377455434483,252.17109532866007,245.87377455434483,248.05006408691406,397320,0.0,0.0
2012-09-14 00:00:00+05:30,248.97616500871973,254.67154109356963,248.51312584309505,249.39288330078125,474693,0.0,0.0
2012-09-17 00:00:00+05:30,252.54151924300214,261.84859321439274,249.57805790019043,251.3376007080078,355916,0.0,0.0
2012-09-18 00:00:00+05:30,252.8713528275545,257.3794493526358,247.34082540016058,251.8953857421875,384587,1.0,0.0
2012-09-20 00:00:00+05:30,252.8248518008353,252.8248518008353,246.41128586588923,247.3872528076172,206368,0.0,0.0
2012-09-21 00:00:00+05:30,248.59561021572495,252.3600863451182,247.52665898024867,248.5491180419922,160487,0.0,0.0
2012-09-24 00:00:00+05:30,249.47863636540131,252.96427313009912,247.29429831962042,248.17733764648438,188167,0.0,0.0
2012-09-25 00:00:00+05:30,249.10683767724015,250.50109236573218,245.2029132029888,246.22537231445312,118156,0.0,0.0
2012-09-26 00:00:00+05:30,247.99143579908542,249.47864655265576,243.8551636891202,244.5987548828125,144173,0.0,0.0
2012-09-27 00:00:00+05:30,245.3423750530458,249.3856911823119,244.2269598935467,245.06350708007812,204385,0.0,0.0
2012-09-28 00:00:00+05:30,245.9930244416562,248.9674461277029,243.71575854513404,244.5058135986328,109880,0.0,0.0
2012-10-01 00:00:00+05:30,245.9465773487848,246.922544461339,244.04107857572697,245.29591369628906,58384,0.0,0.0
2012-10-03 00:00:00+05:30,245.90007265741247,249.10687020616857,245.3888572180168,246.5042724609375,106689,0.0,0.0
2012-10-04 00:00:00+05:30,247.24784931121732,251.01232589598501,246.64367790907005,247.20138549804688,181671,0.0,0.0
2012-10-05 00:00:00+05:30,248.1773305009219,248.64208205616706,239.4400069355494,242.69326782226562,101014,0.0,0.0
2012-10-08 00:00:00+05:30,243.52979862384305,247.0618988604642,240.92720143540453,241.99612426757812,114729,0.0,0.0
2012-10-09 00:00:00+05:30,243.62280529756902,249.10686874979334,241.20609119616182,245.34239196777344,168736,0.0,0.0
2012-10-10 00:00:00+05:30,243.39041082425453,246.69013573245323,242.64679126827883,243.29745483398438,79978,0.0,0.0
2012-10-11 00:00:00+05:30,244.13397352543956,245.38880833219292,241.94963565682184,244.1804656982422,70139,0.0,0.0
2012-10-12 00:00:00+05:30,244.78469403795145,245.85361713486526,238.8823425469201,241.4384765625,90989,0.0,0.0
2012-10-15 00:00:00+05:30,242.9721179060651,243.2974496820288,238.04576255410646,240.0906524658203,66863,0.0,0.0
2012-10-16 00:00:00+05:30,241.25251466325892,243.71572053449776,237.20918474836972,238.78933715820312,91087,0.0,0.0
2012-10-17 00:00:00+05:30,240.09064949748273,240.55540106706067,235.90789955437373,237.25567626953125,74444,0.0,0.0
2012-10-18 00:00:00+05:30,238.23163157990268,241.57784839061478,237.76689421612275,240.18359375,61876,0.0,0.0
2012-10-19 00:00:00+05:30,239.8117989224576,244.50577821380753,238.13870469505332,241.0201416015625,166550,0.0,0.0
2012-10-22 00:00:00+05:30,238.88230795187755,240.46247464278022,236.74444788456134,237.81338500976562,45354,0.0,0.0
2012-10-23 00:00:00+05:30,238.7428982417858,250.2687320384727,237.95281486294897,245.8535919189453,365943,0.0,0.0
2012-10-25 00:00:00+05:30,247.24780989426833,249.19977196140678,239.9512053200169,241.67079162597656,109992,0.0,0.0
2012-10-29 00:00:00+05:30,238.69639280719318,242.27498553647217,234.46716490561715,235.4896240234375,178343,0.0,0.0
2012-10-30 00:00:00+05:30,234.14182677378128,236.97681408425197,230.51677033291173,231.0279998779297,57798,0.0,0.0
2012-10-31 00:00:00+05:30,231.39979800741096,235.0713324808304,230.14497731003806,232.8870086669922,72658,0.0,0.0
2012-11-01 00:00:00+05:30,231.67865565832415,237.44157224028788,231.63217766510422,236.23321533203125,99256,0.0,0.0
2012-11-02 00:00:00+05:30,236.976796216798,253.28957733695196,236.976796216798,249.98985290527344,750142,0.0,0.0
2012-11-05 00:00:00+05:30,250.96583843089724,250.96583843089724,241.67080737790104,242.6467742919922,244256,0.0,0.0
2012-11-06 00:00:00+05:30,240.4624770407289,244.83112484035686,239.25410592205176,240.55540466308594,109134,0.0,0.0
2012-11-07 00:00:00+05:30,240.69485282899163,243.5298260993227,239.99772546420348,240.55540466308594,64127,0.0,0.0
2012-11-08 00:00:00+05:30,239.06820580787522,241.53138332018568,237.6739369914551,238.37107849121094,70467,0.0,0.0
2012-11-09 00:00:00+05:30,238.88230577520858,240.27656047817672,235.58256680823217,236.37265014648438,47379,0.0,0.0
2012-11-12 00:00:00+05:30,236.46559327601312,239.81181025513567,235.25725053980608,237.6739501953125,51226,0.0,0.0
2012-11-15 00:00:00+05:30,237.20919224246774,237.20919224246774,231.5392317476896,233.02642822265625,29564,0.0,0.0
2012-11-16 00:00:00+05:30,234.23480016982214,243.52983192259285,231.81808624086457,232.97996520996094,216936,0.0,0.0
2012-11-19 00:00:00+05:30,234.2347876988937,243.43686297097054,233.86299212181487,235.0713348388672,226485,0.0,0.0
2012-11-20 00:00:00+05:30,236.09381871918006,238.88232838909164,229.7731939640951,230.42384338378906,95531,0.0,0.0
2012-11-21 00:00:00+05:30,231.8645817272149,234.4207156520517,216.66721217485969,222.33717346191406,454580,0.0,0.0
2012-11-22 00:00:00+05:30,212.8562171411444,257.0540797032358,208.16222348984135,247.3872528076172,5375885,0.0,0.0
2012-11-23 00:00:00+05:30,237.02329145448329,240.69484006074185,197.93768310546875,197.93768310546875,7807970,0.0,0.0
2012-11-26 00:00:00+05:30,158.38731384277344,158.38731384277344,158.38731384277344,158.38731384277344,936390,0.0,0.0
2012-11-27 00:00:00+05:30,144.63068781673257,152.15965440560709,142.5857696533203,142.5857696533203,8662645,0.0,0.0
2012-11-29 00:00:00+05:30,137.56645815155903,145.51371245571676,137.56645815155903,141.7957000732422,5704638,0.0,0.0
2012-11-30 00:00:00+05:30,141.37744291817683,145.00249973839948,141.28448692459435,142.7252197265625,1789730,0.0,0.0
2012-12-03 00:00:00+05:30,144.07299562877645,144.07299562877645,141.56333983186155,142.02809143066406,937180,0.0,0.0
2012-12-04 00:00:00+05:30,142.72520118824482,143.00405494967907,139.89021394933113,140.4014434814453,1032703,0.0,0.0
2012-12-05 00:00:00+05:30,142.49284095834375,142.95759255039113,140.54087859850756,140.77325439453125,1014268,0.0,0.0
2012-12-06 00:00:00+05:30,142.0745512497971,142.0745512497971,139.65783757198707,140.12258911132812,648024,0.0,0.0
2012-12-07 00:00:00+05:30,140.35496254735347,141.6562611626355,138.0776828790643,138.49595642089844,741792,0.0,0.0
2012-12-10 00:00:00+05:30,139.3325209385567,141.28448328881035,138.68187154950314,139.7508087158203,817815,0.0,0.0
2012-12-11 00:00:00+05:30,140.3549786616482,142.58578059627834,138.6353921240134,139.14662170410156,1117856,0.0,0.0
2012-12-12 00:00:00+05:30,139.33253365990504,140.77326655633956,138.1706545794085,138.4030303955078,482536,0.0,0.0
2012-12-13 00:00:00+05:30,138.49595361078516,139.70431040508132,135.7074444776821,136.26515197753906,598599,0.0,0.0
2012-12-14 00:00:00+05:30,136.68343485558142,136.68343485558142,131.89648533996188,132.59361267089844,981847,0.0,0.0
2012-12-17 00:00:00+05:30,132.50065520888228,135.05678845352435,131.80352796034353,132.17532348632812,607936,0.0,0.0
2012-12-18 00:00:00+05:30,132.7330761133751,133.24430577283874,131.10644531341484,131.29234313964844,643287,0.0,0.0
2012-12-19 00:00:00+05:30,132.0824107031059,132.82600191837577,130.45578009928977,131.0134735107422,653132,0.0,0.0
2012-12-20 00:00:00+05:30,131.942964523893,131.98944251632702,126.92365336904413,127.76020050048828,712647,0.0,0.0
2012-12-21 00:00:00+05:30,128.4573211669922,131.10641058415263,126.64479302092562,128.4573211669922,1053114,0.0,0.0
2012-12-24 00:00:00+05:30,129.2009432425821,130.45577822069333,128.7361916481843,129.0615234375,437296,0.0,0.0
2012-12-26 00:00:00+05:30,125.48292070214188,129.89806050462465,120.92836110544908,127.76020050048828,357421,0.0,0.0
2012-12-27 00:00:00+05:30,127.85314722123813,128.64321630300063,126.41241465873,126.78421020507812,382884,0.0,0.0
2012-12-28 00:00:00+05:30,127.34194155978365,128.59677658415765,126.41243833671953,127.29546356201172,426105,0.0,0.0
2012-12-31 00:00:00+05:30,127.57430125137077,134.40615475118364,127.34192547495661,132.36123657226562,1957878,0.0,0.0
2013-01-01 00:00:00+05:30,132.87248284726675,134.59206948248521,132.5936290438403,132.96543884277344,556475,0.0,0.0
2013-01-02 00:00:00+05:30,133.4766535348879,134.63853243340506,133.24427775518447,133.56959533691406,455423,0.0,0.0
2013-01-03 00:00:00+05:30,134.26670705177872,135.01031229691682,133.19778426276733,133.52310180664062,491319,0.0,0.0
2013-01-04 00:00:00+05:30,133.801970475418,134.77795158211376,132.45419379621524,133.10484313964844,544446,0.0,0.0
2013-01-07 00:00:00+05:30,133.8019878204212,136.4510777129888,133.15133839264308,134.3596954345703,816045,0.0,0.0
2013-01-08 00:00:00+05:30,134.87091064453125,136.0327895639945,133.47665594117535,134.87091064453125,373478,0.0,0.0
2013-01-09 00:00:00+05:30,135.70745730844604,136.49754064409512,134.87091016265828,135.14974975585938,566080,0.0,0.0
2013-01-10 00:00:00+05:30,135.52154259288127,136.07923589272355,133.38368281909305,133.4766387939453,238537,0.0,0.0
2013-01-11 00:00:00+05:30,134.31318158544238,134.31318158544238,129.89804239837767,130.68812561035156,255793,0.0,0.0
2013-01-14 00:00:00+05:30,131.0599213967296,132.5471318517725,130.13041840810033,131.4317169189453,253735,0.0,0.0
2013-01-15 00:00:00+05:30,131.89648274386113,132.82598583348127,130.59518409162956,130.73460388183594,221679,0.0,0.0
2013-01-16 00:00:00+05:30,131.24586182162787,131.24586182162787,128.08555630621106,128.31793212890625,289557,0.0,0.0
2013-01-17 00:00:00+05:30,128.3178871381558,129.8050833721083,128.3178871381558,128.96853637695312,185918,0.0,0.0
2013-01-18 00:00:00+05:30,128.73618991070484,129.75864907781764,128.0390625285169,128.22496032714844,161188,0.0,0.0
2013-01-21 00:00:00+05:30,128.5967537994471,128.92207136002375,127.34191899740412,127.52781677246094,149850,0.0,0.0
2013-01-22 00:00:00+05:30,127.62079477393924,128.92209360698186,126.41243775291764,126.8307113647461,189343,0.0,0.0
2013-01-23 00:00:00+05:30,127.24899092708822,127.80669855766845,125.11114477041713,125.43646240234375,183169,0.0,0.0
2013-01-24 00:00:00+05:30,125.43644258518029,125.66881836402763,121.3931125430916,121.81138610839844,256446,0.0,0.0
2013-01-25 00:00:00+05:30,121.95081384559548,122.60146323212895,119.48763610261413,122.04376983642578,245224,0.0,0.0
2013-01-28 00:00:00+05:30,122.22966063087799,123.94924708105113,121.95080685745909,122.50851440429688,150045,0.0,0.0
2013-01-29 00:00:00+05:30,122.88033013961558,122.9268081399925,120.09182031413371,120.37067413330078,130550,0.0,0.0
2013-01-30 00:00:00+05:30,121.16073422522304,122.09023732113396,119.90589937250665,120.13827514648438,182586,0.0,0.0
2013-01-31 00:00:00+05:30,120.32416585432998,121.62547862194675,119.48761879043342,120.2312240600586,138911,0.0,0.0
2013-02-01 00:00:00+05:30,120.74246180000299,121.71844301111669,119.76649477198275,119.952392578125,116218,0.0,0.0
2013-02-04 00:00:00+05:30,120.13826592232134,121.39310067869208,118.97638714164125,119.34818267822266,123057,0.0,0.0
2013-02-05 00:00:00+05:30,119.34819529555688,119.34819529555688,116.65264191264494,117.02444458007812,163230,0.0,0.0
2013-02-06 00:00:00+05:30,120.74245036678812,120.74245036678812,117.25682073662446,117.5356674194336,134032,0.0,0.0
2013-02-07 00:00:00+05:30,117.5356740806336,117.8610058663345,116.18789730847388,116.46675109863281,122532,0.0,0.0
2013-02-08 00:00:00+05:30,116.46674157440148,117.0709129177614,114.84011114510282,115.25838470458984,134918,0.0,0.0
2013-02-11 00:00:00+05:30,115.63018188018555,129.85157441839897,113.86412465096353,127.52781677246094,4823196,0.0,0.0
2013-02-12 00:00:00+05:30,127.94610582142077,129.66569236109538,120.18476285303169,121.39311981201172,1882941,0.0,0.0
2013-02-13 00:00:00+05:30,121.39309950333733,123.48448128831227,117.21032884184221,118.27925872802734,689050,0.0,0.0
2013-02-14 00:00:00+05:30,118.32574846145752,119.81294492410629,115.30486336105903,115.81608581542969,278048,0.0,0.0
2013-02-15 00:00:00+05:30,115.16544221293643,116.65264584120831,114.0500341730728,114.42183685302734,246886,0.0,0.0
2013-02-18 00:00:00+05:30,114.60773265935036,122.09023529380315,114.37535688923128,118.65106964111328,1219038,0.0,0.0
2013-02-19 00:00:00+05:30,116.51321659306195,119.48763088098835,116.23436990739602,118.18632507324219,300086,0.0,0.0
2013-02-20 00:00:00+05:30,118.18632475781722,120.46361168818173,117.62862429642762,117.95394897460938,303335,0.0,0.0
2013-02-21 00:00:00+05:30,117.58214250480769,118.3722187238826,115.25838474779567,115.44428253173828,254556,0.0,0.0
2013-02-22 00:00:00+05:30,115.44428276854421,118.13984319051661,114.51477966383275,115.30486297607422,326910,0.0,0.0
2013-02-25 00:00:00+05:30,116.18789267354587,116.51321735472257,112.46988010799241,113.25995635986328,221233,0.0,0.0
2013-02-26 00:00:00+05:30,113.25996904057224,114.05004538090093,110.93621092693084,111.26153564453125,240668,0.0,0.0
2013-02-27 00:00:00+05:30,112.00512500881487,112.46987656486804,109.68136722854901,110.5179214477539,221572,0.0,0.0
2013-02-28 00:00:00+05:30,111.54036739935752,113.8176470638095,104.708521314456,106.33515167236328,324632,0.0,0.0
2013-03-01 00:00:00+05:30,106.89285245076763,108.51948281414889,106.10277626400587,106.66047668457031,191749,0.0,0.0
2013-03-04 00:00:00+05:30,106.89287008341749,107.03229698444434,101.78060238377579,102.47772979736328,256348,0.0,0.0
2013-03-05 00:00:00+05:30,106.79990456361656,106.89285345265758,100.29338304910698,101.92001342773438,326858,0.0,0.0
2013-03-06 00:00:00+05:30,103.63959695596611,108.24063452232559,102.5706669591873,105.03385162353516,667131,0.0,0.0
2013-03-07 00:00:00+05:30,105.31271366328701,107.72942052520135,104.5691082789073,105.59156036376953,271559,0.0,0.0
2013-03-08 00:00:00+05:30,106.56754244141345,107.77589233676929,105.49861235169926,106.19573974609375,255508,0.0,0.0
2013-03-11 00:00:00+05:30,106.89285116004963,107.03227803639358,104.615571515432,105.9168701171875,181099,0.0,0.0
2013-03-12 00:00:00+05:30,106.05630274417607,113.86413023579703,105.68450008428061,109.82079315185547,1709293,0.0,0.0
2013-03-13 00:00:00+05:30,108.84481681301794,111.26152357063911,106.89286162769109,107.63646697998047,470327,0.0,0.0
2013-03-14 00:00:00+05:30,107.35761130538737,108.28711443357254,105.31270725999842,106.2422103881836,198830,0.0,0.0
2013-03-15 00:00:00+05:30,105.91687034662388,109.5419336816916,105.1732721570879,105.77745056152344,289094,0.0,0.0
2013-03-18 00:00:00+05:30,104.5226204619072,105.40565265933003,103.5931173645437,103.8719711303711,151071,0.0,0.0
2013-03-19 00:00:00+05:30,104.15083630050721,104.70853680168324,100.47929440896738,100.8510971069336,210646,0.0,0.0
2013-03-20 00:00:00+05:30,101.31584272273912,101.54821850880045,95.83177275338252,96.34300231933594,234367,0.0,0.0
2013-03-21 00:00:00+05:30,97.13307841305777,97.41193219248886,90.16180484274263,90.7195053100586,445121,0.0,0.0
2013-03-22 00:00:00+05:30,90.71950136848282,90.71950136848282,87.04796695092261,87.65214538574219,300390,0.0,0.0
2013-03-25 00:00:00+05:30,80.86676812941029,91.37015579203243,80.86676812941029,86.44378662109375,560910,0.0,0.0
2013-03-26 00:00:00+05:30,85.70018705793613,87.46624445021125,84.86363990139978,85.23543548583984,225957,0.0,0.0
2013-03-28 00:00:00+05:30,78.49653880008043,86.44379363188872,78.49653880008043,85.97904205322266,258250,0.0,0.0
2013-04-01 00:00:00+05:30,86.39732408342988,99.82865027482612,86.39732408342988,98.80619812011719,2854515,0.0,0.0
2013-04-02 00:00:00+05:30,98.527319859202,100.75812851960619,96.71479181161779,97.92314147949219,1640598,0.0,0.0
2013-04-03 00:00:00+05:30,98.15553688199554,99.78216748829794,94.53047296964087,95.27407836914062,506731,0.0,0.0
2013-04-04 00:00:00+05:30,93.50800716586637,99.08502557048917,92.39260632156007,96.1106185913086,1115570,0.0,0.0
2013-04-05 00:00:00+05:30,95.69234235529416,97.87668033742838,93.04325990962131,93.786865234375,355680,0.0,0.0
2013-04-08 00:00:00+05:30,94.66989009162172,96.48242540638596,93.13620854575844,93.83333587646484,337204,0.0,0.0
2013-04-09 00:00:00+05:30,93.87981996771013,96.62185147668312,92.20671142869675,92.67146301269531,342530,0.0,0.0
2013-04-10 00:00:00+05:30,93.32212687013121,94.62343282661341,91.37017148118137,92.34614562988281,222775,0.0,0.0
2013-04-11 00:00:00+05:30,92.71793363230759,94.48399092932738,92.39260896769639,92.62498474121094,190514,0.0,0.0
2013-04-12 00:00:00+05:30,92.29965841176518,92.90382973876875,91.13777956514953,91.37015533447266,183100,0.0,0.0
2013-04-15 00:00:00+05:30,90.16182000180972,91.88139968662755,89.88296617549445,90.440673828125,161642,0.0,0.0
2013-04-16 00:00:00+05:30,90.44065514567184,95.45996625012152,89.789998715859,93.55448913574219,769625,0.0,0.0
2013-04-17 00:00:00+05:30,94.29810217112066,95.55293723578706,92.48557366456458,93.08975219726562,308021,0.0,0.0
2013-04-18 00:00:00+05:30,93.13621490409437,94.34457186309743,92.43908752579563,92.90383911132812,187390,0.0,0.0
2013-04-22 00:00:00+05:30,93.36859247533538,95.41350374555746,92.99679687306458,94.01924896240234,322736,0.0,0.0
2013-04-23 00:00:00+05:30,93.92627826135025,96.43593345191464,93.92627826135025,94.71635437011719,368255,0.0,0.0
2013-04-25 00:00:00+05:30,94.80933351516786,95.7388367849244,93.87983024541131,94.4840087890625,224936,0.0,0.0
2013-04-26 00:00:00+05:30,94.80933208037837,95.55293752154918,92.95032556899841,93.22917938232422,202187,0.0,0.0
2013-04-29 00:00:00+05:30,93.41506257199816,96.20357190250556,91.92785901403673,93.786865234375,403991,0.0,0.0
2013-04-30 00:00:00+05:30,93.55448846679278,95.22758979246406,92.29966069965283,92.99678802490234,227573,0.0,0.0
2013-05-02 00:00:00+05:30,92.76442747705646,94.43752907736659,92.76442747705646,93.08975219726562,182989,0.0,0.0
2013-05-03 00:00:00+05:30,93.13620751411004,94.94874280879723,92.53203617409349,92.85736083984375,188659,0.0,0.0
2013-05-06 00:00:00+05:30,93.55450523504008,95.08818704378771,93.04327560160849,94.15868377685547,264080,0.0,0.0
2013-05-07 00:00:00+05:30,94.3910492723944,100.94404233280109,94.29809328262773,98.15553283691406,1496941,0.0,0.0
2013-05-08 00:00:00+05:30,98.57382745753547,100.1075022239441,96.38948903692224,96.80776977539062,467554,0.0,0.0
2013-05-09 00:00:00+05:30,96.80775392647732,98.94560690408716,95.83177278804821,96.52890014648438,357330,0.0,0.0
2013-05-10 00:00:00+05:30,95.97120328809395,101.68764926060932,95.97120328809395,99.2244644165039,1244895,0.0,0.0
2013-05-13 00:00:00+05:30,103.17484570445549,105.0338519333646,99.17797947568252,99.87510681152344,836385,0.0,0.0
2013-05-14 00:00:00+05:30,100.29339296938616,101.12994723659227,97.876686157549,98.24848175048828,266488,0.0,0.0
2013-05-15 00:00:00+05:30,98.71323361097951,100.01453946456786,97.83020843794442,98.29496002197266,399860,0.0,0.0
2013-05-16 00:00:00+05:30,98.34143100894248,100.57223278006852,98.15552613365139,98.66675567626953,406613,0.0,0.0
2013-05-17 00:00:00+05:30,98.20201788328345,99.08504311710223,97.13308774812863,97.69078826904297,178129,0.0,0.0
2013-05-20 00:00:00+05:30,97.73725125878545,99.36388166507012,97.1330728324277,97.64430236816406,202665,0.0,0.0
2013-05-21 00:00:00+05:30,97.13307054718031,98.10905160460754,95.8782428244493,96.1106185913086,119407,0.0,0.0
2013-05-22 00:00:00+05:30,96.20355770865702,97.92313679045446,94.34455176259601,94.71635437011719,199472,0.0,0.0
2013-05-23 00:00:00+05:30,93.87982500433586,95.22760183362098,90.02238523188795,90.48713684082031,262574,0.0,0.0
2013-05-24 00:00:00+05:30,94.25161579204227,94.71636734220861,92.02080693293469,92.99678802490234,527568,0.0,0.0
2013-05-27 00:00:00+05:30,92.95030938324298,93.8798124770754,92.0672842807205,92.53203582763672,142608,0.0,0.0
2013-05-28 00:00:00+05:30,92.25318334675084,95.73881999713187,92.25318334675084,93.46154022216797,354330,0.0,0.0
2013-05-29 00:00:00+05:30,93.50802495035246,93.87982766635038,92.02082117790779,92.29967498779297,181083,0.0,0.0
2013-05-30 00:00:00+05:30,92.29968126055147,92.4855790854107,91.13780212631265,91.32369995117188,108367,0.0,0.0
2013-05-31 00:00:00+05:30,91.09129797354687,91.74194726531118,88.76754037218087,89.1858139038086,134274,0.0,0.0
2013-06-03 00:00:00+05:30,88.62811780473324,89.37172310992453,86.44378697160926,86.76911163330078,132191,0.0,0.0
2013-06-04 00:00:00+05:30,86.44378697160926,88.4422200242083,86.44378697160926,86.76911163330078,162249,0.0,0.0
2013-06-05 00:00:00+05:30,86.86206179815505,88.48869222202721,86.16493447363841,87.60566711425781,325294,0.0,0.0
2013-06-06 00:00:00+05:30,86.67617064030958,88.02394740077895,86.44379484770822,86.81559753417969,142095,0.0,0.0
2013-06-07 00:00:00+05:30,86.6761700103638,87.51272427595809,86.16494043373777,86.25789642333984,111751,0.0,0.0
2013-06-10 00:00:00+05:30,86.11845865710747,87.18738857865043,83.8411719387689,84.30592346191406,146763,0.0,0.0
2013-06-11 00:00:00+05:30,83.70175641118071,84.21297885770807,80.86676913922184,81.6103744506836,162623,0.0,0.0
2013-06-12 00:00:00+05:30,80.86676913922184,83.93413218456928,79.28661671679791,81.6103744506836,270668,0.0,0.0
2013-06-13 00:00:00+05:30,79.0077573270036,79.0077573270036,74.08138844528996,77.65998077392578,901896,0.0,0.0
2013-06-14 00:00:00+05:30,76.8699038870169,79.00776386347034,74.40672633392191,77.10227966308594,607695,0.0,0.0
2013-06-17 00:00:00+05:30,76.68401398783514,78.86834508917931,76.59106508615922,77.33466339111328,155077,0.0,0.0
2013-06-18 00:00:00+05:30,76.68400575917696,78.82186572605114,75.33622910063401,76.7769546508789,228054,0.0,0.0
2013-06-19 00:00:00+05:30,76.26573852793835,77.42761749946973,74.22082728311526,75.56861114501953,352470,0.0,0.0
2013-06-20 00:00:00+05:30,74.59262787405318,75.66155791610275,73.6166467288022,74.2208251953125,135046,0.0,0.0
2013-06-21 00:00:00+05:30,74.22082925869908,75.94040876402738,59.39525602395538,71.5252685546875,217827,0.0,0.0
2013-06-24 00:00:00+05:30,70.64223960426317,71.47879385999133,67.94667904315966,68.36495971679688,134570,0.0,0.0
2013-06-25 00:00:00+05:30,67.99316199811763,68.36496470462826,65.66940394685966,66.2735824584961,142576,0.0,0.0
2013-06-26 00:00:00+05:30,65.99472865572642,69.15504102374662,65.06522543522323,66.2735824584961,273029,0.0,0.0
2013-06-27 00:00:00+05:30,66.59890019825154,68.69028222553514,66.55242220547126,67.01717376708984,111693,0.0,0.0
2013-06-28 00:00:00+05:30,67.11013284757367,70.78167499658173,67.11013284757367,69.10856628417969,546470,0.0,0.0
2013-07-01 00:00:00+05:30,68.87618722267979,73.05895171504756,68.87618722267979,72.31535339355469,392215,0.0,0.0
2013-07-02 00:00:00+05:30,57.86156969496868,71.71116771496519,57.86156969496868,67.24954986572266,1130374,0.0,0.0
2013-07-03 00:00:00+05:30,66.3665146722923,66.45946355265833,65.15815795289869,65.34406280517578,1132647,0.0,0.0
2013-07-04 00:00:00+05:30,64.9722801655921,65.25112689241179,62.369668165991946,63.11327362060547,557991,0.0,0.0
2013-07-05 00:00:00+05:30,63.39211379151105,64.27514606398618,59.72057908148576,61.20778274536133,508015,0.0,0.0
2013-07-08 00:00:00+05:30,60.69655310844868,67.15659658713246,59.67409406156727,63.94981384277344,2884362,0.0,0.0
2013-07-09 00:00:00+05:30,64.83283626841755,65.39053666747122,61.99784919353887,62.46260070800781,1446650,0.0,0.0
2013-07-10 00:00:00+05:30,62.46260342911845,63.34563560000491,61.207775703696264,61.393680572509766,580545,0.0,0.0
2013-07-11 00:00:00+05:30,62.27671313913181,62.509088934427076,61.16131215833312,61.53310775756836,383199,0.0,0.0
2013-07-12 00:00:00+05:30,61.626064600662964,62.602038699464224,61.44015970692945,61.85844039916992,430194,0.0,0.0
2013-07-15 00:00:00+05:30,61.71901646691532,62.323194990369196,60.928940132343456,61.440162658691406,438184,0.0,0.0
2013-07-16 00:00:00+05:30,60.4176997135367,60.928929240038734,58.00099314330436,58.93049621582031,324657,0.0,0.0
2013-07-17 00:00:00+05:30,58.55869641757343,60.69655642499213,58.0939448587038,58.27984619140625,476997,0.0,0.0
2013-07-18 00:00:00+05:30,57.954515723417416,58.97697124071111,55.90961178037575,56.79263687133789,390394,0.0,0.0
2013-07-19 00:00:00+05:30,57.07149600510995,59.81352751753149,56.79264221774155,57.95452117919922,760695,0.0,0.0
2013-07-22 00:00:00+05:30,57.76862599963387,58.69812921091825,56.560268988345484,56.978546142578125,216278,0.0,0.0
2013-07-23 00:00:00+05:30,57.16444718465644,58.14042484206908,56.37437087764938,56.653221130371094,295614,0.0,0.0
2013-07-24 00:00:00+05:30,56.46731670933199,56.513791157962814,53.91118303113178,54.42240905761719,350418,0.0,0.0
2013-07-25 00:00:00+05:30,54.32945825652154,54.32945825652154,52.79577668503602,53.02815246582031,237804,0.0,0.0
2013-07-26 00:00:00+05:30,52.749297403365475,54.32945327702612,52.0521701249069,52.23807144165039,212221,0.0,0.0
2013-07-29 00:00:00+05:30,52.05217058048692,52.84224675134593,49.35661032854547,49.96078872680664,395098,0.0,0.0
2013-07-30 00:00:00+05:30,49.31013826927639,50.100218024104244,45.96392855992577,46.24277877807617,532679,0.0,0.0
2013-07-31 00:00:00+05:30,46.28925749411162,46.28925749411162,43.08247082509214,43.59370040893555,442656,0.0,0.0
2013-08-01 00:00:00+05:30,44.10492326919436,45.35975104911602,43.59369726795861,44.197872161865234,434513,0.0,0.0
2013-08-02 00:00:00+05:30,43.96549302687551,44.38377010349756,41.40935967012957,41.92058563232422,387116,0.0,0.0
2013-08-05 00:00:00+05:30,42.29239442422602,42.29239442422602,39.968636488828984,40.75871276855469,392053,0.0,0.0
2013-08-06 00:00:00+05:30,39.968634296280435,47.358184834631075,39.317981400907314,44.66262435913086,2208225,0.0,0.0
2013-08-07 00:00:00+05:30,43.826070488865184,53.585852572446065,43.826070488865184,52.88872528076172,2853343,0.0,0.0
2013-08-08 00:00:00+05:30,53.307006973426276,60.65008365406709,52.98168227251838,59.255828857421875,5900338,0.0,0.0
2013-08-12 00:00:00+05:30,59.162871701377135,61.62605625008893,55.90961096310945,58.88401794433594,3178348,0.0,0.0
2013-08-13 00:00:00+05:30,57.58271724412573,59.76705163724213,56.51378727028442,57.11796569824219,1806693,0.0,0.0
2013-08-14 00:00:00+05:30,57.53624898869158,59.116401578076996,55.816665956458515,56.095516204833984,1492749,0.0,0.0
2013-08-16 00:00:00+05:30,55.770193563925254,55.90962046614443,51.12267743359815,51.58742904663086,642054,0.0,0.0
2013-08-19 00:00:00+05:30,51.21562785313344,51.494481665821816,48.42711809243782,49.635475158691406,733628,0.0,0.0
2013-08-20 00:00:00+05:30,49.170718347948764,54.56183594109866,48.00883940348658,54.37593460083008,1327746,0.0,0.0
2013-08-21 00:00:00+05:30,56.14198794457844,57.62919146736251,51.169144295334235,51.49447250366211,974186,0.0,0.0
2013-08-22 00:00:00+05:30,50.19316397199346,56.606736342279476,49.72841245373426,54.79420471191406,1011524,0.0,0.0
2013-08-23 00:00:00+05:30,54.887159996543325,56.56026494818898,53.44643083111993,53.91118240356445,695829,0.0,0.0
2013-08-26 00:00:00+05:30,53.58585455508108,56.00256117069398,53.58585455508108,54.282981872558594,511665,0.0,0.0
2013-08-27 00:00:00+05:30,53.91118555664267,53.91118555664267,49.96079695981972,50.472023010253906,446633,0.0,0.0
2013-08-28 00:00:00+05:30,50.193166143243964,52.28454806587913,48.84538597283562,51.1226692199707,542531,0.0,0.0
2013-08-29 00:00:00+05:30,51.16915539702023,53.167588888504554,50.70440375209584,51.40153121948242,514856,0.0,0.0
2013-08-30 00:00:00+05:30,51.58742933743738,54.09708877111605,51.21562662660593,51.81980514526367,601670,0.0,0.0
2013-09-02 00:00:00+05:30,51.773330701582665,53.16758554877552,51.49448044129878,51.91275405883789,504625,0.0,0.0
2013-09-03 00:00:00+05:30,52.88872846432323,55.537810913872384,51.773324021333536,52.47045135498047,1113962,0.0,0.0
2013-09-04 00:00:00+05:30,53.3534806962184,53.911181151894304,52.60987536095316,53.07462692260742,460101,0.0,0.0
2013-09-05 00:00:00+05:30,53.91118709942029,56.23494516405047,53.44643548649425,54.654788970947266,972104,0.0,0.0
2013-09-06 00:00:00+05:30,55.630759300490276,63.53153567659379,54.93363197318702,60.32475280761719,4349634,0.0,0.0
2013-09-10 00:00:00+05:30,61.99786110841437,64.7863707311295,61.347211699732846,62.64851760864258,1586607,0.0,0.0
2013-09-11 00:00:00+05:30,62.41614477344264,64.3216221846056,60.97541189660854,62.23023986816406,979872,0.0,0.0
2013-09-12 00:00:00+05:30,62.3231791914401,64.83283446306991,60.650070949323464,61.30072021484375,1103228,0.0,0.0
2013-09-13 00:00:00+05:30,62.05578939834114,64.13217795038845,61.583882254627525,62.57489013671875,478881,1.0,0.0
2013-09-16 00:00:00+05:30,63.23555487555427,64.36812909751049,60.21534854948452,61.11197280883789,556554,0.0,0.0
2013-09-17 00:00:00+05:30,61.11197118238061,61.72545186991752,59.88501340767233,60.309730529785156,284470,0.0,0.0
2013-09-18 00:00:00+05:30,60.309727455096436,61.48949517839358,60.26253386587226,60.54568099975586,268677,0.0,0.0
2013-09-19 00:00:00+05:30,61.347932176499334,62.716460090913074,61.347932176499334,61.489505767822266,425548,0.0,0.0
2013-09-20 00:00:00+05:30,62.00859274140971,63.84903483144233,60.40411141231264,62.81084060668945,827096,0.0,0.0
2013-09-23 00:00:00+05:30,62.81083751924961,67.19956776273933,62.4333104013336,64.13217163085938,1087419,0.0,0.0
2013-09-24 00:00:00+05:30,63.7074626878495,64.84003692200761,62.527694860296734,62.858028411865234,425414,0.0,0.0
2013-09-25 00:00:00+05:30,62.52769378194955,63.23555446627351,60.923212444441084,61.536685943603516,338561,0.0,0.0
2013-09-26 00:00:00+05:30,61.53668035433387,63.14116874684069,61.442300378475956,61.914207458496094,322690,0.0,0.0
2013-09-27 00:00:00+05:30,61.91420494501316,64.320933835704,61.63106502893385,62.05577850341797,511308,0.0,0.0
2013-09-30 00:00:00+05:30,61.48949733866371,61.772637281763956,58.98838823725779,59.318721771240234,265464,0.0,0.0
2013-10-01 00:00:00+05:30,59.460297176291654,60.73444496135166,59.460297176291654,60.120967864990234,239974,0.0,0.0
2013-10-03 00:00:00+05:30,59.932205544026566,61.72545407919095,59.932205544026566,61.01759338378906,323054,0.0,0.0
2013-10-04 00:00:00+05:30,60.64005616199559,62.76363789529504,60.64005616199559,61.159156799316406,465739,0.0,0.0
2013-10-07 00:00:00+05:30,61.064778820720875,62.29174022050823,60.78163886743004,61.536685943603516,291141,0.0,0.0
2013-10-08 00:00:00+05:30,61.81983679288777,63.37713183163357,61.39512323719877,61.63107681274414,541218,0.0,0.0
2013-10-09 00:00:00+05:30,61.631067530922365,62.48049451437414,61.15916045090223,61.914207458496094,352552,0.0,0.0
2013-10-10 00:00:00+05:30,62.1029746109425,63.04678877098278,61.53668035433387,61.914207458496094,478259,0.0,0.0
2013-10-11 00:00:00+05:30,62.52768687240562,64.03778805861197,61.96139982766954,62.19735336303711,828982,0.0,0.0
2013-10-14 00:00:00+05:30,62.291731273854964,62.858018299834875,61.6310642770001,61.81982421875,246988,0.0,0.0
2013-10-15 00:00:00+05:30,61.91421405100558,63.18836186258271,60.687259832747785,61.01759338378906,291412,0.0,0.0
2013-10-17 00:00:00+05:30,61.347915321322304,61.631062426174246,60.404101239455805,60.59286117553711,227548,0.0,0.0
2013-10-18 00:00:00+05:30,61.017586500545875,62.19735419312901,60.82881934929425,61.2535400390625,330137,0.0,0.0
2013-10-21 00:00:00+05:30,61.159156987278934,63.093971585348896,61.159156987278934,62.66925811767578,418373,0.0,0.0
2013-10-22 00:00:00+05:30,62.150157478759596,64.0377856919382,62.150157478759596,62.66925811767578,414342,0.0,0.0
2013-10-23 00:00:00+05:30,62.95241102797415,70.5501190351266,62.95241102797415,69.51192474365234,5486834,0.0,0.0
2013-10-24 00:00:00+05:30,68.61529592901431,70.03101736249381,66.39733379004272,66.68048095703125,1608656,0.0,0.0
2013-10-25 00:00:00+05:30,66.68047914116121,68.89844121973235,66.16137841606246,67.0580062866211,1006173,0.0,0.0
2013-10-28 00:00:00+05:30,67.01081240425557,67.81305308444193,64.08498964083574,64.46251678466797,584355,0.0,0.0
2013-10-29 00:00:00+05:30,64.17936600566364,65.45351374357107,62.85802467716556,64.7928466796875,448325,0.0,0.0
2013-10-30 00:00:00+05:30,65.40632307736591,67.7658584380107,64.84002883022677,66.39732360839844,841694,0.0,0.0
2013-10-31 00:00:00+05:30,66.53890085569628,68.61528920778028,66.53890085569628,67.57709503173828,724189,0.0,0.0
2013-11-01 00:00:00+05:30,67.01081540460186,70.50292543976028,66.91643541460087,69.51192474365234,1096910,0.0,0.0
2013-11-05 00:00:00+05:30,69.37034095957294,70.69168222752046,68.42652679685767,69.22876739501953,663019,0.0,0.0
2013-11-06 00:00:00+05:30,69.32315496752611,73.90065991887938,69.22877498105862,71.1635971069336,2041518,0.0,0.0
2013-11-07 00:00:00+05:30,71.21078436831885,71.91864507655555,67.57710083951679,67.95462799072266,690662,0.0,0.0
2013-11-08 00:00:00+05:30,67.95462695644835,68.9456348131891,66.5860991549791,67.0580062866211,406208,0.0,0.0
2013-11-11 00:00:00+05:30,67.05800698218252,68.66248836611533,66.58609984564565,66.8692398071289,378623,0.0,0.0
2013-11-12 00:00:00+05:30,66.8692417604673,67.48272249603211,64.60408599877583,64.98161315917969,280976,0.0,0.0
2013-11-13 00:00:00+05:30,64.84003140359452,65.8310391746886,62.90521665151525,63.990604400634766,378549,0.0,0.0
2013-11-14 00:00:00+05:30,66.25575989230181,67.3883413541526,64.7456584772323,65.5950927734375,616468,0.0,0.0
2013-11-18 00:00:00+05:30,66.53889791772639,67.34113850921243,65.78384371354507,66.6332778930664,359923,0.0,0.0
2013-11-19 00:00:00+05:30,66.53889565776382,69.134384495478,65.64227512139104,68.70967102050781,1419805,0.0,0.0
2013-11-20 00:00:00+05:30,68.66247527460966,68.8984287978901,66.39732001097136,66.72765350341797,424937,0.0,0.0
2013-11-21 00:00:00+05:30,66.20857017452091,67.05800442808037,64.69846883526587,65.07598876953125,345631,0.0,0.0
2013-11-22 00:00:00+05:30,65.40632474073495,66.01979818951966,64.08498346502432,64.50969696044922,318273,0.0,0.0
2013-11-25 00:00:00+05:30,64.32093040808883,67.15237262237831,64.32093040808883,66.25574493408203,711035,0.0,0.0
2013-11-26 00:00:00+05:30,65.68945768359247,66.49169820113582,64.5096900987552,64.74564361572266,311342,0.0,0.0
2013-11-27 00:00:00+05:30,64.36812375731677,65.4063251088305,63.80183669331972,64.0849838256836,254434,0.0,0.0
2013-11-28 00:00:00+05:30,64.65127490815662,65.35913558233352,64.22656138394294,64.41532135009766,254117,0.0,0.0
2013-11-29 00:00:00+05:30,64.65127059354248,65.78384471634877,64.65127059354248,64.93441772460938,270868,0.0,0.0
2013-12-02 00:00:00+05:30,65.12318061355631,66.77485548419,65.12318061355631,65.87823486328125,427354,0.0,0.0
2013-12-03 00:00:00+05:30,65.59507828032244,66.91641942683464,65.59507828032244,65.8310317993164,327427,0.0,0.0
2013-12-04 00:00:00+05:30,65.97261012377456,68.33214548441936,65.7838429744847,66.39732360839844,775770,0.0,0.0
2013-12-05 00:00:00+05:30,67.48272166252333,68.19058237926308,65.97262024029149,66.68048095703125,341896,0.0,0.0
2013-12-06 00:00:00+05:30,66.30295056412098,67.81305191262375,66.30295056412098,66.58609771728516,341108,0.0,0.0
2013-12-09 00:00:00+05:30,68.04899290154725,68.04899290154725,66.58608541574907,67.10517883300781,244634,0.0,0.0
2013-12-10 00:00:00+05:30,67.34113255637232,67.38832614023578,64.9344109946642,66.25574493408203,337884,0.0,0.0
2013-12-11 00:00:00+05:30,65.97260972359807,66.53889676657175,65.21755553247955,65.73665618896484,223029,0.0,0.0
2013-12-12 00:00:00+05:30,65.21756673434064,65.78385387458059,64.84003957393678,64.98161315917969,190625,0.0,0.0
2013-12-13 00:00:00+05:30,64.69847848994547,65.02881208208754,63.47151691829519,63.61309051513672,181217,0.0,0.0
2013-12-16 00:00:00+05:30,63.23554992675781,64.03779053792128,63.04678997144784,63.23554992675781,161195,0.0,0.0
2013-12-17 00:00:00+05:30,63.37713128734659,64.93442631271824,63.37713128734659,63.56589126586914,266393,0.0,0.0
2013-12-18 00:00:00+05:30,63.42430958374479,64.84003084410276,63.42430958374479,64.0849838256836,230500,0.0,0.0
2013-12-19 00:00:00+05:30,64.1793576879356,64.65126472975867,63.14116363607089,63.37711715698242,139610,0.0,0.0
2013-12-20 00:00:00+05:30,63.141171047152056,64.74565229738154,63.141171047152056,64.13217163085938,237367,0.0,0.0
2013-12-23 00:00:00+05:30,64.41532100442329,66.35014305041635,64.13217385597953,65.26475524902344,417401,0.0,0.0
2013-12-24 00:00:00+05:30,65.6422873691102,67.34114878669956,65.21756661416413,66.49171447753906,764116,0.0,0.0
2013-12-26 00:00:00+05:30,66.77485440482997,69.27596346579308,66.3501408966817,67.57709503173828,1377164,0.0,0.0
2013-12-27 00:00:00+05:30,67.95460911998032,68.23775620493869,66.1141746699393,66.35012817382812,362775,0.0,0.0
2013-12-30 00:00:00+05:30,66.53890625169939,67.48272052477313,66.20857269626985,66.8692398071289,369750,0.0,0.0
2013-12-31 00:00:00+05:30,67.01081124630021,67.7658655209172,66.35014415655874,66.58609771728516,295199,0.0,0.0
2014-01-01 00:00:00+05:30,66.91642547966117,68.89843377834413,66.68047193932438,67.71866607666016,526312,0.0,0.0
2014-01-02 00:00:00+05:30,67.71867155204417,69.1343929085329,65.26475597427661,65.5007095336914,546029,0.0,0.0
2014-01-03 00:00:00+05:30,64.79285710721021,65.59509787124448,64.36813632573413,65.31195068359375,258059,0.0,0.0
2014-01-06 00:00:00+05:30,64.7928520717504,66.25575989230181,64.7928520717504,65.5950927734375,287050,0.0,0.0
2014-01-07 00:00:00+05:30,65.78384875352884,66.53890301555812,64.65127456121604,65.26475524902344,307619,0.0,0.0
2014-01-08 00:00:00+05:30,65.73666129136645,67.24676259008532,65.02880063252344,65.87823486328125,533559,0.0,0.0
2014-01-09 00:00:00+05:30,66.01979678355303,67.24675805645423,65.12317622309251,65.54788970947266,400982,0.0,0.0
2014-01-10 00:00:00+05:30,65.5007102955129,66.01980381182416,63.75465537568179,64.2265625,295112,0.0,0.0
2014-01-13 00:00:00+05:30,64.46251932435229,65.02880646204544,63.75465860205295,64.3209457397461,171396,0.0,0.0
2014-01-14 00:00:00+05:30,63.990604400634766,65.07598494902352,63.70745726582767,63.990604400634766,167395,0.0,0.0
2014-01-15 00:00:00+05:30,63.99060782588398,65.1703756161788,63.99060782588398,64.41532135009766,218142,0.0,0.0
2014-01-16 00:00:00+05:30,64.55690351774531,66.44453223346457,63.84904274935058,65.31195068359375,604867,0.0,0.0
2014-01-17 00:00:00+05:30,65.54789984328232,65.59509343827877,63.32993769235015,63.56589126586914,278737,0.0,0.0
2014-01-20 00:00:00+05:30,63.235544147054206,64.08497826977259,62.905210655088744,63.282737731933594,257508,0.0,0.0
2014-01-21 00:00:00+05:30,63.42431627279705,64.08499058441394,63.37712987958035,63.51870346069336,159091,0.0,0.0
2014-01-22 00:00:00+05:30,63.37712319550461,64.36812375731677,63.37712319550461,64.0849838256836,217854,0.0,0.0
2014-01-23 00:00:00+05:30,63.66027125513041,64.36813197568738,63.47151127660786,63.56589126586914,157190,0.0,0.0
2014-01-24 00:00:00+05:30,63.32992745250926,63.518694601241585,62.008586214304785,62.19735336303711,191236,0.0,0.0
2014-01-27 00:00:00+05:30,61.34791856470252,61.44229853773291,59.46029030117321,59.601863861083984,191093,0.0,0.0
2014-01-28 00:00:00+05:30,59.460295731987586,60.07377641381303,58.70524507768624,59.6490592956543,131571,0.0,0.0
2014-01-29 00:00:00+05:30,59.83782612256369,61.442307500317014,59.4602989746419,59.74344253540039,388224,0.0,0.0
2014-01-30 00:00:00+05:30,58.98839191346016,59.460299048767844,58.09176763630242,58.233341217041016,166450,0.0,0.0
2014-01-31 00:00:00+05:30,58.56367037734187,59.17715104735622,58.13895326736005,58.32771682739258,132505,0.0,0.0
2014-02-03 00:00:00+05:30,57.85580987034566,58.42210055184146,56.72323210771951,57.14794921875,129500,0.0,0.0
2014-02-04 00:00:00+05:30,56.44008232092066,58.09175699185275,55.77941173247481,57.28951644897461,212480,0.0,0.0
2014-02-05 00:00:00+05:30,56.81761351771546,58.138951189999574,56.81761351771546,57.19513702392578,142950,0.0,0.0
2014-02-06 00:00:00+05:30,57.525471363364005,59.460289590276155,57.383897805145864,58.18614196777344,287639,0.0,0.0
2014-02-07 00:00:00+05:30,58.516488259872474,58.70525184530009,57.57267393310034,57.90300750732422,160525,0.0,0.0
2014-02-10 00:00:00+05:30,57.855817511058795,58.37491467071028,57.57267393310034,57.90300750732422,146700,0.0,0.0
2014-02-11 00:00:00+05:30,58.28052520751953,58.98838583757038,57.66704455466267,58.28052520751953,158447,0.0,0.0
2014-02-12 00:00:00+05:30,58.28052539562589,59.31871954957186,58.18614541812729,58.61085891723633,185497,0.0,0.0
2014-02-13 00:00:00+05:30,58.09176639975666,58.70524710274434,55.87380435116855,56.5816650390625,210426,0.0,0.0
2014-02-14 00:00:00+05:30,56.628851369649425,57.33671201177004,55.73222716955689,56.156944274902344,135619,0.0,0.0
2014-02-17 00:00:00+05:30,55.87380619713432,56.39290333200008,54.882801921415,55.44908905029297,99047,0.0,0.0
2014-02-18 00:00:00+05:30,55.07155331353815,56.81761162276012,55.07155331353815,56.06256103515625,156040,0.0,0.0
2014-02-19 00:00:00+05:30,55.82661074872556,56.628851369649425,55.82661074872556,56.156944274902344,97889,0.0,0.0
2014-02-20 00:00:00+05:30,55.63784586303821,56.156942934799424,55.024365214360664,55.260318756103516,146846,0.0,0.0
2014-02-21 00:00:00+05:30,55.40189961973628,56.345713911042296,55.07156245755969,55.35470962524414,121848,0.0,0.0
2014-02-24 00:00:00+05:30,55.02436447143555,55.59065512419168,54.88279450852047,55.02436447143555,117585,0.0,0.0
2014-02-25 00:00:00+05:30,55.213134920238794,56.62885632845005,54.97718135220359,55.5434684753418,179303,0.0,0.0
2014-02-26 00:00:00+05:30,54.835602545758235,55.68503674988569,54.788412556721234,55.071556091308594,97927,0.0,0.0
2014-02-28 00:00:00+05:30,55.590657356838605,56.487277959073566,54.97717669180534,55.73222732543945,196389,0.0,0.0
2014-03-03 00:00:00+05:30,55.30751312178326,55.968183811026186,54.74122601692681,55.16594314575195,92590,0.0,0.0
2014-03-04 00:00:00+05:30,55.02436622651068,58.18614590424373,55.02436622651068,57.006378173828125,263713,0.0,0.0
2014-03-05 00:00:00+05:30,57.43109167648544,57.90299876865168,56.44008750300941,57.006378173828125,352986,0.0,0.0
2014-03-06 00:00:00+05:30,57.00638677718343,58.70525184530009,57.00638677718343,57.90300750732422,280633,0.0,0.0
2014-03-07 00:00:00+05:30,58.091761731526645,61.15916139960441,58.04457174286568,59.790626525878906,503374,0.0,0.0
2014-03-10 00:00:00+05:30,59.93220154500989,60.6400621931793,59.1771509070356,59.507484436035156,232241,0.0,0.0
2014-03-11 00:00:00+05:30,59.885005423539695,60.356912474000424,58.61085422707668,58.799617767333984,166396,0.0,0.0
2014-03-12 00:00:00+05:30,58.56367548978162,59.55467976600738,58.18615193712531,58.469295501708984,171331,0.0,0.0
2014-03-13 00:00:00+05:30,58.89400386789115,65.595082832184,58.65805033252359,62.19735336303711,3920661,0.0,0.0
2014-03-14 00:00:00+05:30,61.725446292301974,63.4243074265102,60.54567861546413,62.19735336303711,968388,0.0,0.0
2014-03-18 00:00:00+05:30,61.253537940097786,63.14116618354777,60.54567734880405,62.05577850341797,772131,0.0,0.0
2014-03-19 00:00:00+05:30,62.291741108181235,65.68947100120849,61.5366868205168,64.46251678466797,1602322,0.0,0.0
2014-03-20 00:00:00+05:30,64.1793694390191,65.78385079470205,63.424315153561636,63.707462310791016,1091211,0.0,0.0
2014-03-21 00:00:00+05:30,64.17935685722837,66.53889203580295,63.80182978851045,66.25574493408203,1323284,0.0,0.0
2014-03-24 00:00:00+05:30,65.45351130291868,65.45351130291868,63.32992941868082,63.7546501159668,635363,0.0,0.0
2014-03-25 00:00:00+05:30,63.42431332724146,64.32094116549497,61.86702560951637,62.15016555786133,408956,0.0,0.0
2014-03-26 00:00:00+05:30,62.48049909796268,63.47150691899785,61.772638426003596,62.15016555786133,466225,0.0,0.0
2014-03-27 00:00:00+05:30,61.8670198536686,63.188353891142626,61.8670198536686,62.19735336303711,256559,0.0,0.0
2014-03-28 00:00:00+05:30,62.62207626859297,63.94341770560793,62.29174270952211,63.32993698120117,408161,0.0,0.0
2014-03-31 00:00:00+05:30,63.849032473721856,65.97261443714456,63.61307892223044,64.7928466796875,737626,0.0,0.0
2014-04-01 00:00:00+05:30,65.12318094586995,65.59508805417335,64.55689385605206,65.02880096435547,327520,0.0,0.0
2014-04-02 00:00:00+05:30,65.26474630124652,66.96360735680238,64.88721922199073,66.30294036865234,967991,0.0,0.0
2014-04-03 00:00:00+05:30,66.53890301555812,66.77485657235087,64.9344217096598,65.26475524902344,438176,0.0,0.0
2014-04-04 00:00:00+05:30,65.17036392856026,71.49391527018574,64.84002324593592,68.80404663085938,4835967,0.0,0.0
2014-04-07 00:00:00+05:30,68.70967382636694,69.74786796370272,66.91642547966117,67.71866607666016,1016933,0.0,0.0
2014-04-09 00:00:00+05:30,67.95462830977782,69.65349689781488,67.67148114486113,69.0400161743164,661764,0.0,0.0
2014-04-10 00:00:00+05:30,69.13439040222207,71.06921239957322,68.70967689096496,70.59730529785156,1115867,0.0,0.0
2014-04-11 00:00:00+05:30,69.7478739086092,75.8826664802602,69.7478739086092,73.05122375488281,3903628,0.0,0.0
2014-04-15 00:00:00+05:30,73.42874938219744,74.08941645757767,70.88044666130708,72.15459442138672,781875,0.0,0.0
2014-04-16 00:00:00+05:30,72.48494110703685,75.22199681595097,70.59731250738206,71.02202606201172,819662,0.0,0.0
2014-04-17 00:00:00+05:30,70.88044279291886,72.95683828929258,70.88044279291886,72.24897766113281,578526,0.0,0.0
2014-04-21 00:00:00+05:30,72.95683071735166,74.27816465886194,72.24897016265832,73.3343505859375,527145,0.0,0.0
2014-04-22 00:00:00+05:30,73.52312125775909,77.72309120401869,73.33435411365568,75.36355590820312,2519005,0.0,0.0
2014-04-23 00:00:00+05:30,75.45794644176121,79.23320344348997,75.45794644176121,76.73210144042969,1989378,0.0,0.0
2014-04-24 00:00:00+05:30,76.73210144042969,76.73210144042969,76.73210144042969,76.73210144042969,0,0.0,0.0
2014-04-25 00:00:00+05:30,76.73209399075056,77.34556743338625,73.75907795038374,74.37255859375,545175,0.0,0.0
2014-04-28 00:00:00+05:30,74.9860301736358,75.78827794927157,73.6175025576637,74.32536315917969,456783,0.0,0.0
2014-04-29 00:00:00+05:30,73.90064953450852,75.646704241365,72.29616118709497,72.81526184082031,607477,0.0,0.0
2014-04-30 00:00:00+05:30,73.0040184117243,74.37255316248181,67.62428097972594,69.9366226196289,669270,0.0,0.0
2014-05-02 00:00:00+05:30,70.03100770571102,71.77706966015137,68.89843359539404,70.07820129394531,401318,0.0,0.0
2014-05-05 00:00:00+05:30,69.37034932157992,71.06921789954386,69.08720215834211,69.46472930908203,375270,0.0,0.0
2014-05-06 00:00:00+05:30,69.37035115828502,71.02202618586324,68.7096840275464,69.51192474365234,255465,0.0,0.0
2014-05-07 00:00:00+05:30,69.08719081954672,70.21977208588389,68.09619031232327,68.28495025634766,346493,0.0,0.0
2014-05-08 00:00:00+05:30,68.61529479341631,69.18158911802108,66.77485984064518,67.29396057128906,234949,0.0,0.0
2014-05-09 00:00:00+05:30,66.7276589388181,72.6736910901202,66.7276589388181,71.82425689697266,1454977,0.0,0.0
2014-05-12 00:00:00+05:30,72.20179370038583,76.68491160988691,70.92764583993711,74.04222869873047,1349125,0.0,0.0
2014-05-13 00:00:00+05:30,74.79727218784936,78.14781533649321,73.61750448772555,75.88265991210938,1302993,0.0,0.0
2014-05-14 00:00:00+05:30,76.35458119466156,78.05344267840198,75.17481327509242,76.49615478515625,861076,0.0,0.0
2014-05-15 00:00:00+05:30,76.44895731448422,78.24220590151349,73.85346802294309,74.23099517822266,668247,0.0,0.0
2014-05-16 00:00:00+05:30,75.97704858096066,77.86467711713358,73.71189289740684,77.20401000976562,2074719,0.0,0.0
2014-05-19 00:00:00+05:30,77.77028848498156,89.52077193609952,77.77028848498156,89.00167846679688,5887158,0.0,0.0
2014-05-20 00:00:00+05:30,90.51177194039938,94.85331527920194,88.71852374373117,91.3612060546875,3483209,0.0,0.0
2014-05-21 00:00:00+05:30,91.5499699971762,100.79935128955418,88.71852762612951,97.92071533203125,5348811,0.0,0.0
2014-05-22 00:00:00+05:30,98.67577102310214,103.25326815294773,96.45780203788267,98.39262390136719,2783231,0.0,0.0
2014-05-23 00:00:00+05:30,99.0532982418438,101.83755447567258,96.5993827413749,97.73196411132812,1440705,0.0,0.0
2014-05-26 00:00:00+05:30,99.14769258635228,102.78137610925529,87.20844055332968,94.05109405517578,1982145,0.0,0.0
2014-05-27 00:00:00+05:30,94.33422007809199,94.99489429418675,87.72752112152682,93.01288604736328,1164757,0.0,0.0
2014-05-28 00:00:00+05:30,92.9657102338879,99.47803046199189,91.6915623459556,96.97692108154297,2500801,0.0,0.0
2014-05-29 00:00:00+05:30,97.0240991569398,97.87352614585902,92.82412179728856,93.531982421875,761832,0.0,0.0
2014-05-30 00:00:00+05:30,93.81513250377144,97.2128621685453,93.20165183634803,94.47579956054688,787100,0.0,0.0
2014-06-02 00:00:00+05:30,94.1926733415357,99.00612500111215,94.1926733415357,98.53421783447266,1542527,0.0,0.0
2014-06-03 00:00:00+05:30,98.91172735145307,103.53641099839422,98.91172735145307,101.69597625732422,2414166,0.0,0.0
2014-06-04 00:00:00+05:30,102.3094707260755,104.66900645683955,101.97913716391486,103.15890502929688,1381960,0.0,0.0
2014-06-05 00:00:00+05:30,104.00831623869183,107.5004329070452,102.40383506723927,105.9431381225586,2225301,0.0,0.0
2014-06-06 00:00:00+05:30,107.07571581487792,107.50043651621391,103.15889272940737,104.10270690917969,1424888,0.0,0.0
2014-06-09 00:00:00+05:30,105.0465247495767,107.31167309938078,104.81057119641119,106.36785888671875,1264139,0.0,0.0
2014-06-10 00:00:00+05:30,107.59481386434511,114.10713298575422,107.59481386434511,113.49365234375,4127818,0.0,0.0
2014-06-11 00:00:00+05:30,114.48466133392537,117.97677087142736,109.19929623830092,110.52063751220703,2995904,0.0,0.0
2014-06-12 00:00:00+05:30,110.33188665346876,113.1633293877713,107.7363974803581,111.41727447509766,1029710,0.0,0.0
2014-06-13 00:00:00+05:30,112.3138932698226,112.6914204016321,102.68699101270168,103.39485168457031,1363959,0.0,0.0
2014-06-16 00:00:00+05:30,103.72518153400675,104.5746157501718,97.307242123794,102.21508026123047,1110238,0.0,0.0
2014-06-17 00:00:00+05:30,102.30944939289621,108.77457450695996,101.17686815785206,107.92514038085938,1166428,0.0,0.0
2014-06-18 00:00:00+05:30,108.82177140832444,109.19929129744715,102.40383248301391,104.5746078491211,1022027,0.0,0.0
2014-06-19 00:00:00+05:30,105.61280865908515,110.14311242310518,103.34765317670973,106.69819641113281,1565190,0.0,0.0
2014-06-20 00:00:00+05:30,107.54761715669727,109.24648546978082,104.90494191501551,106.74537658691406,1156968,0.0,0.0
2014-06-23 00:00:00+05:30,107.83077134970495,111.3700745668725,107.12291070627144,108.44425201416016,996714,0.0,0.0
2014-06-24 00:00:00+05:30,109.19930600237885,110.33188742445293,107.12291752967329,108.20830535888672,1288505,0.0,0.0
2014-06-25 00:00:00+05:30,109.10492269122709,111.08693111851932,108.63301557993222,109.19930267333984,948841,0.0,0.0
2014-06-26 00:00:00+05:30,108.72739264538198,109.5768268630725,106.74538427125806,107.17010498046875,485345,0.0,0.0
2014-06-27 00:00:00+05:30,106.6981963500861,108.16110401441705,105.42404144147653,106.27347564697266,466785,0.0,0.0
2014-06-30 00:00:00+05:30,106.17909687107043,109.95435364870848,106.17909687107043,109.10491943359375,1057658,0.0,0.0
2014-07-01 00:00:00+05:30,109.85995614986271,110.80377019376061,106.7925605071945,107.547607421875,1002311,0.0,0.0
2014-07-02 00:00:00+05:30,108.44425746858761,109.29369172357804,107.1229160942393,107.73639678955078,528945,0.0,0.0
2014-07-03 00:00:00+05:30,108.16109557477226,108.77457618646888,106.08470741289314,106.46223449707031,515154,0.0,0.0
2014-07-04 00:00:00+05:30,106.27348836603524,107.54763622640708,105.75439482330016,106.4150619506836,468361,0.0,0.0
2014-07-07 00:00:00+05:30,106.08471479394187,111.08692560495467,106.08471479394187,108.82177734375,1296608,0.0,0.0
2014-07-08 00:00:00+05:30,108.68020202666477,109.6712025747965,99.28924680882425,100.61058807373047,779935,0.0,0.0
2014-07-09 00:00:00+05:30,100.37464102587444,102.07350950502759,94.94770925173604,97.7791519165039,833163,0.0,0.0
2014-07-10 00:00:00+05:30,97.26005807914437,101.93193557958283,93.43760761461759,98.62858581542969,825820,0.0,0.0
2014-07-11 00:00:00+05:30,99.10049012227469,99.85554435587959,91.17244947234654,92.3050308227539,540208,0.0,0.0
2014-07-14 00:00:00+05:30,92.49379439933674,92.96570151361907,89.09606461665018,90.03987884521484,469633,0.0,0.0
2014-07-15 00:00:00+05:30,90.84210684177486,93.72074271809198,90.32300620810125,91.40839385986328,546569,0.0,0.0
2014-07-16 00:00:00+05:30,91.59716117069696,96.17465810982414,90.60615348664474,95.27803039550781,914199,0.0,0.0
2014-07-17 00:00:00+05:30,95.23085096246608,97.44881281644733,94.66456390198395,95.46680450439453,663268,0.0,0.0
2014-07-18 00:00:00+05:30,94.7589406364783,96.83532885411374,92.96569233903111,95.37242126464844,515071,0.0,0.0
2014-07-21 00:00:00+05:30,95.41960395047673,97.02409223890746,94.7117433763623,95.27803039550781,330336,0.0,0.0
2014-07-22 00:00:00+05:30,95.56118477609687,96.92971244321537,93.76793641175732,94.61737060546875,358064,0.0,0.0
2014-07-23 00:00:00+05:30,95.13646785483066,95.70275489667588,91.7859247894233,93.01288604736328,318367,0.0,0.0
2014-07-24 00:00:00+05:30,92.72974829088282,93.72075611474196,90.88931341883715,92.21064758300781,460295,0.0,0.0
2014-07-25 00:00:00+05:30,92.49378405514877,92.7769311723444,88.71852756310187,91.2668228149414,446884,0.0,0.0
2014-07-28 00:00:00+05:30,92.35222082490581,93.20165507076022,89.756731696353,90.03987884521484,403279,0.0,0.0
2014-07-30 00:00:00+05:30,90.03986379133646,90.51177082672007,87.77470858134922,89.1904296875,312883,0.0,0.0
2014-07-31 00:00:00+05:30,88.90728675930288,90.134247989186,87.1612320865694,87.58595275878906,311133,0.0,0.0
2014-08-01 00:00:00+05:30,86.73653268339282,88.67134761266732,85.60395124117056,86.2646255493164,368657,0.0,0.0
2014-08-04 00:00:00+05:30,86.45338152796215,88.1522500124314,85.03766019114815,85.93428802490234,394999,0.0,0.0
2014-08-05 00:00:00+05:30,86.02867480497079,87.96348979772863,85.03766691060171,86.78372192382812,549737,0.0,0.0
2014-08-06 00:00:00+05:30,86.45336859300834,87.96346968619255,85.17922102065698,85.36798095703125,390693,0.0,0.0
2014-08-07 00:00:00+05:30,85.22642914869442,85.98147622376754,83.19722708311004,83.62194061279297,327167,0.0,0.0
2014-08-08 00:00:00+05:30,82.67812119720263,82.67812119720263,80.17701216585814,80.46015930175781,311619,0.0,0.0
2014-08-11 00:00:00+05:30,80.74331735681044,82.01746523920411,80.36579019146704,80.9792709350586,262404,0.0,0.0
2014-08-12 00:00:00+05:30,81.26240685593697,82.58374826837729,80.97926689659852,82.1590347290039,278099,0.0,0.0
2014-08-13 00:00:00+05:30,82.25340296920943,86.54775294546928,80.46015467989272,81.40396881103516,1176712,0.0,0.0
2014-08-14 00:00:00+05:30,80.69611469743325,81.49835533322646,79.6107269192514,80.50735473632812,465833,0.0,0.0
2014-08-18 00:00:00+05:30,80.22421382347086,86.78372019109734,80.03545384770824,85.6511459350586,937658,0.0,0.0
2014-08-19 00:00:00+05:30,85.65113429430507,87.01966193441773,84.47136660430087,85.32080078125,665925,0.0,0.0
2014-08-20 00:00:00+05:30,85.79270853380852,87.06685620891483,84.18822014231158,85.13203430175781,500267,0.0,0.0
2014-08-21 00:00:00+05:30,85.13203430175781,86.83090266905326,84.61294083450073,85.13203430175781,398369,0.0,0.0
2014-08-22 00:00:00+05:30,85.226423944564,85.65113744831291,83.05564843472766,83.48036193847656,280190,0.0,0.0
2014-08-25 00:00:00+05:30,83.76350361627223,85.2264183907077,82.48935598732571,83.10283660888672,278154,0.0,0.0
2014-08-26 00:00:00+05:30,83.008455852736,83.008455852736,79.94105970853656,81.35678100585938,214608,0.0,0.0
2014-08-27 00:00:00+05:30,81.02645608123927,84.1882325408791,81.02645608123927,82.67813110351562,592908,0.0,0.0
2014-08-28 00:00:00+05:30,82.67812816441406,85.79271811885101,82.20622103196794,83.24441528320312,1174964,0.0,0.0
2014-09-01 00:00:00+05:30,82.86689141891374,85.36799334201166,82.86689141891374,84.8488998413086,324485,0.0,0.0
2014-09-02 00:00:00+05:30,84.47137160681402,86.54775998389584,84.47137160681402,85.03765869140625,385191,0.0,0.0
2014-09-03 00:00:00+05:30,85.60393911583728,85.88708623646944,84.04665155455154,84.4241714477539,283491,0.0,0.0
2014-09-04 00:00:00+05:30,84.47136971486506,84.5185633044953,81.8286871116496,83.48036193847656,239501,0.0,0.0
2014-09-05 00:00:00+05:30,84.00539677455195,86.8214838668338,83.2894416884052,84.62589263916016,565933,1.0,0.0
2014-09-08 00:00:00+05:30,84.96000922157904,86.63057120065503,84.14859485978515,85.67596435546875,343236,0.0,0.0
2014-09-09 00:00:00+05:30,85.34183866928082,87.15559281833424,84.05312110758294,85.48503112792969,477470,0.0,0.0
2014-09-10 00:00:00+05:30,84.67362124701636,88.77843344873506,84.57816202250308,87.29878997802734,724165,0.0,0.0
2014-09-11 00:00:00+05:30,88.1102125146866,90.49672956781384,87.8238275550825,89.0648193359375,739314,0.0,0.0
2014-09-12 00:00:00+05:30,88.77843787776156,89.63758550738663,86.86922415996024,87.15560913085938,341969,0.0,0.0
2014-09-15 00:00:00+05:30,86.39191484446935,87.68063255956805,85.6759597490732,86.20099639892578,273192,0.0,0.0
2014-09-16 00:00:00+05:30,85.91460517991597,88.30112199046918,81.95298581778334,83.0030517578125,469975,0.0,0.0
2014-09-17 00:00:00+05:30,83.337169937747,84.62588755883148,82.28709671464654,83.0030517578125,223217,0.0,0.0
2014-09-18 00:00:00+05:30,82.573496844419,85.43731754422544,82.573496844419,85.05547332763672,317942,0.0,0.0
2014-09-19 00:00:00+05:30,84.48269700037793,86.48736970987429,83.71900869053574,84.29177856445312,271159,0.0,0.0
2014-09-22 00:00:00+05:30,83.81448315725852,85.34185263903187,83.48036493802846,84.00540161132812,240262,0.0,0.0
2014-09-23 00:00:00+05:30,83.67128320467113,85.05546008077147,80.99838138791075,81.76206970214844,305740,0.0,0.0
2014-09-24 00:00:00+05:30,81.28477490179404,82.47803346675556,78.8027985432885,79.13690948486328,259321,0.0,0.0
2014-09-25 00:00:00+05:30,79.7096699034547,79.99605486424086,75.41393919009487,76.17762756347656,204293,0.0,0.0
2014-09-26 00:00:00+05:30,75.41393060989891,77.3231440430609,72.02507385280785,76.75038146972656,230658,0.0,0.0
2014-09-29 00:00:00+05:30,77.37089984417756,79.47103231957357,75.89125608896215,76.94132232666016,280741,0.0,0.0
2014-09-30 00:00:00+05:30,76.41627538813349,78.65959985676619,75.60485380148036,76.12989044189453,214046,0.0,0.0
2014-10-01 00:00:00+05:30,75.65258484284513,76.79811002818327,74.93662978124092,75.12754821777344,137778,0.0,0.0
2014-10-07 00:00:00+05:30,74.45932817005743,75.89123832717392,73.98202478435194,74.2684097290039,161028,0.0,0.0
2014-10-08 00:00:00+05:30,73.60018410868847,75.413938516977,73.5047248836358,74.3161392211914,180451,0.0,0.0
2014-10-09 00:00:00+05:30,74.45933212911761,77.46634507556178,74.45933212911761,76.27308654785156,329490,0.0,0.0
2014-10-10 00:00:00+05:30,75.22302763324842,75.8435163000391,74.26842072055783,74.50707244873047,135057,0.0,0.0
2014-10-13 00:00:00+05:30,74.2684162376159,75.50940077936251,73.60018706922403,74.84117889404297,195037,0.0,0.0
2014-10-14 00:00:00+05:30,74.93663875873273,75.70032716249654,74.31614284105868,74.45933532714844,126330,0.0,0.0
2014-10-15 00:00:00+05:30,74.45933532714844,74.45933532714844,74.45933532714844,74.45933532714844,0,0.0,0.0
2014-10-16 00:00:00+05:30,74.17295090734343,74.93663931679451,71.21367106609725,72.02508544921875,146635,0.0,0.0
2014-10-17 00:00:00+05:30,72.07281494140625,73.31380672117584,71.69097075662545,72.07281494140625,152936,0.0,0.0
2014-10-20 00:00:00+05:30,73.02742390987368,74.17294921483887,72.83650545340357,73.07515716552734,157833,0.0,0.0
2014-10-21 00:00:00+05:30,72.45465448988413,75.84350411566844,72.45465448988413,74.6502456665039,294785,0.0,0.0
2014-10-22 00:00:00+05:30,75.17527093319767,77.80043912451569,74.45931597192912,77.13221740722656,577145,0.0,0.0
2014-10-27 00:00:00+05:30,77.2276883739424,79.51874605554545,74.93663069233936,76.79811096191406,518270,0.0,0.0
2014-10-28 00:00:00+05:30,77.22770733833842,77.89592932148987,76.41629284934784,76.94132232666016,156890,0.0,0.0
2014-10-29 00:00:00+05:30,77.13224085855394,79.66194333104518,76.84585587374569,78.70733642578125,290060,0.0,0.0
2014-10-30 00:00:00+05:30,78.75506466465818,78.75506466465818,76.98904345909544,77.27542114257812,173030,0.0,0.0
2014-10-31 00:00:00+05:30,77.8004561922135,79.23236642888,77.60953774055346,78.32549285888672,286181,0.0,0.0
2014-11-03 00:00:00+05:30,78.99370215686898,81.80978892778276,77.99136223742052,81.09383392333984,542639,0.0,0.0
2014-11-05 00:00:00+05:30,81.14157616058526,83.9099372744431,81.14157616058526,82.573486328125,647154,0.0,0.0
2014-11-07 00:00:00+05:30,83.2417173420508,83.33718385687499,79.13691211215003,79.66194152832031,229098,0.0,0.0
2014-11-10 00:00:00+05:30,80.18695987563535,80.42561154193189,78.8027831243438,79.23235321044922,161541,0.0,0.0
2014-11-11 00:00:00+05:30,79.23237073632981,79.66194091745442,77.46634947171286,78.08684539794922,228922,0.0,0.0
2014-11-12 00:00:00+05:30,78.27775025656656,80.4733486038207,78.27775025656656,79.18462371826172,272444,0.0,0.0
2014-11-13 00:00:00+05:30,79.66193111507174,79.99604930713602,76.7503848703393,76.9890365600586,207281,0.0,0.0
2014-11-14 00:00:00+05:30,75.03208083282156,76.03442072319879,74.60251075584316,75.50938415527344,241725,0.0,0.0
2014-11-17 00:00:00+05:30,75.74805260742319,78.46868069186111,75.36620840820488,76.89358520507812,246337,0.0,0.0
2014-11-18 00:00:00+05:30,77.32314979225579,79.13690414523171,77.13223134797278,77.80045318603516,245395,0.0,0.0
2014-11-19 00:00:00+05:30,77.56180122172232,79.04144465056542,75.3662027046787,75.748046875,303091,0.0,0.0
2014-11-20 00:00:00+05:30,75.41394519229667,76.27309285996269,74.50707154941584,74.984375,158242,0.0,0.0
2014-11-21 00:00:00+05:30,75.12755399140651,78.18230019218791,74.55479135472002,76.27308654785156,589546,0.0,0.0
2014-11-24 00:00:00+05:30,76.55945857963427,77.08449520634261,74.7934375454531,75.03208923339844,252644,0.0,0.0
2014-11-25 00:00:00+05:30,74.84117068957885,75.5571257523942,72.55011303195542,72.88422393798828,242114,0.0,0.0
2014-11-26 00:00:00+05:30,72.5978537412798,74.2684157261462,72.5978537412798,73.07515716552734,317253,0.0,0.0
2014-11-27 00:00:00+05:30,72.88423230240662,73.69564667677012,72.263736386809,72.59785461425781,180372,0.0,0.0
2014-11-28 00:00:00+05:30,71.88189649055187,73.64791765170702,71.78642998205264,72.07281494140625,274006,0.0,0.0
2014-12-01 00:00:00+05:30,72.12054419783311,74.84117202859301,71.69096678261523,72.21600341796875,403200,0.0,0.0
2014-12-02 00:00:00+05:30,71.64324081408324,73.31380265720777,71.5955075624796,72.21600341796875,143818,0.0,0.0
2014-12-03 00:00:00+05:30,72.16827127814152,74.45932901204971,72.16827127814152,73.79110717773438,257660,0.0,0.0
2014-12-04 00:00:00+05:30,73.79110923296096,76.08215974760762,73.79110923296096,74.69798278808594,488701,0.0,0.0
2014-12-05 00:00:00+05:30,74.84117928276059,75.84351211594593,74.12522413774006,74.55479431152344,246376,0.0,0.0
2014-12-08 00:00:00+05:30,74.0297650511332,75.17529037214648,72.16827730064615,72.40692901611328,190618,0.0,0.0
2014-12-09 00:00:00+05:30,72.16826852772179,73.4092602105223,70.30678828659252,70.83181762695312,154728,0.0,0.0
2014-12-10 00:00:00+05:30,70.1635954684059,71.59550558000603,70.1635954684059,71.11820220947266,88731,0.0,0.0
2014-12-11 00:00:00+05:30,71.11820817237827,71.40459313193882,69.06580205038651,69.9249496459961,148729,0.0,0.0
2014-12-12 00:00:00+05:30,70.16358735087486,70.83180907908351,68.73167740493864,69.06578826904297,142472,0.0,0.0
2014-12-15 00:00:00+05:30,68.5884967460398,72.88422732240645,67.77708242711824,70.97501373291016,747895,0.0,0.0
2014-12-16 00:00:00+05:30,70.21134042304257,70.40225888985378,66.05879458070832,66.77474975585938,217158,0.0,0.0
2014-12-17 00:00:00+05:30,66.297437486164,67.49069595267575,63.958653805029655,65.39056396484375,148698,0.0,0.0
2014-12-18 00:00:00+05:30,66.82247441399178,69.06579888413287,66.53608946756026,67.4429702758789,144956,0.0,0.0
2014-12-19 00:00:00+05:30,67.77708119133452,68.63622874755733,66.82247441399178,67.4429702758789,161698,0.0,0.0
2014-12-22 00:00:00+05:30,67.53842481328103,68.25437984663736,67.20431392099565,67.8725357055664,105950,0.0,0.0
2014-12-23 00:00:00+05:30,67.77708131949437,68.25438470906828,66.91793376164699,67.25204467773438,94725,0.0,0.0
2014-12-24 00:00:00+05:30,67.20432658053117,67.82482251627277,66.87021562530805,67.1565933227539,116608,0.0,0.0
2014-12-26 00:00:00+05:30,66.96567485778999,67.96800772345941,66.67928987727154,67.1565933227539,142688,0.0,0.0
2014-12-29 00:00:00+05:30,67.15659268030095,68.34985128259154,67.15659268030095,67.53843688964844,146359,0.0,0.0
2014-12-30 00:00:00+05:30,67.68163274366549,68.97035064159984,67.10887004270278,67.77709197998047,218426,0.0,0.0
2014-12-31 00:00:00+05:30,67.4429702758789,68.34984380112581,67.1565853294474,67.4429702758789,199274,0.0,0.0
2015-01-01 00:00:00+05:30,67.7770871923974,71.30912966806804,67.34751701778721,70.44998931884766,490411,0.0,0.0
2015-01-02 00:00:00+05:30,70.1636008687019,71.50005186567253,69.49537901175259,70.1158676147461,252761,0.0,0.0
2015-01-05 00:00:00+05:30,69.68631288672891,71.11822342549732,69.68631288672891,70.02042388916016,134899,0.0,0.0
2015-01-06 00:00:00+05:30,69.20899246906365,69.30445169171695,66.48836456654931,66.87020874023438,164543,0.0,0.0
2015-01-07 00:00:00+05:30,66.82246576489219,67.49068750931279,65.1996373666874,65.77239990234375,186557,0.0,0.0
2015-01-08 00:00:00+05:30,66.20197040054292,68.49302784067802,66.20197040054292,67.72933959960938,184440,0.0,0.0
2015-01-09 00:00:00+05:30,68.20665218083035,68.39757790852944,66.822475249603,66.96566772460938,123438,0.0,0.0
2015-01-12 00:00:00+05:30,67.34750788427267,67.53842631752475,66.48836036849553,67.10885620117188,102340,0.0,0.0
2015-01-13 00:00:00+05:30,67.77709651510058,71.73871699337255,66.82248952193015,69.3044662475586,1004379,0.0,0.0
2015-01-14 00:00:00+05:30,69.20898563059919,70.64089567812883,67.77707558306955,68.54076385498047,241416,0.0,0.0
2015-01-15 00:00:00+05:30,68.73168216345377,69.49537043405392,68.11118635397504,68.44529724121094,134011,0.0,0.0
2015-01-16 00:00:00+05:30,67.92027996534209,69.63856795411719,67.87254670881818,68.11119842529297,148663,0.0,0.0
2015-01-19 00:00:00+05:30,67.82480973985206,68.9703348799937,67.77707649106647,67.8725357055664,112029,0.0,0.0
2015-01-20 00:00:00+05:30,67.92026792786055,70.44997713076856,67.92026792786055,68.44529724121094,323102,0.0,0.0
2015-01-21 00:00:00+05:30,68.54076868138536,69.11353128411496,67.44296944436184,67.92027282714844,150198,0.0,0.0
2015-01-22 00:00:00+05:30,68.636239672961,68.82715814559094,67.34752177502665,67.77709197998047,159068,0.0,0.0
2015-01-23 00:00:00+05:30,68.25438458000589,68.5884954954615,67.01339285623163,67.4429702758789,159827,0.0,0.0
2015-01-27 00:00:00+05:30,67.58616651965454,68.68395854838595,67.1565890760416,67.3952407836914,141716,0.0,0.0
2015-01-28 00:00:00+05:30,67.39523052668217,67.68161544550533,66.34516462944899,66.67927551269531,161896,0.0,0.0
2015-01-29 00:00:00+05:30,66.6315645472873,67.87254914770553,66.20198707235306,66.77474975585938,123033,0.0,0.0
2015-01-30 00:00:00+05:30,67.68162725767355,68.15893068363307,66.34517620837246,66.53609466552734,137297,0.0,0.0
2015-02-02 00:00:00+05:30,66.53609428089777,67.25204941569827,66.53609428089777,66.82247924804688,77663,0.0,0.0
2015-02-03 00:00:00+05:30,67.10886372720054,68.01573731145777,66.82247876213394,67.01339721679688,145558,0.0,0.0
2015-02-04 00:00:00+05:30,67.5384402476566,68.68396564958203,67.10887004270278,67.77709197998047,263387,0.0,0.0
2015-02-05 00:00:00+05:30,68.11119103113582,70.21133027796617,67.20431752021081,68.01573181152344,475827,0.0,0.0
2015-02-06 00:00:00+05:30,65.86786128679108,67.39523052668217,64.6746029301463,66.67927551269531,372806,0.0,0.0
2015-02-09 00:00:00+05:30,66.2019782654574,66.2019782654574,65.1519122715414,65.39056396484375,124803,0.0,0.0
2015-02-10 00:00:00+05:30,65.19964865887998,66.05878896962712,65.00872292521346,65.72467803955078,134305,0.0,0.0
2015-02-11 00:00:00+05:30,66.1542464316886,67.15657908485294,65.19963974311052,66.58381652832031,119525,0.0,0.0
2015-02-12 00:00:00+05:30,66.58382378920261,67.53843058187935,65.62921699652587,66.87020874023438,140202,0.0,0.0
2015-02-13 00:00:00+05:30,67.29977888371018,68.1589264537336,66.53609053634004,66.87020874023438,129578,0.0,0.0
2015-02-16 00:00:00+05:30,68.44530387815036,68.44530387815036,66.583823552283,66.96566772460938,189846,0.0,0.0
2015-02-18 00:00:00+05:30,68.11119150359706,68.73168735998907,67.58616215055125,67.82481384277344,175460,0.0,0.0
2015-02-19 00:00:00+05:30,68.1589283879159,77.80045581093938,67.92027668297438,74.2206802368164,3700250,0.0,0.0
2015-02-20 00:00:00+05:30,74.17295395499279,75.70033083665245,71.21367399215447,72.55012512207031,936323,0.0,0.0
2015-02-23 00:00:00+05:30,72.78876270289167,74.69797615083638,71.30911936750601,71.78642272949219,339612,0.0,0.0
2015-02-24 00:00:00+05:30,71.83416457231266,72.21600876419521,68.77942560339667,69.16126251220703,331443,0.0,0.0
2015-02-25 00:00:00+05:30,69.35218471740698,70.87955412407229,68.82714806992587,69.11353302001953,252795,0.0,0.0
2015-02-26 00:00:00+05:30,69.87721171703845,70.16359665744031,67.7770797643301,68.30211639404297,231749,0.0,0.0
2015-02-27 00:00:00+05:30,69.01807693314268,70.35452067276904,68.34984778025735,69.44764709472656,368947,0.0,0.0
2015-03-02 00:00:00+05:30,68.82714574068427,69.49537484059807,67.82481301542093,68.30211639404297,145096,0.0,0.0
2015-03-03 00:00:00+05:30,69.16125079431136,70.83181247806836,67.96799244877064,69.49536895751953,532426,0.0,0.0
2015-03-04 00:00:00+05:30,69.78175609592694,70.64090367835921,68.01573496058235,68.34984588623047,295180,0.0,0.0
2015-03-05 00:00:00+05:30,68.25439052522327,70.59317442020128,67.87254632441174,70.35452270507812,285356,0.0,0.0
2015-03-09 00:00:00+05:30,70.92729239085305,70.92729239085305,68.11119779275944,68.4930419921875,136805,0.0,0.0
2015-03-10 00:00:00+05:30,69.16126175416403,70.35452028879814,67.5861663149047,69.7340316772461,286385,0.0,0.0
2015-03-11 00:00:00+05:30,70.35452270507812,70.83182613532443,68.15893129578848,70.35452270507812,257113,0.0,0.0
2015-03-12 00:00:00+05:30,72.55011575633081,73.12287837147696,68.82714783327316,69.20899200439453,765212,0.0,0.0
2015-03-13 00:00:00+05:30,69.87721099960177,70.4499808745248,67.77707906845569,68.58849334716797,266695,0.0,0.0
2015-03-16 00:00:00+05:30,69.97269040960437,70.64091234286177,67.77709157220521,68.0634765625,357847,0.0,0.0
2015-03-17 00:00:00+05:30,68.68396498304872,68.68396498304872,67.39524709762055,68.158935546875,224880,0.0,0.0
2015-03-18 00:00:00+05:30,69.63855561210423,70.78408801800445,68.15891960203922,68.44529724121094,852199,0.0,0.0
2015-03-19 00:00:00+05:30,69.11353599199889,69.11353599199889,67.01339659483729,67.3952407836914,180242,0.0,0.0
2015-03-20 00:00:00+05:30,67.39524022040973,69.59083882566625,65.29510812387294,65.62921905517578,344743,0.0,0.0
2015-03-23 00:00:00+05:30,65.86787290661054,66.01106539128286,64.05411842792999,64.38822937011719,181076,0.0,0.0
2015-03-24 00:00:00+05:30,64.81780197400074,64.86552794327211,62.62220346150858,62.90858840942383,203711,0.0,0.0
2015-03-25 00:00:00+05:30,63.004046730664776,63.481350114988,61.094833193371905,61.2380256652832,191426,0.0,0.0
2015-03-26 00:00:00+05:30,61.0948292395191,61.0948292395191,58.61285325827787,58.994693756103516,214367,0.0,0.0
2015-03-27 00:00:00+05:30,59.471999292878614,59.94930266383516,57.37186373236266,57.75370788574219,223451,0.0,0.0
2015-03-30 00:00:00+05:30,58.61285885136264,60.90391298154524,57.801440888175016,60.140228271484375,343410,0.0,0.0
2015-03-31 00:00:00+05:30,63.00404753784678,63.00404753784678,60.18795680595403,60.712989807128906,519218,0.0,0.0
2015-04-01 00:00:00+05:30,60.808454121338144,62.574478893027496,59.758384452392484,62.001708984375,253656,0.0,0.0
2015-04-06 00:00:00+05:30,62.43128628292592,62.62220473002227,61.47667948130036,62.19263458251953,148668,0.0,0.0
2015-04-07 00:00:00+05:30,62.669939416443185,64.43596058322075,62.240361976045136,63.481353759765625,337877,0.0,0.0
2015-04-08 00:00:00+05:30,64.14958241209735,65.24738183186855,63.481360478187675,63.95866394042969,269681,0.0,0.0
2015-04-09 00:00:00+05:30,64.10185643571685,65.62922605827673,63.19497548761333,63.95866394042969,349534,0.0,0.0
2015-04-10 00:00:00+05:30,64.24504404737951,67.96800494340589,63.672274109770264,66.53609466552734,926038,0.0,0.0
2015-04-13 00:00:00+05:30,66.53609379706735,69.06580337824829,65.8678719226749,67.01339721679688,430659,0.0,0.0
2015-04-15 00:00:00+05:30,67.156576408323,67.96799060466118,65.39055556145267,65.86785888671875,171263,0.0,0.0
2015-04-16 00:00:00+05:30,66.05879400168077,66.34517898245998,64.77007615431944,65.19965362548828,133048,0.0,0.0
2015-04-17 00:00:00+05:30,65.1041734602269,65.7246692664415,64.00638159123693,64.24503326416016,138067,0.0,0.0
2015-04-20 00:00:00+05:30,64.24504730771407,64.57915826622687,62.383559482161026,62.71767044067383,127974,0.0,0.0
2015-04-21 00:00:00+05:30,62.95630787069249,62.95630787069249,61.95397522274712,62.144893646240234,98603,0.0,0.0
2015-04-22 00:00:00+05:30,62.19263458251953,63.672270755195996,61.23802778089397,62.19263458251953,143641,0.0,0.0
2015-04-23 00:00:00+05:30,62.95632021210054,62.95632021210054,61.38122470183683,61.85852813720703,100533,0.0,0.0
2015-04-24 00:00:00+05:30,62.47900655474877,62.52673980370529,60.61752637458452,60.951637268066406,96088,0.0,0.0
2015-04-27 00:00:00+05:30,61.572135527365546,61.572135527365546,59.18561864645991,59.61519241333008,128237,0.0,0.0
2015-04-28 00:00:00+05:30,60.14022486713303,60.23568408491101,59.04242565500758,59.901573181152344,96600,0.0,0.0
2015-04-29 00:00:00+05:30,60.56980144948952,61.09483445477809,59.9015759693332,60.522071838378906,93574,0.0,0.0
2015-04-30 00:00:00+05:30,60.283417335335734,60.760720707297104,59.56746227739367,59.901573181152344,79256,0.0,0.0
2015-05-04 00:00:00+05:30,60.522077061555976,63.24270518655164,60.23569208710488,61.85852813720703,212194,0.0,0.0
2015-05-05 00:00:00+05:30,61.4766796651856,62.71766414116764,61.238027964065374,62.049442291259766,166324,0.0,0.0
2015-05-06 00:00:00+05:30,62.001704142726076,62.47900750728308,60.14022393418231,60.426605224609375,112424,0.0,0.0
2015-05-07 00:00:00+05:30,60.42661175503785,60.42661175503785,58.3264759957139,58.94697189331055,90959,0.0,0.0
2015-05-08 00:00:00+05:30,59.32881111592855,60.04476618020024,59.32881111592855,59.61519241333008,85611,0.0,0.0
2015-05-11 00:00:00+05:30,61.04711196050657,61.38122656030358,60.09250506086311,60.8084602355957,198992,0.0,0.0
2015-05-12 00:00:00+05:30,61.047106571359556,61.047106571359556,59.18562255307656,59.567466735839844,82504,0.0,0.0
2015-05-13 00:00:00+05:30,60.09249800141579,62.383552106493624,56.27407085141683,60.47433853149414,623938,0.0,0.0
2015-05-14 00:00:00+05:30,60.235691510321786,60.235691510321786,59.37654751980383,59.997039794921875,113631,0.0,0.0
2015-05-15 00:00:00+05:30,60.14022486713303,61.23802407925848,59.376540200301974,59.901573181152344,230135,0.0,0.0
2015-05-18 00:00:00+05:30,60.140232331432536,60.42661366184641,59.66292890023069,60.04477310180664,116819,0.0,0.0
2015-05-19 00:00:00+05:30,60.09250271661959,60.71299499226028,59.615199285417745,60.04477310180664,104503,0.0,0.0
2015-05-20 00:00:00+05:30,59.94930546273899,60.99937511279032,59.901575851722086,60.569801330566406,193178,0.0,0.0
2015-05-21 00:00:00+05:30,61.142567893354915,61.52440478340097,59.949305762745496,60.37887954711914,174311,0.0,0.0
2015-05-22 00:00:00+05:30,60.3311548760491,60.76072869559817,59.662929339143446,59.806121826171875,104089,0.0,0.0
2015-05-25 00:00:00+05:30,59.615196536564646,59.99703707899777,58.994700647998805,59.42427444458008,60519,0.0,0.0
2015-05-26 00:00:00+05:30,59.615197404213994,59.615197404213994,58.565127703783986,58.94697189331055,71040,0.0,0.0
2015-05-27 00:00:00+05:30,58.80377898220866,59.90157828792449,58.421938437008066,59.18562316894531,142956,0.0,0.0
2015-05-28 00:00:00+05:30,58.9946965676803,60.522069556381375,58.61285605165686,59.61519241333008,178231,0.0,0.0
2015-05-29 00:00:00+05:30,59.66292658159809,60.04477076833474,58.7560493692506,59.18562316894531,196760,0.0,0.0
2015-06-01 00:00:00+05:30,59.758388129856584,60.42661366184641,59.28108469865474,60.04477310180664,144098,0.0,0.0
2015-06-02 00:00:00+05:30,60.331149296348144,60.331149296348144,58.42193573406836,58.612857818603516,88856,0.0,0.0
2015-06-03 00:00:00+05:30,59.18561915248525,59.18561915248525,55.98768796134432,57.08548355102539,141836,0.0,0.0
2015-06-04 00:00:00+05:30,57.75371585573469,57.75371585573469,49.49636494206061,53.457984924316406,527630,0.0,0.0
2015-06-05 00:00:00+05:30,54.317131480483084,54.317131480483084,52.98068042749927,54.0784797668457,122780,0.0,0.0
2015-06-08 00:00:00+05:30,54.26939282042287,58.51739362846293,53.45797853147023,57.180946350097656,202732,0.0,0.0
2015-06-09 00:00:00+05:30,57.276410770999746,57.276410770999746,55.84450050172475,56.36953353881836,59520,0.0,0.0
2015-06-10 00:00:00+05:30,56.46499945502043,57.46733596928843,56.3218069637523,56.799110412597656,58682,0.0,0.0
2015-06-11 00:00:00+05:30,57.27641089487884,57.51506260694084,55.17627510042606,56.32180404663086,91061,0.0,0.0
2015-06-12 00:00:00+05:30,55.796772767654936,56.75137964600135,54.50805129696553,55.3671989440918,41026,0.0,0.0
2015-06-15 00:00:00+05:30,55.36719882077553,56.27407608149203,54.60351404810656,55.4149284362793,59105,0.0,0.0
2015-06-16 00:00:00+05:30,55.224000563855355,57.22867697942486,54.22166417683853,56.56045150756836,70598,0.0,0.0
2015-06-17 00:00:00+05:30,56.60818556838774,59.04243231152355,56.035422914074424,58.27874755859375,207556,0.0,0.0
2015-06-18 00:00:00+05:30,57.89690700289692,58.756050984366894,57.75371451855052,58.27874755859375,83954,0.0,0.0
2015-06-19 00:00:00+05:30,58.37419885303015,60.04476051196274,58.135547187468354,58.32646560668945,73762,0.0,0.0
2015-06-22 00:00:00+05:30,58.42193905282525,59.37654588819319,57.753713539760476,58.80377960205078,109761,0.0,0.0
2015-06-23 00:00:00+05:30,59.567463279848,59.85384457953716,58.70831573924473,59.28107833862305,91488,0.0,0.0
2015-06-24 00:00:00+05:30,59.37654060867825,60.66525826522312,59.137888921056174,59.66292190551758,156764,0.0,0.0
2015-06-25 00:00:00+05:30,59.47200102801063,66.82247388350315,59.47200102801063,65.48602294921875,2929595,0.0,0.0
2015-06-26 00:00:00+05:30,64.19730456931568,65.48602223788464,61.190291820607015,61.619869232177734,857731,0.0,0.0
2015-06-29 00:00:00+05:30,59.185625904430296,60.235692004184735,57.944637702483355,59.806121826171875,222947,0.0,0.0
2015-06-30 00:00:00+05:30,58.994696046118584,60.71298745687238,58.994696046118584,59.901573181152344,151295,0.0,0.0
2015-07-01 00:00:00+05:30,60.378874695944425,62.33582137402171,59.99703055350602,60.951637268066406,232565,0.0,0.0
2015-07-02 00:00:00+05:30,60.90391224922062,62.33582607047895,60.18795715935939,60.569801330566406,471705,0.0,0.0
2015-07-03 00:00:00+05:30,60.951642406036235,61.57213827941995,59.75838391224902,60.28342056274414,249166,0.0,0.0
2015-07-06 00:00:00+05:30,59.85384750366211,60.28342129495032,57.896904278389115,59.85384750366211,104659,0.0,0.0
2015-07-07 00:00:00+05:30,60.426609277631556,61.52440490482421,59.51973209583871,60.33115005493164,167733,0.0,0.0
2015-07-08 00:00:00+05:30,58.421939849853516,59.281083828483986,57.896906811545534,58.421939849853516,171749,0.0,0.0
2015-07-09 00:00:00+05:30,58.99470294482372,59.281084273182174,58.040096089271444,58.18328857421875,98283,0.0,0.0
2015-07-10 00:00:00+05:30,58.42193579792727,58.94696879982093,58.04009162843958,58.51739501953125,87068,0.0,0.0
2015-07-13 00:00:00+05:30,59.09016127376278,59.424272190912596,57.89690279603361,58.51739501953125,205455,0.0,0.0
2015-07-14 00:00:00+05:30,58.565127893208796,59.37654588819319,58.51739827974762,58.80377960205078,136179,0.0,0.0
2015-07-15 00:00:00+05:30,59.47200511511556,59.519734728576736,58.565127893208796,58.80377960205078,75173,0.0,0.0
2015-07-16 00:00:00+05:30,58.8037716864229,60.09249292561536,58.469660795633516,58.994693756103516,157793,0.0,0.0
2015-07-17 00:00:00+05:30,59.185620430673104,59.56746459974341,58.32647287103285,58.612857818603516,104597,0.0,0.0
2015-07-20 00:00:00+05:30,58.56512367964469,59.949304219648276,58.087820296301096,59.04242706298828,154572,0.0,0.0
2015-07-21 00:00:00+05:30,58.80378084540604,59.662928472017555,57.84917398985375,58.18328857421875,105262,0.0,0.0
2015-07-22 00:00:00+05:30,57.75371109275101,58.708317887672514,57.56278900545953,58.135555267333984,85514,0.0,0.0
2015-07-23 00:00:00+05:30,58.66058490053263,58.99469580291393,57.56278569293284,57.80143737792969,125005,0.0,0.0
2015-07-24 00:00:00+05:30,57.61051995819425,58.66058964197733,57.27640902880729,57.32413864135742,101574,0.0,0.0
2015-07-27 00:00:00+05:30,56.608182083161054,57.32413717774118,55.844497377249446,56.03541946411133,93082,0.0,0.0
2015-07-28 00:00:00+05:30,56.79910855719973,56.89456778723601,55.367198257438396,55.70130920410156,80783,0.0,0.0
2015-07-29 00:00:00+05:30,55.74903869628906,56.321801320904214,55.41492413065026,55.74903869628906,65658,0.0,0.0
2015-07-30 00:00:00+05:30,56.41725633176951,56.65590801446149,55.65357167546232,55.8922233581543,70944,0.0,0.0
2015-07-31 00:00:00+05:30,56.321803286708565,61.8585258450715,56.0354219644054,58.80377960205078,882321,0.0,0.0
2015-08-03 00:00:00+05:30,59.0901609007974,61.66759628319544,58.51739465018105,60.90391159057617,597133,0.0,0.0
2015-08-04 00:00:00+05:30,60.37888654151678,63.433625714182625,59.09016868064439,62.81313705444336,779744,0.0,0.0
2015-08-05 00:00:00+05:30,62.335826451335556,64.1973067831192,61.572138104255586,62.57447814941406,833376,0.0,0.0
2015-08-06 00:00:00+05:30,63.86319354453525,63.86319354453525,61.19029170983907,61.5244026184082,175910,0.0,0.0
2015-08-07 00:00:00+05:30,61.620086669921875,63.007492500741634,61.04598430714038,61.620086669921875,270543,0.15,0.0
2015-08-10 00:00:00+05:30,61.33303853295211,62.86397098852077,60.80678072947731,61.09383010864258,190031,0.0,0.0
2015-08-11 00:00:00+05:30,61.333041508982696,61.90714029516991,59.22801019294219,59.56290054321289,233369,0.0,0.0
2015-08-12 00:00:00+05:30,59.41937358668037,59.41937358668037,57.31434228604942,57.553550720214844,136202,0.0,0.0
2015-08-13 00:00:00+05:30,58.36685289295764,58.36685289295764,55.78340129719763,56.02260971069336,100716,0.0,0.0
2015-08-14 00:00:00+05:30,57.075130219794396,57.075130219794396,55.017936356872916,56.40534591674805,119177,0.0,0.0
2015-08-17 00:00:00+05:30,57.21865158284549,57.21865158284549,55.40066983650241,56.261817932128906,122805,0.0,0.0
2015-08-18 00:00:00+05:30,56.979452280790845,60.519738084515815,56.69240286968478,57.984127044677734,435807,0.0,0.0
2015-08-19 00:00:00+05:30,57.98411745825228,58.84526919922888,57.410018730955,57.649227142333984,130249,0.0,0.0
2015-08-20 00:00:00+05:30,57.314337333588725,57.314337333588725,55.5441928837019,56.02260971069336,140169,0.0,0.0
2015-08-21 00:00:00+05:30,55.49635717879126,55.974774051022216,54.8265728276617,55.25714874267578,100035,0.0,0.0
2015-08-24 00:00:00+05:30,54.348156502391106,54.348156502391106,47.93736961997182,49.563987731933594,164917,0.0,0.0
2015-08-25 00:00:00+05:30,49.994562988594126,51.33413168657845,46.8848533290165,48.70283889770508,156661,0.0,0.0
2015-08-26 00:00:00+05:30,49.56398495754597,50.712186128190424,48.3679428318811,49.27693557739258,70278,0.0,0.0
2015-08-27 00:00:00+05:30,51.573337732665195,51.573337732665195,49.7553522481994,50.42513656616211,68035,0.0,0.0
2015-08-28 00:00:00+05:30,51.28628472859395,53.439160548078355,49.755352272528505,51.334129333496094,153602,0.0,0.0
2015-08-31 00:00:00+05:30,51.33412721619731,51.90822595103517,50.71218387843068,50.99923324584961,59720,0.0,0.0
2015-09-01 00:00:00+05:30,50.377295143446155,50.855711987543344,48.798518097913096,49.085567474365234,86906,0.0,0.0
2015-09-02 00:00:00+05:30,50.18593306461799,50.99924032690139,48.798523337754034,49.22909927368164,116098,0.0,0.0
2015-09-03 00:00:00+05:30,49.75535202026367,50.32945077586975,49.42046168783194,49.75535202026367,50561,0.0,0.0
2015-09-04 00:00:00+05:30,49.75534848109015,50.18592434218264,48.12873058920224,48.36793899536133,64173,0.0,0.0
2015-09-07 00:00:00+05:30,48.41578606896308,49.75535477286021,47.84168728159635,48.46363067626953,63492,0.0,0.0
2015-09-08 00:00:00+05:30,49.276934942010286,49.37261685081738,47.31542661121799,49.085567474365234,123440,0.0,0.0
2015-09-09 00:00:00+05:30,50.23376641523189,51.621175931944435,49.803190544523765,50.807865142822266,137090,0.0,0.0
2015-09-10 00:00:00+05:30,50.23376971168599,50.23376971168599,49.27693600289197,49.70751190185547,56631,0.0,0.0
2015-09-11 00:00:00+05:30,50.233770137997396,50.71218699645451,49.8031942353798,50.13808822631836,50364,0.0,0.0
2015-09-14 00:00:00+05:30,50.23376998211418,51.573338641649606,49.803194080832725,51.04707717895508,79838,0.0,0.0
2015-09-15 00:00:00+05:30,50.999233833372884,51.669018131753624,50.28160858154297,50.28160858154297,39407,0.0,0.0
2015-09-16 00:00:00+05:30,50.95139862300557,52.051758926519575,50.47298173452665,50.855716705322266,85704,0.0,0.0
2015-09-18 00:00:00+05:30,51.81254810816289,54.922257740785035,50.090244468531964,53.48700714111328,210478,0.0,0.0
2015-09-21 00:00:00+05:30,52.53017648895773,55.20931036880661,52.14744151325164,54.20463562011719,94918,0.0,0.0
2015-09-22 00:00:00+05:30,54.587360738504124,55.63987997699521,52.72153433166019,53.199951171875,116869,0.0,0.0
2015-09-23 00:00:00+05:30,51.47765741051977,53.58269248827987,51.38197549108891,53.056434631347656,47948,0.0,0.0
2015-09-24 00:00:00+05:30,53.10426789030023,53.439158209776316,51.86038486792096,52.14743423461914,39531,0.0,0.0
2015-09-28 00:00:00+05:30,53.10426889338964,53.10426889338964,50.76002566268429,50.951393127441406,61143,0.0,0.0
2015-09-29 00:00:00+05:30,50.472974826732994,51.573334979650355,49.99455800373079,50.807865142822266,31463,0.0,0.0
2015-09-30 00:00:00+05:30,51.62117658361624,52.00390785683124,50.71218387843068,50.99923324584961,38067,0.0,0.0
2015-10-01 00:00:00+05:30,52.00391000175542,52.62585336517438,51.2384437737227,51.334129333496094,30689,0.0,0.0
2015-10-05 00:00:00+05:30,52.386642648539414,52.865059476379955,51.42980899285833,52.14743423461914,66833,0.0,0.0
2015-10-06 00:00:00+05:30,52.62585390656089,57.60138991500556,51.860387670653466,55.16146469116211,678548,0.0,0.0
2015-10-07 00:00:00+05:30,56.070454266089044,56.931606070017665,54.683048298693215,55.35282897949219,229905,0.0,0.0
2015-10-08 00:00:00+05:30,53.96542464766462,56.11830057270394,53.96542464766462,55.25714874267578,106680,0.0,0.0
2015-10-09 00:00:00+05:30,56.357506203888754,57.12297243135458,55.49635441672039,55.87908935546875,114527,0.0,0.0
2015-10-12 00:00:00+05:30,56.7880783352314,58.84527223938485,56.07045306401939,57.69707107543945,389437,0.0,0.0
2015-10-13 00:00:00+05:30,58.271175387107334,59.084482594386074,56.93160671038011,57.3621826171875,260453,0.0,0.0
2015-10-14 00:00:00+05:30,57.41002421237296,58.55822542662663,56.45319047550008,56.64455795288086,117494,0.0,0.0
2015-10-15 00:00:00+05:30,57.362180919914856,57.88843872376105,56.45318817689094,56.54887008666992,76649,0.0,0.0
2015-10-16 00:00:00+05:30,57.12297181737479,57.12297181737479,55.8790887548587,56.59671401977539,69131,0.0,0.0
2015-10-19 00:00:00+05:30,57.21865328235021,57.21865328235021,55.974770229479056,56.1661376953125,60755,0.0,0.0
2015-10-20 00:00:00+05:30,55.974768566920076,57.314337137935574,55.68771920171124,56.261817932128906,147579,0.0,0.0
2015-10-21 00:00:00+05:30,56.93160370841632,57.21865308114167,55.97477003264462,56.40534591674805,61198,0.0,0.0
2015-10-23 00:00:00+05:30,56.78807719703824,57.21865308114167,56.070451940209466,56.40534591674805,85627,0.0,0.0
2015-10-26 00:00:00+05:30,56.69239958058233,56.69239958058233,54.73089112678781,55.017940521240234,55850,0.0,0.0
2015-10-27 00:00:00+05:30,54.97009851561401,55.73556476956753,54.778731039617874,55.304988861083984,30436,0.0,0.0
2015-10-28 00:00:00+05:30,55.1614624342899,57.88843692877354,55.06577687744702,55.974769592285156,151350,0.0,0.0
2015-10-29 00:00:00+05:30,56.1182990830983,56.69239785452413,54.63520389852479,55.11362075805664,42960,0.0,0.0
2015-10-30 00:00:00+05:30,55.49635783413,55.831248188633865,54.39599755499257,54.53952407836914,51145,0.0,0.0
2015-11-02 00:00:00+05:30,56.0704596837347,56.0704596837347,53.726219774370996,54.58736801147461,42757,0.0,0.0
2015-11-03 00:00:00+05:30,54.635204526264346,55.87909129536376,54.01326479174565,54.39599609375,77319,0.0,0.0
2015-11-04 00:00:00+05:30,54.63520621277889,55.63988458037701,54.108948375008666,54.300315856933594,38147,0.0,0.0
2015-11-05 00:00:00+05:30,54.15678305536858,55.400669718679275,52.195274805577355,52.625850677490234,93949,0.0,0.0
2015-11-06 00:00:00+05:30,51.86038564793384,53.7262120345813,50.712184513840725,51.19060134887695,129499,0.0,0.0
2015-11-09 00:00:00+05:30,51.0470801105002,52.43448980540321,49.37262101493511,52.00391387939453,83173,0.0,0.0
2015-11-10 00:00:00+05:30,51.66901946429762,52.91290253620972,51.19060261740597,51.57333755493164,99277,0.0,0.0
2015-11-13 00:00:00+05:30,51.621175931944435,51.81254339115146,50.472974826732994,50.807865142822266,67911,0.0,0.0
2015-11-16 00:00:00+05:30,51.66901639491473,53.24779335588272,51.33412608199699,52.43448257446289,138641,0.0,0.0
2015-11-17 00:00:00+05:30,52.96074462503804,54.20463137361864,52.00391091076432,52.86506271362305,116202,0.0,0.0
2015-11-18 00:00:00+05:30,52.57800946011307,53.05642628204307,51.66901676843994,51.9560661315918,57949,0.0,0.0
2015-11-19 00:00:00+05:30,52.530168772634354,53.58268432617188,50.80786528498284,52.625850677490234,93810,0.0,0.0
2015-11-20 00:00:00+05:30,52.43448764912506,53.008590076871386,51.71686235196542,51.90822982788086,83276,0.0,0.0
2015-11-23 00:00:00+05:30,52.003911322003475,53.0564306060463,51.7168619354576,52.38664627075195,76543,0.0,0.0
2015-11-24 00:00:00+05:30,52.57800926919384,53.00858513737349,51.860384038904655,52.195274353027344,57727,0.0,0.0
2015-11-26 00:00:00+05:30,52.57800879342844,54.15678209576031,51.71685706486149,53.82189178466797,176759,0.0,0.0
2015-11-27 00:00:00+05:30,56.16613920430169,58.03196565875211,55.161464544222525,56.07045364379883,888515,0.0,0.0
2015-11-30 00:00:00+05:30,55.304989915692666,56.21398270648459,53.72621642118877,55.017940521240234,179329,0.0,0.0
2015-12-01 00:00:00+05:30,55.065781455547054,56.74024051418681,55.065781455547054,55.92693328857422,136439,0.0,0.0
2015-12-02 00:00:00+05:30,55.83124565035445,59.132322687657386,55.06577941055269,57.4100227355957,329943,0.0,0.0
2015-12-03 00:00:00+05:30,55.78340129719763,58.31901194026464,55.592033836394904,56.02260971069336,152170,0.0,0.0
2015-12-04 00:00:00+05:30,55.68772553835046,56.309665292067585,52.81722425956983,54.300315856933594,126672,0.0,0.0
2015-12-07 00:00:00+05:30,55.8790927964468,55.8790927964468,54.108948158270536,54.53952407836914,53203,0.0,0.0
2015-12-08 00:00:00+05:30,54.1089466642669,55.25714786948314,53.39132136726062,53.72621536254883,50768,0.0,0.0
2015-12-09 00:00:00+05:30,53.72621995451933,54.34815974172991,51.90823425337478,52.09960174560547,67519,0.0,0.0
2015-12-10 00:00:00+05:30,52.09959024048689,53.58268159020981,52.09959024048689,53.2477912902832,37556,0.0,0.0
2015-12-11 00:00:00+05:30,53.48700822455593,54.01326605842268,52.09959855343007,52.29096603393555,69097,0.0,0.0
2015-12-14 00:00:00+05:30,52.14743637664673,53.34347849537716,51.66901952915456,52.24311828613281,59821,0.0,0.0
2015-12-15 00:00:00+05:30,52.33880720943764,53.00859156897955,51.81254937338011,52.0517578125,67388,0.0,0.0
2015-12-16 00:00:00+05:30,52.43448575513586,53.439160404863244,52.00390986238673,52.24311828613281,136492,0.0,0.0
2015-12-17 00:00:00+05:30,53.29563503233621,53.96541931730879,52.5301688423807,53.53484344482422,155053,0.0,0.0
2015-12-18 00:00:00+05:30,53.00858708097655,54.20462917531238,52.62585215077675,52.769378662109375,81629,0.0,0.0
2015-12-21 00:00:00+05:30,52.625850747363614,54.156783127274636,52.625850747363614,53.53484344482422,128844,0.0,0.0
2015-12-22 00:00:00+05:30,53.10426263049641,55.20929719450414,53.10426263049641,54.06109619140625,255312,0.0,0.0
2015-12-23 00:00:00+05:30,54.15678489326048,55.40067159878434,53.63052709863237,54.108943939208984,125180,0.0,0.0
2015-12-24 00:00:00+05:30,54.77873041639673,56.931606284290055,54.300313556864886,55.11362075805664,195519,0.0,0.0
2015-12-28 00:00:00+05:30,54.635204514160634,56.93160692580203,54.635204514160634,56.21398162841797,137303,0.0,0.0
2015-12-29 00:00:00+05:30,57.17081555509717,60.56757457773691,56.261822778608256,57.79275894165039,1491786,0.0,0.0
2015-12-30 00:00:00+05:30,57.888440224691784,58.893114903543875,56.453189640608514,56.69239807128906,214671,0.0,0.0
2015-12-31 00:00:00+05:30,56.26182258490404,57.3143418777526,55.974773195956615,56.21398162841797,85026,0.0,0.0
2016-01-01 00:00:00+05:30,56.453187975045516,58.31901440931168,56.11829764198556,56.78807830810547,169450,0.0,0.0
2016-01-04 00:00:00+05:30,56.78807892243122,58.55822346640968,55.63988139664412,56.07045364379883,200976,0.0,0.0
2016-01-05 00:00:00+05:30,55.974776324103864,57.88844389073989,55.831249796593674,56.931610107421875,219305,0.0,0.0
2016-01-06 00:00:00+05:30,56.59671912847462,58.65390955024279,56.45319260252353,56.74024200439453,275142,0.0,0.0
2016-01-07 00:00:00+05:30,55.97477342652158,56.30966377333451,53.630530048737974,54.15678787231445,96482,0.0,0.0
2016-01-08 00:00:00+05:30,54.06110065115603,55.49635111092124,53.96541874718395,54.25246810913086,92342,0.0,0.0
2016-01-11 00:00:00+05:30,53.58268909205485,55.20930716949843,53.19995413852776,54.15678787231445,140613,0.0,0.0
2016-01-12 00:00:00+05:30,54.63519709000529,55.20929943991871,53.008582890326906,53.2477912902832,80013,0.0,0.0
2016-01-13 00:00:00+05:30,53.582686642952375,54.5395203330051,47.84168450263605,51.81254577636719,171972,0.0,0.0
2016-01-14 00:00:00+05:30,51.66901943550406,51.66901943550406,48.41578341844146,50.664344787597656,76476,0.0,0.0
2016-01-15 00:00:00+05:30,51.23844393347679,51.81254634381446,48.798518727126634,49.27693557739258,69580,0.0,0.0
2016-01-18 00:00:00+05:30,49.27693595892247,50.664345565442005,45.68880955414656,46.980533599853516,125654,0.0,0.0
2016-01-19 00:00:00+05:30,47.74600199916633,48.7985175851073,46.980532136630195,47.98521041870117,108074,0.0,0.0
2016-01-20 00:00:00+05:30,47.65031792541787,47.985211913215515,46.35859387971092,46.980533599853516,89445,0.0,0.0
2016-01-21 00:00:00+05:30,47.363265346863926,48.08089057939217,46.11938234048778,47.171897888183594,101572,0.0,0.0
2016-01-22 00:00:00+05:30,47.506794852446326,48.22442013027765,46.88485148498014,47.21974182128906,119357,0.0,0.0
2016-01-25 00:00:00+05:30,47.69816230156217,48.5593141604797,47.26759002213459,47.458953857421875,76027,0.0,0.0
2016-01-27 00:00:00+05:30,47.458950247232835,48.176575525064166,47.12405991092392,47.21974182128906,76724,0.0,0.0
2016-01-28 00:00:00+05:30,47.36326875132655,47.93736751860298,46.502116950380966,46.74132537841797,81095,0.0,0.0
2016-01-29 00:00:00+05:30,46.78917185478384,47.50679716758708,46.78917185478384,47.3154296875,91966,0.0,0.0
2016-02-01 00:00:00+05:30,47.45894789683745,48.32009964759904,47.07621662430065,47.36326599121094,85347,0.0,0.0
2016-02-02 00:00:00+05:30,47.26758663226033,47.84168539701211,46.83701073368104,46.980533599853516,35848,0.0,0.0
2016-02-03 00:00:00+05:30,46.837012206874576,47.31542907589264,44.73197725318889,46.21506881713867,209956,0.0,0.0
2016-02-04 00:00:00+05:30,46.21506922567287,47.36327045147235,46.21506922567287,46.64564514160156,51813,0.0,0.0
2016-02-05 00:00:00+05:30,45.97585664740923,47.650315552934245,45.97585664740923,47.12405776977539,55726,0.0,0.0
2016-02-08 00:00:00+05:30,47.363268277260815,47.602476702903544,46.40643457468988,46.54996109008789,58488,0.0,0.0
2016-02-09 00:00:00+05:30,45.8323381296197,46.69348631543918,45.8323381296197,46.406436920166016,33226,0.0,0.0
2016-02-10 00:00:00+05:30,46.16722612893245,46.16722612893245,45.25823338187993,45.640968322753906,32954,0.0,0.0
2016-02-11 00:00:00+05:30,45.21039672026763,46.26291243257882,43.34457009386938,44.253562927246094,50145,0.0,0.0
2016-02-12 00:00:00+05:30,44.971183725130665,44.971183725130665,42.10068263629254,43.1531982421875,88315,0.0,0.0
2016-02-15 00:00:00+05:30,43.535936923737225,46.454279218289194,43.24888752018036,44.971187591552734,147091,0.0,0.0
2016-02-16 00:00:00+05:30,45.73664515635167,45.73664515635167,43.822977964453855,44.11002731323242,36496,0.0,0.0
2016-02-17 00:00:00+05:30,44.87550509574771,44.87550509574771,43.24888696316686,43.870826721191406,48185,0.0,0.0
2016-02-18 00:00:00+05:30,44.73197660470583,44.97118503574704,41.43089952633097,41.71794891357422,204952,0.0,0.0
2016-02-19 00:00:00+05:30,42.100681550699164,43.05751522230596,40.90463946119066,42.77046585083008,156180,0.0,0.0
2016-02-22 00:00:00+05:30,42.81830764144068,43.44025100015552,42.10068237370704,42.722625732421875,47766,0.0,0.0
2016-02-23 00:00:00+05:30,42.866147707493845,43.29672358921596,41.52658275884044,41.861473083496094,58953,0.0,0.0
2016-02-24 00:00:00+05:30,42.05284009821122,42.05284009821122,40.71327151384199,41.4308967590332,77264,0.0,0.0
2016-02-25 00:00:00+05:30,42.77046514466121,42.77046514466121,41.23952910534863,41.67010498046875,44697,0.0,0.0
2016-02-26 00:00:00+05:30,41.670104526434464,42.05283944460004,41.14384675147981,41.23952865600586,38076,0.0,0.0
2016-02-29 00:00:00+05:30,41.957154739393665,42.33988966530705,40.904639168178,41.191688537597656,52937,0.0,0.0
2016-03-01 00:00:00+05:30,41.23953286231904,43.4402533911922,41.23953286231904,42.5791015625,106925,0.0,0.0
2016-03-02 00:00:00+05:30,43.20104267464494,44.971183545686195,42.770466783031125,44.30139923095703,118699,0.0,0.0
2016-03-03 00:00:00+05:30,44.73197725318889,46.693485686156734,44.11003386345299,46.21506881713867,151836,0.0,0.0
2016-03-04 00:00:00+05:30,46.54996384686421,47.363271082202715,45.59313008762779,46.837013244628906,114607,0.0,0.0
2016-03-08 00:00:00+05:30,46.02370357219446,49.755356791575075,46.02370357219446,47.889530181884766,202720,0.0,0.0
2016-03-09 00:00:00+05:30,47.602473757706676,47.602473757706676,46.310749799168114,47.171897888183594,54115,0.0,0.0
2016-03-10 00:00:00+05:30,46.884849548339844,48.3201000447176,46.59780017907045,46.884849548339844,80505,0.0,0.0
2016-03-11 00:00:00+05:30,46.167222549746725,47.219738080505905,45.97585509414579,46.31074905395508,33837,0.0,0.0
2016-03-14 00:00:00+05:30,47.45895060821896,47.45895060821896,45.92801813054646,46.0715446472168,44556,0.0,0.0
2016-03-15 00:00:00+05:30,45.64097342602072,46.64564819561226,45.49744689463708,45.78449630737305,36601,0.0,0.0
2016-03-16 00:00:00+05:30,45.59312950224353,46.40643672713973,45.30607645813326,45.73665237426758,32504,0.0,0.0
2016-03-17 00:00:00+05:30,46.74132065166414,49.946715453230404,46.02369544012356,47.93736267089844,476144,0.0,0.0
2016-03-18 00:00:00+05:30,48.463625008033766,49.6118224484757,47.74599978274223,48.79851531982422,299254,0.0,0.0
2016-03-21 00:00:00+05:30,48.60715394985716,52.43448896401962,48.55931299218634,50.47298049926758,567103,0.0,0.0
2016-03-22 00:00:00+05:30,50.56866004975152,50.90355403784799,49.27693600289197,49.70751190185547,130072,0.0,0.0
2016-03-23 00:00:00+05:30,49.75535518411212,52.003913044920125,49.61182866106858,50.47298049926758,299058,0.0,0.0
2016-03-28 00:00:00+05:30,50.23377189662423,51.28628756206488,48.55931283340343,48.894203186035156,136452,0.0,0.0
2016-03-29 00:00:00+05:30,48.84635533552262,49.229090241689825,47.45894586320472,47.93736267089844,96772,0.0,0.0
2016-03-30 00:00:00+05:30,48.12873796059891,49.516147658823385,48.03305604349288,48.607154846191406,87558,0.0,0.0
2016-03-31 00:00:00+05:30,48.750673249411065,49.851029712921985,47.889521538810726,48.176570892333984,185986,0.0,0.0
2016-04-01 00:00:00+05:30,48.128736044164164,50.23377098695715,47.93736856754098,49.18125534057617,201788,0.0,0.0
2016-04-04 00:00:00+05:30,49.37261895553773,50.18592981519234,48.89420209104597,49.42046356201172,108007,0.0,0.0
2016-04-05 00:00:00+05:30,49.03773081980104,49.51614770584788,47.02838135841678,47.69816207885742,101213,0.0,0.0
2016-04-06 00:00:00+05:30,47.698163912593415,48.702842331941156,47.602481991718065,48.27226638793945,58880,0.0,0.0
2016-04-07 00:00:00+05:30,48.55931518326944,49.372622450464405,47.84168983573344,48.08089828491211,64045,0.0,0.0
2016-04-08 00:00:00+05:30,48.080895308674734,48.798520611789286,47.74600496056703,48.03305435180664,75661,0.0,0.0
2016-04-11 00:00:00+05:30,48.41578652593387,49.37262028059684,47.937369648602385,48.65499496459961,130598,0.0,0.0
2016-04-12 00:00:00+05:30,48.32010522586632,49.42046551775495,48.32010522586632,48.84636306762695,91042,0.0,0.0
2016-04-13 00:00:00+05:30,49.27693371314035,51.09491913538502,49.181251806719374,49.61182403564453,212106,0.0,0.0
2016-04-18 00:00:00+05:30,49.70751253069686,50.42513782137093,49.563986012549655,49.89888000488281,107654,0.0,0.0
2016-04-20 00:00:00+05:30,50.3294558536946,55.63988630396815,50.04240644693065,54.20463562011719,879897,0.0,0.0
2016-04-21 00:00:00+05:30,55.49635225409867,56.357504007709046,53.965419858825484,54.63520050048828,742239,0.0,0.0
2016-04-22 00:00:00+05:30,54.92225192116677,54.92225192116677,53.534842425155865,53.82189178466797,133766,0.0,0.0
2016-04-25 00:00:00+05:30,54.30031371443239,54.49168118880663,52.05175592812027,52.38664627075195,131068,0.0,0.0
2016-04-26 00:00:00+05:30,52.33880067078087,53.9175739817182,51.764698298596755,52.43448257446289,214180,0.0,0.0
2016-04-27 00:00:00+05:30,52.625853250963345,54.06110379417143,52.625853250963345,53.1521110534668,167196,0.0,0.0
2016-04-28 00:00:00+05:30,53.43915735552246,53.534842909579424,51.860384038904655,52.195274353027344,83477,0.0,0.0
2016-04-29 00:00:00+05:30,51.908230253707536,52.578014599890615,51.190604950660884,51.429813385009766,79733,0.0,0.0
2016-05-02 00:00:00+05:30,51.47765206015151,52.57801226939586,50.90355330317326,52.24311828613281,95947,0.0,0.0
2016-05-03 00:00:00+05:30,52.57800946011307,53.29563469300807,51.81254327503121,51.9560661315918,77768,0.0,0.0
2016-05-04 00:00:00+05:30,51.42980847273741,52.530168625654774,50.52081577902708,50.807865142822266,67233,0.0,0.0
2016-05-05 00:00:00+05:30,51.190606891779616,51.38197437652148,49.56398874652057,50.18593215942383,51777,0.0,0.0
2016-05-06 00:00:00+05:30,50.1859262283074,51.04707433282606,49.18125161468693,49.85103225708008,101033,0.0,0.0
2016-05-09 00:00:00+05:30,49.75534922741314,50.520815408597976,48.9898830462283,49.468299865722656,119591,0.0,0.0
2016-05-10 00:00:00+05:30,49.61182738778362,50.233770771635314,49.18125512976584,49.42046356201172,46026,0.0,0.0
2016-05-11 00:00:00+05:30,49.037728820601025,49.707513163766656,49.037728820601025,49.18125534057617,49673,0.0,0.0
2016-05-12 00:00:00+05:30,49.13341035745592,51.57333927815345,49.03772844489292,50.32945251464844,217076,0.0,0.0
2016-05-13 00:00:00+05:30,49.898878096400935,50.329450334312504,49.133408228934066,49.32477569580078,55928,0.0,0.0
2016-05-16 00:00:00+05:30,49.13340590205821,50.664341914458554,48.79851558842442,49.468299865722656,90692,0.0,0.0
2016-05-17 00:00:00+05:30,50.09024403963722,50.61650550836894,49.372618745945964,49.659671783447266,103469,0.0,0.0
2016-05-18 00:00:00+05:30,49.420458913779356,49.85103113129974,49.13340590205821,49.468299865722656,56423,0.0,0.0
2016-05-19 00:00:00+05:30,49.898876116885106,50.37729294005742,48.7985159635765,48.98988342285156,54285,0.0,0.0
2016-05-20 00:00:00+05:30,48.798517384649685,48.846358338353966,47.84168371044087,48.22441864013672,49962,0.0,0.0
2016-05-23 00:00:00+05:30,48.32010060800469,48.89419935323598,44.92334179031943,45.25823211669922,208021,0.0,0.0
2016-05-24 00:00:00+05:30,45.78448628102312,46.167221180876794,40.18701118335389,40.90463638305664,741371,0.0,0.0
2016-05-25 00:00:00+05:30,41.90931209142739,44.01434679876579,41.383054327100446,43.34456253051758,378057,0.0,0.0
2016-05-26 00:00:00+05:30,43.72730278407925,44.20571965556801,41.38305938377809,42.5791015625,265708,0.0,0.0
2016-05-27 00:00:00+05:30,42.913990242623136,43.822982993086484,42.81830833206107,43.58377456665039,103266,0.0,0.0
2016-05-30 00:00:00+05:30,43.82298128274108,45.16254987851423,42.483416336998715,43.91866683959961,247342,0.0,0.0
2016-05-31 00:00:00+05:30,44.25356191094924,44.9711872392349,43.057519697139796,43.63161849975586,185180,0.0,0.0
2016-06-01 00:00:00+05:30,43.535932421886876,45.92801662089165,43.535932421886876,45.01902389526367,378859,0.0,0.0
2016-06-02 00:00:00+05:30,45.258236594647784,45.258236594647784,44.01435342355359,44.540611267089844,99259,0.0,0.0
2016-06-03 00:00:00+05:30,45.0668691106261,46.31075593175146,44.39708839159695,44.540611267089844,184578,0.0,0.0
2016-06-06 00:00:00+05:30,45.21038939318133,45.21038939318133,44.30139670712182,44.68413162231445,45324,0.0,0.0
2016-06-07 00:00:00+05:30,45.258235058018634,45.258235058018634,44.34924227730157,44.636295318603516,57897,0.0,0.0
2016-06-08 00:00:00+05:30,44.92334407705366,46.0237006697636,44.01435130914128,45.353919982910156,173417,0.0,0.0
2016-06-09 00:00:00+05:30,46.02370074683452,52.05175613885798,46.02370074683452,51.23844528198242,3881933,0.0,0.0
2016-06-10 00:00:00+05:30,50.999238333708696,51.66902269119335,49.27693830734181,50.47298049926758,946387,0.0,0.0
2016-06-13 00:00:00+05:30,49.94672121436543,51.621180234434945,48.79852001345442,50.32945251464844,525079,0.0,0.0
2016-06-14 00:00:00+05:30,50.233771213265356,53.00859051172481,49.994562778916475,51.429813385009766,625516,0.0,0.0
2016-06-15 00:00:00+05:30,51.86038797284742,52.05175544544712,47.937367559661894,50.377296447753906,632798,0.0,0.0
2016-06-16 00:00:00+05:30,50.472977521009966,51.38197026324287,49.89887876277387,50.42513656616211,225379,0.0,0.0
2016-06-17 00:00:00+05:30,50.76002690012802,51.28628470351626,49.99456067246959,50.42513656616211,128867,0.0,0.0
2016-06-20 00:00:00+05:30,49.75535181949013,51.09492044387336,49.085567507298514,49.99456024169922,258505,0.0,0.0
2016-06-21 00:00:00+05:30,49.89888000488281,51.09492215600626,49.7553534867356,49.89888000488281,146759,0.0,0.0
2016-06-22 00:00:00+05:30,50.71219169353793,51.66902549907638,49.851039808540804,50.760032653808594,429081,0.0,0.0
2016-06-23 00:00:00+05:30,50.80787455243048,51.23845050288118,49.372623817615704,49.803199768066406,143851,0.0,0.0
2016-06-24 00:00:00+05:30,48.79852170675894,48.79852170675894,46.88485418884682,48.41578674316406,189116,0.0,0.0
2016-06-27 00:00:00+05:30,48.36793945464317,49.27693213668524,47.88952263778215,48.79851531982422,132683,0.0,0.0
2016-06-28 00:00:00+05:30,48.79852181917173,52.81722434605093,48.41578685469519,50.90355682373047,777669,0.0,0.0
2016-06-29 00:00:00+05:30,51.66901926284694,53.29563726594273,51.19060241782057,51.81254577636719,879084,0.0,0.0
2016-06-30 00:00:00+05:30,52.14743501894942,52.530169946990725,50.712184513840725,51.19060134887695,406866,0.0,0.0
2016-07-01 00:00:00+05:30,51.477657318115234,52.5301766801216,50.90355850249813,51.477657318115234,200347,0.0,0.0
2016-07-04 00:00:00+05:30,51.90822582069887,52.865059476379955,51.6690174067786,52.14743423461914,259848,0.0,0.0
2016-07-05 00:00:00+05:30,52.57801275625077,57.79275717220842,51.764701917964565,55.400672912597656,2564385,0.0,0.0
2016-07-07 00:00:00+05:30,55.20930653247562,60.75894139439876,54.53952219654692,58.51038360595703,2581736,0.0,0.0
2016-07-08 00:00:00+05:30,58.46254070243103,60.280526288607824,56.97944911898737,59.0844841003418,912596,0.0,0.0
2016-07-11 00:00:00+05:30,59.80210703781431,61.23735760672185,58.36685646890676,59.22800827026367,606717,0.0,0.0
2016-07-12 00:00:00+05:30,59.80210290179373,62.09850511323489,59.41936798320997,60.37620162963867,1210590,0.0,0.0
2016-07-13 00:00:00+05:30,61.76361707624474,65.0646903582179,61.76361707624474,63.43807601928711,2201779,0.0,0.0
2016-07-14 00:00:00+05:30,63.43808364220756,65.73447891427273,63.43808364220756,64.10786437988281,799542,0.0,0.0
2016-07-15 00:00:00+05:30,64.77764256651734,64.77764256651734,61.81145937352712,62.002830505371094,410495,0.0,0.0
2016-07-18 00:00:00+05:30,62.19418980850403,62.95965968001799,59.80210558510002,59.993473052978516,253229,0.0,0.0
2016-07-19 00:00:00+05:30,60.28052606890278,61.04599233659692,57.984123615789294,59.323692321777344,257520,0.0,0.0
2016-07-20 00:00:00+05:30,59.56289928658479,60.85462335326941,59.37153181188273,60.08915710449219,265197,0.0,0.0
2016-07-21 00:00:00+05:30,60.3283685217729,62.19419510492694,58.653909422794094,60.137001037597656,484626,0.0,0.0
2016-07-22 00:00:00+05:30,60.47188905561,60.90246493983327,59.41936982194967,60.04131317138672,238930,0.0,0.0
2016-07-25 00:00:00+05:30,60.232678772692786,61.0459859121449,59.51505353787126,60.37620162963867,215053,0.0,0.0
2016-07-26 00:00:00+05:30,61.045990002547654,64.01217669524516,60.28052376412057,61.95498275756836,1106339,0.0,0.0
2016-07-27 00:00:00+05:30,61.90713789035219,62.81613429156176,60.8546222732175,61.524410247802734,375712,0.0,0.0
2016-07-28 00:00:00+05:30,61.90714341845937,63.29455679680912,61.14168076494529,62.098514556884766,429923,0.0,0.0
2016-07-29 00:00:00+05:30,62.433397855135226,62.48124245934007,61.093829238077845,61.380882263183594,165984,0.0,0.0
2016-08-01 00:00:00+05:30,61.2373563250337,62.00282619912132,59.228007030630884,59.75426483154297,268221,0.0,0.0
2016-08-02 00:00:00+05:30,59.99347711386674,61.045992783395704,58.5582264826739,58.84527587890625,173287,0.0,0.0
2016-08-03 00:00:00+05:30,58.7495944372087,59.610742632849245,57.027290745865336,57.45786666870117,184867,0.0,0.0
2016-08-04 00:00:00+05:30,58.366852832689204,58.89311061183026,57.55354568765582,58.079803466796875,165025,0.0,0.0
2016-08-05 00:00:00+05:30,58.70175081678367,60.75894489937336,58.70175081678367,59.65858459472656,372414,0.0,0.0
2016-08-08 00:00:00+05:30,59.897785573235524,60.47188795846082,59.0366374704437,59.419368743896484,182828,0.0,0.0
2016-08-09 00:00:00+05:30,59.3236908102791,59.70642575939007,58.27117517527042,58.51038360595703,138143,0.0,0.0
2016-08-10 00:00:00+05:30,58.797432991284055,58.845273947413965,56.453189640608514,56.69239807128906,137729,0.0,0.0
2016-08-11 00:00:00+05:30,57.45786235176915,57.601388865274686,55.87908895336253,56.357505798339844,127329,0.0,0.0
2016-08-12 00:00:00+05:30,56.88376599055585,60.66325995486266,56.59671660150124,59.610740661621094,817592,0.0,0.0
2016-08-16 00:00:00+05:30,59.70642539833315,61.81145665562098,59.70642539833315,61.476566314697266,516321,0.0,0.0
2016-08-17 00:00:00+05:30,61.763614030970324,62.67260306377924,60.806776746378155,61.33303451538086,315773,0.0,0.0
2016-08-18 00:00:00+05:30,61.62009833273716,63.05534903629441,61.62009833273716,62.0506706237793,321471,0.0,0.0
2016-08-19 00:00:00+05:30,62.289874605313926,68.8920288280107,61.57224930502215,67.07404327392578,3663998,0.0,0.0
2016-08-22 00:00:00+05:30,67.55245845469055,70.61433070621563,65.7344729459822,67.16972351074219,3293372,0.0,0.0
2016-08-23 00:00:00+05:30,64.34707011431118,65.01685082372893,63.24670983450011,63.581600189208984,1081780,0.0,0.0
2016-08-24 00:00:00+05:30,63.581597393997974,66.88267808830719,63.581597393997974,65.35174560546875,1718615,0.0,0.0
2016-08-25 00:00:00+05:30,65.30390491409199,65.97368563421159,63.342392762215205,64.20354461669922,532812,0.0,0.0
2016-08-26 00:00:00+05:30,64.53843064203393,64.77763906887625,61.52441030387014,62.194190979003906,398972,0.0,0.0
2016-08-29 00:00:00+05:30,62.768293803378526,62.91182032877984,61.04599374871854,61.28520584106445,223922,0.0,0.0
2016-08-30 00:00:00+05:30,61.237366638822586,63.629451273151595,61.237366638822586,62.529090881347656,353498,0.0,0.0
2016-08-31 00:00:00+05:30,62.95967102050781,66.30858953649093,62.289882937273376,62.95967102050781,874389,0.0,0.0
2016-09-01 00:00:00+05:30,63.43808401725552,64.39491781962703,61.52441641251252,62.0506706237793,248207,0.0,0.0
2016-09-02 00:00:00+05:30,62.337720236499386,65.25605879227614,61.76362144684349,63.390235900878906,503723,0.0,0.0
2016-09-06 00:00:00+05:30,63.9164960779863,63.9164960779863,61.476567146692,62.33771896362305,196167,0.0,0.0
2016-09-07 00:00:00+05:30,62.1941910369256,66.78699575660023,62.1941910369256,65.83016204833984,1484192,0.0,0.0
2016-09-08 00:00:00+05:30,65.9736783085017,67.45677340987825,64.87332543335434,65.54310607910156,658480,0.0,0.0
2016-09-09 00:00:00+05:30,65.9736873634514,66.02153197331215,63.72512940118444,64.10786437988281,331041,0.0,0.0
2016-09-12 00:00:00+05:30,62.576920291193765,63.533753912465656,61.23735176140088,61.620086669921875,255448,0.0,0.0
2016-09-14 00:00:00+05:30,61.52440738502478,62.624760256246965,61.14167246022243,61.907135009765625,188256,0.0,0.0
2016-09-15 00:00:00+05:30,62.1941924838934,64.01217803189654,62.05066596430278,63.00749969482422,290037,0.0,0.0
2016-09-16 00:00:00+05:30,63.1510295235791,63.820810250016336,59.41937631899149,60.328369140625,506976,0.0,0.0
2016-09-19 00:00:00+05:30,60.5675733404007,61.476566098319786,60.280523956329134,60.80678176879883,208954,0.0,0.0
2016-09-20 00:00:00+05:30,60.71110048476611,60.9981498718037,59.89778962979013,60.08915710449219,156345,0.0,0.0
2016-09-21 00:00:00+05:30,60.136998476901844,61.90713941757824,60.136998476901844,60.51973342895508,301974,0.0,0.0
2016-09-22 00:00:00+05:30,61.237357462310285,61.6200924064621,60.61541409057132,61.045989990234375,127358,0.0,0.0
2016-09-23 00:00:00+05:30,61.33304148955493,61.572249925395674,60.089158353189255,60.471893310546875,203890,0.0,0.0
2016-09-26 00:00:00+05:30,60.758939368721464,64.01217537761023,60.23268156876234,62.72045135498047,808155,0.0,0.0
2016-09-27 00:00:00+05:30,63.294554620053354,63.96433533135164,61.42872440990142,62.002830505371094,268809,0.0,0.0
2016-09-28 00:00:00+05:30,62.529080236774234,64.34706570939399,61.715773059567475,62.72045135498047,597778,0.0,0.0
2016-09-29 00:00:00+05:30,59.94562950095199,60.66325473687705,58.46253442668231,59.46721267700195,1415589,0.0,0.0
2016-09-30 00:00:00+05:30,58.749592466323776,58.749592466323776,56.93160691979685,57.12297439575195,1162881,0.0,0.0
2016-10-03 00:00:00+05:30,56.93160671038011,57.74491391765885,56.78808019143398,57.3621826171875,816878,0.0,0.0
2016-10-04 00:00:00+05:30,57.60139425966677,58.12765210841989,56.93160988396681,57.17081832885742,456669,0.0,0.0
2016-10-05 00:00:00+05:30,57.410020991109704,57.55354750359981,56.261819841281344,56.83592224121094,283114,0.0,0.0
2016-10-06 00:00:00+05:30,57.69707600380922,57.69707600380922,56.21398437996117,56.501033782958984,302094,0.0,0.0
2016-10-07 00:00:00+05:30,56.54886877809532,57.21865308114167,56.21397845158754,56.40534591674805,202079,0.0,0.0
2016-10-10 00:00:00+05:30,56.309661193817426,57.122972020297375,56.2139792848343,56.357505798339844,168968,0.0,0.0
2016-10-13 00:00:00+05:30,56.16613850245704,56.59671439426224,54.92225543171047,55.20930480957031,191339,0.0,0.0
2016-10-14 00:00:00+05:30,55.20930947415556,56.5967191760685,55.113623906763976,55.83124923706055,200427,0.0,0.0
2016-10-17 00:00:00+05:30,56.78807821281489,56.78807821281489,55.11361925026311,55.20930480957031,159066,0.0,0.0
2016-10-18 00:00:00+05:30,55.40067152292126,57.60138825655397,55.40067152292126,57.075130462646484,757681,0.0,0.0
2016-10-19 00:00:00+05:30,58.319014132740655,58.319014132740655,56.261820239325864,56.357505798339844,237597,0.0,0.0
2016-10-20 00:00:00+05:30,56.35750772834869,57.362182407200784,56.35750772834869,56.69239807128906,172140,0.0,0.0
2016-10-21 00:00:00+05:30,56.93160221763665,56.93160221763665,55.92692761439039,56.261817932128906,158132,0.0,0.0
2016-10-24 00:00:00+05:30,56.740237084303175,56.93160455230028,56.2139792848343,56.357505798339844,153881,0.0,0.0
2016-10-25 00:00:00+05:30,55.97476958543971,59.22800551708441,55.783402121808116,58.701744079589844,1155329,0.0,0.0
2016-10-26 00:00:00+05:30,59.132322035998946,59.41937141650735,56.26182093085307,57.21865463256836,604537,0.0,0.0
2016-10-27 00:00:00+05:30,56.26182237459358,58.558224777650864,56.0226139430264,56.453189849853516,364048,0.0,0.0
2016-10-28 00:00:00+05:30,56.596716574398684,57.98412256250338,56.453190054924605,57.12297439575195,379664,0.0,0.0
2016-11-01 00:00:00+05:30,57.410022756301736,59.70642512656618,57.075132416902356,59.22800827026367,2132237,0.0,0.0
2016-11-02 00:00:00+05:30,58.74958840159607,60.950305097740454,57.649228228508505,58.27117156982422,4287307,0.0,0.0
2016-11-03 00:00:00+05:30,59.22800652435631,59.99347274186994,56.931604221784596,57.50570297241211,1544378,0.0,0.0
2016-11-04 00:00:00+05:30,57.60138486935744,58.07980168114607,54.82656590097113,55.448509216308594,673981,0.0,0.0
2016-11-07 00:00:00+05:30,56.453186870530466,57.21865308114167,55.97477003264462,56.40534591674805,402174,0.0,0.0
2016-11-08 00:00:00+05:30,57.027287079482775,57.21865454955437,55.400672708951426,55.6398811340332,324620,0.0,0.0
2016-11-09 00:00:00+05:30,51.57333706454734,55.01793686940191,47.79384328003443,53.86973571777344,763828,0.0,0.0
2016-11-10 00:00:00+05:30,55.01794130600626,59.3236932343024,55.01794130600626,57.45786666870117,1081739,0.0,0.0
2016-11-11 00:00:00+05:30,57.41002315637955,59.419372506840446,56.35750752519165,57.840599060058594,1139164,0.0,0.0
2016-11-15 00:00:00+05:30,59.03664413124362,59.03664413124362,54.34815721473094,54.730892181396484,552917,0.0,0.0
2016-11-16 00:00:00+05:30,56.357510314678294,56.4053512730037,54.443842781412904,54.730892181396484,250438,0.0,0.0
2016-11-17 00:00:00+05:30,55.30499165783136,55.7834085469995,53.726218113595195,54.013267517089844,241259,0.0,0.0
2016-11-18 00:00:00+05:30,54.108951896069996,54.73089534029032,52.62586020219619,52.960750579833984,203273,0.0,0.0
2016-11-21 00:00:00+05:30,53.86974307647738,53.91758403724064,51.621185070322305,51.86039352416992,218149,0.0,0.0
2016-11-22 00:00:00+05:30,52.96074778127149,54.635206881041086,51.860391134298744,53.58269119262695,235294,0.0,0.0
2016-11-23 00:00:00+05:30,54.395993514344156,54.53952002705928,53.58268634237403,53.86973571777344,187052,0.0,0.0
2016-11-24 00:00:00+05:30,54.15678623411244,57.79275723254131,53.86973685266566,56.07045364379883,994458,0.0,0.0
2016-11-25 00:00:00+05:30,57.8884431690834,59.7064287947365,57.4100262833885,58.5582275390625,1875366,0.0,0.0
2016-11-28 00:00:00+05:30,58.749589519375,59.658578597011484,58.36685458666324,58.65390396118164,844988,0.0,0.0
2016-11-29 00:00:00+05:30,58.94095370451425,59.228006730859676,57.0272863290426,57.26649475097656,438320,0.0,0.0
2016-11-30 00:00:00+05:30,57.26649488377205,57.505703306260706,56.118297375851185,56.357505798339844,327982,0.0,0.0
2016-12-01 00:00:00+05:30,56.93160172139318,59.84994360063493,56.35750299597964,57.88843536376953,1973426,0.0,0.0
2016-12-02 00:00:00+05:30,57.31434038011971,58.27117408496291,55.49635488090527,56.07045364379883,673090,0.0,0.0
2016-12-05 00:00:00+05:30,56.35750649104314,57.69707148342601,56.02261250542424,57.21865463256836,445169,0.0,0.0
2016-12-06 00:00:00+05:30,57.792758563492875,59.41937297916206,57.41002361272895,58.940956115722656,720425,0.0,0.0
2016-12-07 00:00:00+05:30,60.08915539373958,62.95966013248443,59.41937107636681,60.424049377441406,5590040,0.0,0.0
2016-12-08 00:00:00+05:30,62.00282883818128,62.5769276181518,59.993475808222406,61.189517974853516,1945118,0.0,0.0
2016-12-09 00:00:00+05:30,61.9549835953058,62.194192026175706,60.758941440956264,60.99814987182617,975657,0.0,0.0
2016-12-12 00:00:00+05:30,60.80678472475359,62.289876322912235,59.610742524620626,60.184844970703125,1431600,0.0,0.0
2016-12-13 00:00:00+05:30,61.33304240682628,61.715777369907926,58.07980982075678,58.6060676574707,1516220,0.0,0.0
2016-12-14 00:00:00+05:30,58.60606638346406,58.6539073403015,56.309663954956726,56.64455795288086,638925,0.0,0.0
2016-12-15 00:00:00+05:30,56.453192824131214,57.55355312732591,56.1661434211334,56.501033782958984,569098,0.0,0.0
2016-12-16 00:00:00+05:30,56.93160799375186,57.122975473316906,55.54419832944413,55.92693328857422,390389,0.0,0.0
2016-12-19 00:00:00+05:30,56.35750188871312,56.35750188871312,55.20930081041428,55.448509216308594,323384,0.0,0.0
2016-12-20 00:00:00+05:30,55.25714599251039,57.69707118944623,55.16146408283874,55.87908935546875,826347,0.0,0.0
2016-12-21 00:00:00+05:30,56.02260793044271,56.64455124578018,55.30498271275976,55.448509216308594,296487,0.0,0.0
2016-12-22 00:00:00+05:30,55.592041061326,55.7834085469995,53.343483142248196,54.013267517089844,609881,0.0,0.0
2016-12-23 00:00:00+05:30,53.48700271765708,57.55354574708445,53.43915811493335,56.02260971069336,1568975,0.0,0.0
2016-12-26 00:00:00+05:30,55.7355660247073,59.22801067768424,55.20930819139011,55.68772506713867,1888829,0.0,0.0
2016-12-27 00:00:00+05:30,56.0226152033412,56.88376703636837,55.01794049816356,55.92693328857422,525092,0.0,0.0
2016-12-28 00:00:00+05:30,56.835923116068656,57.98412063354004,56.26182070730208,56.54887008666992,732917,0.0,0.0
2016-12-29 00:00:00+05:30,57.21865588878006,57.21865588878006,55.8790908669876,56.69239807128906,392558,0.0,0.0
2016-12-30 00:00:00+05:30,57.17081686751646,58.07980966487231,56.74024094771304,57.02729034423828,487565,0.0,0.0
2017-01-02 00:00:00+05:30,57.26650068306641,61.85930577997993,56.740242830304176,60.75894546508789,7803727,0.0,0.0
2017-01-03 00:00:00+05:30,60.75894489937336,61.141679870562996,59.08448578797331,59.65858459472656,3973525,0.0,0.0
2017-01-04 00:00:00+05:30,59.94563571742131,60.663261027765394,58.893116405564676,59.323692321777344,1386575,0.0,0.0
2017-01-05 00:00:00+05:30,59.70642683500557,61.52441240098734,59.51505935700259,60.71110153198242,3084902,0.0,0.0
2017-01-06 00:00:00+05:30,61.045992115889085,61.18951863745142,59.419374021650555,59.56290054321289,824167,0.0,0.0
2017-01-09 00:00:00+05:30,59.80210645741049,62.4812437467272,59.658579941900335,61.76361846923828,5699319,0.0,0.0
2017-01-10 00:00:00+05:30,61.95498243889878,65.543108834974,60.9503077780039,64.9211654663086,6769211,0.0,0.0
2017-01-11 00:00:00+05:30,65.35175247938227,66.40426821578691,64.20354752143503,64.4906005859375,3730492,0.0,0.0
2017-01-12 00:00:00+05:30,64.34706835181531,67.36109606176404,63.39023462167679,66.64347076416016,6674268,0.0,0.0
2017-01-13 00:00:00+05:30,66.97836138049537,67.21756981399714,64.92116739236775,65.25605773925781,2337892,0.0,0.0
2017-01-16 00:00:00+05:30,64.8733218969465,66.11720121410744,64.01217018502822,64.39490509033203,2062162,0.0,0.0
2017-01-17 00:00:00+05:30,64.92116607085099,64.96901067660225,62.24203605020401,62.385555267333984,1303567,0.0,0.0
2017-01-18 00:00:00+05:30,62.768292912391594,63.29455439803878,61.954985680078686,62.24203872680664,1491101,0.0,0.0
2017-01-19 00:00:00+05:30,62.19418485988102,66.69129992203258,62.19418485988102,64.39490509033203,3733530,0.0,0.0
2017-01-20 00:00:00+05:30,64.2992248694903,64.2992248694903,61.524412843623445,61.811458587646484,1156783,0.0,0.0
2017-01-23 00:00:00+05:30,62.19418852499792,63.77296553987557,61.524407876291804,63.2467041015625,1001501,0.0,0.0
2017-01-24 00:00:00+05:30,63.6772867962369,64.06001444304663,61.811456667760766,63.294551849365234,932304,0.0,0.0
2017-01-25 00:00:00+05:30,65.06468746058691,67.26540775060188,63.62943700189749,67.02619934082031,5237449,0.0,0.0
2017-01-27 00:00:00+05:30,67.50463025351499,67.93520256098907,65.1603829682037,65.73448181152344,1697013,0.0,0.0
2017-01-30 00:00:00+05:30,65.7344767411487,65.92584787420259,64.29922609352482,64.68196105957031,648953,0.0,0.0
2017-01-31 00:00:00+05:30,64.3949125556801,65.25605706737032,63.151025794253336,63.48591613769531,705677,0.0,0.0
2017-02-01 00:00:00+05:30,63.96434445516463,65.59096645757809,63.62945405174704,65.06470489501953,1010399,0.0,0.0
2017-02-02 00:00:00+05:30,65.303902498657,67.31325188475711,64.58627719647396,66.16505432128906,1626540,0.0,0.0
2017-02-03 00:00:00+05:30,66.02153219966596,66.73915754966232,64.25139112968743,64.53843688964844,1214645,0.0,0.0
2017-02-06 00:00:00+05:30,65.01685242779071,65.73447776275556,64.3949163108711,64.63412475585938,506373,0.0,0.0
2017-02-07 00:00:00+05:30,64.68195718912638,65.16037404304012,63.629441570528506,64.01217651367188,501646,0.0,0.0
2017-02-08 00:00:00+05:30,64.06001300844281,65.44742624727417,64.06001300844281,64.96900939941406,616855,0.0,0.0
2017-02-09 00:00:00+05:30,65.01685242779071,66.21289465273213,64.1557078658828,64.63412475585938,1119150,0.0,0.0
2017-02-10 00:00:00+05:30,65.06468392775204,68.65280987965014,64.82547553095884,66.7869873046875,5860872,0.0,0.0
2017-02-13 00:00:00+05:30,67.74384136837976,68.70067524476895,66.11721939848026,66.93052673339844,1837631,0.0,0.0
2017-02-14 00:00:00+05:30,67.21757147652762,68.36576906571031,66.26073771885463,66.97836303710938,1086489,0.0,0.0
2017-02-15 00:00:00+05:30,66.97836401445332,67.1697278487554,64.10786269954818,64.20354461669922,746962,0.0,0.0
2017-02-16 00:00:00+05:30,64.49059241619325,66.16505138018904,63.677285236550496,65.87799835205078,903500,0.0,0.0
2017-02-17 00:00:00+05:30,66.02152030286781,66.40425521391118,64.4905879587556,64.77763366699219,493215,0.0,0.0
2017-02-20 00:00:00+05:30,65.01685110784221,66.88268132090887,64.96901379985317,66.06937408447266,751099,0.0,0.0
2017-02-21 00:00:00+05:30,66.26073686841508,69.17908271188638,65.87800191024574,67.93519592285156,2426151,0.0,0.0
2017-02-22 00:00:00+05:30,68.31793048274506,68.8441846596056,66.06937265419415,66.59562683105469,1302014,0.0,0.0
2017-02-23 00:00:00+05:30,66.69130834026842,66.8348348603819,65.1125385192064,65.25605773925781,584666,0.0,0.0
2017-02-27 00:00:00+05:30,65.35174795786789,66.97836241067367,64.77764186858381,65.20822143554688,861922,0.0,0.0
2017-02-28 00:00:00+05:30,65.25605580326325,65.83016186668476,64.72980164520932,64.9211654663086,478264,0.0,0.0
2017-03-01 00:00:00+05:30,65.16037029348797,67.93518934652744,65.16037029348797,67.40892791748047,2085207,0.0,0.0
2017-03-02 00:00:00+05:30,67.88735972619753,68.84419359013302,66.02153661154854,66.54779815673828,1674443,0.0,0.0
2017-03-03 00:00:00+05:30,66.49994103552253,66.83483136489771,65.30389893056709,65.92584228515625,752767,0.0,0.0
2017-03-06 00:00:00+05:30,66.54779815673828,67.98304895264151,66.21290046431042,66.54779815673828,1037460,0.0,0.0
2017-03-07 00:00:00+05:30,66.49995180265832,67.16973256985419,65.49527335180164,65.73448181152344,477079,0.0,0.0
2017-03-08 00:00:00+05:30,65.97367539656692,66.30857300472042,64.10785275143762,64.34706115722656,629423,0.0,0.0
2017-03-09 00:00:00+05:30,64.20353670166882,64.681953528507,63.629437969475326,63.77296447753906,479344,0.0,0.0
2017-03-10 00:00:00+05:30,64.25138642344226,64.25138642344226,62.09851053114565,62.33771896362305,564817,0.0,0.0
2017-03-14 00:00:00+05:30,64.0600179579395,64.39491561736631,62.38555886105468,62.6247673034668,329577,0.0,0.0
2017-03-15 00:00:00+05:30,63.05533431016949,65.16036526374675,62.76828131647219,64.06000518798828,1108991,0.0,0.0
2017-03-16 00:00:00+05:30,64.39490985082561,66.7869940607365,64.34706524660272,65.92584228515625,1698739,0.0,0.0
2017-03-17 00:00:00+05:30,66.40426648370318,66.45210379316403,64.34707237526223,64.5862808227539,697073,0.0,0.0
2017-03-20 00:00:00+05:30,65.06468569956783,65.63878440749298,64.25137858833547,64.39490509033203,381439,0.0,0.0
2017-03-21 00:00:00+05:30,64.5862795853657,65.16037838833427,63.629445813730655,64.20354461669922,368658,0.0,0.0
2017-03-22 00:00:00+05:30,63.294549706314356,63.58159543170276,62.76828825967644,63.19886779785156,463594,0.0,0.0
2017-03-23 00:00:00+05:30,63.725131284092114,65.30390855533248,63.581604750331586,64.44275665283203,1073528,0.0,0.0
2017-03-24 00:00:00+05:30,64.82548995857383,65.44743338866859,63.43808386841535,63.868656158447266,577136,0.0,0.0
2017-03-27 00:00:00+05:30,63.82080860619748,64.3470700920308,62.67261101900398,62.91181945800781,404092,0.0,0.0
2017-03-28 00:00:00+05:30,63.1510221113614,63.820802759184545,62.433396860095925,62.57692337036133,399607,0.0,0.0
2017-03-29 00:00:00+05:30,63.10318055323152,63.39023358761529,62.19419144445274,62.385555267333984,370050,0.0,0.0
2017-03-30 00:00:00+05:30,62.57692999502177,63.342392630703145,62.48124807806939,62.6247673034668,344398,0.0,0.0
2017-03-31 00:00:00+05:30,62.91181377720944,64.10785586422863,62.816131870260214,63.2467041015625,766571,0.0,0.0
2017-04-03 00:00:00+05:30,63.629446034044335,64.29922675648301,63.34239298153498,63.96433639526367,717990,0.0,0.0
2017-04-05 00:00:00+05:30,63.72512602319821,67.16972604876473,63.533762194024234,66.1172103881836,2015494,0.0,0.0
2017-04-06 00:00:00+05:30,65.92584655900963,67.60030561449939,65.54311160059953,66.1172103881836,939223,0.0,0.0
2017-04-07 00:00:00+05:30,65.68664182968017,66.02153219966596,64.15570920970042,64.53843688964844,645404,0.0,0.0
2017-04-10 00:00:00+05:30,64.53843386161802,65.68663874777798,64.49059655390023,64.72980499267578,373215,0.0,0.0
2017-04-11 00:00:00+05:30,64.77764253897841,66.21289317691793,64.58627870727805,65.1603775024414,574564,0.0,0.0
2017-04-12 00:00:00+05:30,65.6387913216154,65.6387913216154,63.055343213791836,63.53376007080078,599023,0.0,0.0
2017-04-13 00:00:00+05:30,63.868641419844195,64.20353171259525,62.86396324153016,63.15101623535156,991014,0.0,0.0
2017-04-17 00:00:00+05:30,63.2467041015625,64.10785586422863,62.624760756300205,63.2467041015625,449631,0.0,0.0
2017-04-18 00:00:00+05:30,63.294554620053354,64.96901369836132,61.42872440990142,62.002830505371094,750540,0.0,0.0
2017-04-19 00:00:00+05:30,62.242041764291145,62.52908752496505,61.42872719222531,62.0506706237793,419813,0.0,0.0
2017-04-20 00:00:00+05:30,62.05066405614937,63.15102427242366,62.05066405614937,62.672607421875,357419,0.0,0.0
2017-04-21 00:00:00+05:30,63.103180519455584,64.49059378481869,62.28987332255276,63.53376007080078,879199,0.0,0.0
2017-04-24 00:00:00+05:30,64.25138751735702,64.96901282700719,63.390235685764395,63.62944412231445,577297,0.0,0.0
2017-04-25 00:00:00+05:30,63.86865041069467,64.49059378481869,63.1988697309069,63.53376007080078,447053,0.0,0.0
2017-04-26 00:00:00+05:30,63.62944201624781,64.34706730214533,61.95498301582023,62.385555267333984,457960,0.0,0.0
2017-04-27 00:00:00+05:30,62.76829021315839,62.911816730350274,62.0028276215715,62.385555267333984,248960,0.0,0.0
2017-04-28 00:00:00+05:30,62.624761147340585,63.58159482293058,62.00282509825638,62.768287658691406,473143,0.0,0.0
2017-05-02 00:00:00+05:30,63.05534665819674,63.72512737457134,62.67261169167026,62.863975524902344,346971,0.0,0.0
2017-05-03 00:00:00+05:30,63.15102171946173,64.44274570371114,62.62476028510828,63.05533981323242,678412,0.0,0.0
2017-05-04 00:00:00+05:30,63.29455167617467,63.342388981864026,62.28987335589336,62.385555267333984,339670,0.0,0.0
2017-05-05 00:00:00+05:30,62.19419052781856,62.33771704289512,60.5197315520696,60.85462188720703,486165,0.0,0.0
2017-05-08 00:00:00+05:30,60.95030954152729,61.42872275814871,60.66326015154203,61.189517974853516,296191,0.0,0.0
2017-05-09 00:00:00+05:30,61.237359771075184,62.002829688238485,60.85462481249353,61.14167785644531,494419,0.0,0.0
2017-05-10 00:00:00+05:30,61.52441281502696,62.05066699552235,60.95031037715449,61.14167785644531,579808,0.0,0.0
2017-05-11 00:00:00+05:30,61.38088566490825,61.81145792636748,60.71110131926015,60.95030975341797,368764,0.0,0.0
2017-05-12 00:00:00+05:30,61.23735402229097,61.42871783358604,60.280520365692674,60.567569732666016,273125,0.0,0.0
2017-05-15 00:00:00+05:30,60.998154758067614,64.06001999844756,60.75894630803598,63.868656158447266,1332279,0.0,0.0
2017-05-16 00:00:00+05:30,64.58627638048637,64.77764020529264,63.24670770665648,63.48591613769531,742731,0.0,0.0
2017-05-17 00:00:00+05:30,64.0600168489154,64.53843372545715,63.34239153410278,63.82080841064453,521623,0.0,0.0
2017-05-18 00:00:00+05:30,65.54310441182538,68.84417755341832,65.11253219337807,65.63878631591797,9960547,0.0,0.0
2017-05-19 00:00:00+05:30,66.49994622453073,66.9783631038439,64.29922565966525,65.1603775024414,1144842,0.0,0.0
2017-05-22 00:00:00+05:30,65.49526023509985,66.49993848475012,62.768285800413736,63.10317611694336,757904,0.0,0.0
2017-05-23 00:00:00+05:30,63.342392604921464,63.6294456557241,60.75894434794707,61.28520584106445,598034,0.0,0.0
2017-05-24 00:00:00+05:30,61.23735346560481,61.71577028955485,59.084477757829646,59.46721267700195,476603,0.0,0.0
2017-05-25 00:00:00+05:30,59.89778729423602,60.75893907180145,59.41937045115097,60.23268127441406,355747,0.0,0.0
2017-05-26 00:00:00+05:30,60.28052539561625,62.81613625719031,60.13699887513808,61.85930252075195,514823,0.0,0.0
2017-05-29 00:00:00+05:30,61.811459442859054,62.24203901494427,59.89779192264631,60.184844970703125,405405,0.0,0.0
2017-05-30 00:00:00+05:30,60.137001037597656,60.7589444486594,59.32369379239185,60.137001037597656,344276,0.0,0.0
2017-05-31 00:00:00+05:30,60.37620457093965,61.71577320121084,60.04131423838729,60.66325759887695,408274,0.0,0.0
2017-06-01 00:00:00+05:30,61.04599316478018,61.04599316478018,59.99347748867562,60.184844970703125,289507,0.0,0.0
2017-06-02 00:00:00+05:30,60.51973342895508,61.093832207003906,60.136998476901844,60.51973342895508,332817,0.0,0.0
2017-06-05 00:00:00+05:30,60.519730009405734,60.75893842841525,59.80210475237721,60.04131317138672,237320,0.0,0.0
2017-06-06 00:00:00+05:30,60.28052585096245,60.424052372524784,59.323692107296374,59.56290054321289,200037,0.0,0.0
2017-06-07 00:00:00+05:30,59.80210662372035,60.615413813790575,59.46721628663988,59.706424713134766,251547,0.0,0.0
2017-06-08 00:00:00+05:30,59.94562570408827,63.82079735259933,59.706417307264346,62.43339157104492,3354601,0.0,0.0
2017-06-09 00:00:00+05:30,61.62009620029264,62.38555883566246,60.9503118318051,61.28520584106445,468998,0.0,0.0
2017-06-12 00:00:00+05:30,60.950308500375314,62.81613497845403,60.424050686053356,61.476566314697266,582023,0.0,0.0
2017-06-13 00:00:00+05:30,61.6200924064621,62.337717689223545,60.950308079211894,61.045989990234375,408458,0.0,0.0
2017-06-14 00:00:00+05:30,61.476566987988576,62.09851037083666,60.56757421691484,61.4287223815918,496552,0.0,0.0
2017-06-15 00:00:00+05:30,61.71577726298865,63.91649782184879,60.950310988182615,62.91181945800781,1311622,0.0,0.0
2017-06-16 00:00:00+05:30,63.05533978417267,63.6772831244688,61.62008929120999,61.907135009765625,515498,0.0,0.0
2017-06-19 00:00:00+05:30,62.576920408065206,62.86396611494615,61.66792408612251,62.28986740112305,383563,0.0,0.0
2017-06-20 00:00:00+05:30,62.57692612943277,63.05534298470357,61.71577432993296,61.95498275756836,389810,0.0,0.0
2017-06-21 00:00:00+05:30,61.33303912646616,62.48124395430006,61.33303912646616,61.524410247802734,252781,0.0,0.0
2017-06-22 00:00:00+05:30,61.71577479294915,63.15102536952936,61.71577479294915,62.14634704589844,442481,0.0,0.0
2017-06-23 00:00:00+05:30,62.19419288103241,62.720454356204435,60.28052540776987,60.95030975341797,365205,0.0,0.0
2017-06-27 00:00:00+05:30,61.23736476700633,61.23736476700633,59.562905574158506,59.945640563964844,238246,0.0,0.0
2017-06-28 00:00:00+05:30,59.99347816198961,61.04599384990667,59.897792594886404,60.137001037597656,240285,0.0,0.0
2017-06-29 00:00:00+05:30,61.2373585561287,61.95498385170833,61.2373585561287,61.4287223815918,391522,0.0,0.0
2017-06-30 00:00:00+05:30,61.23735809326172,62.00282798945227,60.75894123315811,61.23735809326172,286705,0.0,0.0
2017-07-03 00:00:00+05:30,61.715771197395206,62.289869934567974,61.285198969531,61.907135009765625,249331,0.0,0.0
2017-07-04 00:00:00+05:30,62.19419165180922,63.294551887199766,61.76361939885993,62.14634704589844,569563,0.0,0.0
2017-07-05 00:00:00+05:30,62.67260488825369,63.82080236312839,62.57692298202438,63.05533981323242,667749,0.0,0.0
2017-07-06 00:00:00+05:30,63.15102319358932,64.39490990379075,62.911814772401485,63.19886779785156,765107,0.0,0.0
2017-07-07 00:00:00+05:30,62.81613582857785,63.6772876455089,62.194192444124205,62.33771896362305,426320,0.0,0.0
2017-07-10 00:00:00+05:30,62.672607421875,64.0600133684414,62.385554391521076,62.672607421875,81984,0.0,0.0
2017-07-11 00:00:00+05:30,62.81613582857785,64.01217799096486,62.194192444124205,62.33771896362305,406215,0.0,0.0
2017-07-12 00:00:00+05:30,62.67260695230589,62.911815375787974,62.24203471006284,62.48124313354492,216659,0.0,0.0
2017-07-13 00:00:00+05:30,62.91182250592617,63.34239479696831,61.57225372259355,62.0506706237793,390920,0.0,0.0
2017-07-14 00:00:00+05:30,62.09850901168876,62.57692586493743,61.33303912646616,61.524410247802734,221261,0.0,0.0
2017-07-17 00:00:00+05:30,61.57225372259355,62.67261405533329,61.23736335177604,62.0506706237793,314252,0.0,0.0
2017-07-18 00:00:00+05:30,62.09850906827935,63.342388507822314,61.90713794676838,62.194190979003906,499240,0.0,0.0
2017-07-19 00:00:00+05:30,62.86397574587891,63.103184188291024,62.194195027149924,62.6247673034668,327417,0.0,0.0
2017-07-20 00:00:00+05:30,62.67260930907901,63.62944303898861,62.194192444124205,62.33771896362305,333343,0.0,0.0
2017-07-21 00:00:00+05:30,62.433398996600665,63.05534236232629,62.28987248142371,62.672607421875,333644,0.0,0.0
2017-07-24 00:00:00+05:30,62.672602310358855,63.62943593341777,62.1941854988294,62.28986740112305,429147,0.0,0.0
2017-07-25 00:00:00+05:30,62.81613499079114,64.10785904892882,62.81613499079114,63.294551849365234,694911,0.0,0.0
2017-07-26 00:00:00+05:30,64.10785951604082,68.27008475595048,64.10785951604082,67.12188720703125,4345713,0.0,0.0
2017-07-27 00:00:00+05:30,67.74382282596294,71.76252108679923,67.16971681721962,68.03086853027344,4424998,0.0,0.0
2017-07-28 00:00:00+05:30,67.45676856912593,68.36575756599045,65.87799167451716,66.73914337158203,1158845,0.0,0.0
2017-07-31 00:00:00+05:30,66.78699728369334,67.83951292683331,66.30858041862408,66.64347076416016,639938,0.0,0.0
2017-08-01 00:00:00+05:30,67.16971817181695,69.46612035291781,66.97835436508409,67.5046157836914,1156741,0.0,0.0
2017-08-02 00:00:00+05:30,62.911819435755575,63.055345959119556,62.14634951118917,62.24203872680664,4677279,0.0,0.0
2017-08-03 00:00:00+05:30,61.42872562390843,61.42872562390843,59.41937615024084,59.65858459472656,5954936,0.0,0.0
2017-08-04 00:00:00+05:30,58.84527523546334,59.8499499363065,58.701748713901004,59.56290054321289,2729465,0.0,0.0
2017-08-07 00:00:00+05:30,59.7542652382172,59.993473662989864,58.98879900895086,59.275848388671875,835474,0.0,0.0
2017-08-08 00:00:00+05:30,59.61073942471148,61.76361892302676,59.32369004161309,61.045989990234375,2829129,0.0,0.0
2017-08-09 00:00:00+05:30,61.0459888565118,61.0459888565118,59.228007030630884,59.75426483154297,923774,0.0,0.0
2017-08-10 00:00:00+05:30,59.41936904605206,59.70642206513978,57.457860765793605,58.27117156982422,784574,0.0,0.0
2017-08-11 00:00:00+05:30,57.457861545542855,58.22332775675966,56.501027869014145,57.31433868408203,621169,0.0,0.0
2017-08-14 00:00:00+05:30,60.38646329504263,60.96248531341553,58.75439602664119,59.52242660522461,1057012,0.2,0.0
2017-08-16 00:00:00+05:30,60.098454309312814,60.77048250249867,59.282422429039364,60.48247146606445,654004,0.0,0.0
2017-08-17 00:00:00+05:30,60.86648952253798,61.922531225826745,60.09845519768171,60.434471130371094,896242,0.0,0.0
2017-08-18 00:00:00+05:30,60.05044822500496,61.298498390150236,59.66643476156111,59.90644454956055,450381,0.0,0.0
2017-08-21 00:00:00+05:30,60.33845457927844,60.770472896772006,58.56238375012078,59.09040451049805,646000,0.0,0.0
2017-08-22 00:00:00+05:30,59.378423262376785,59.90644775402716,58.41838405902545,58.65839385986328,341130,0.0,0.0
2017-08-23 00:00:00+05:30,59.04240993579566,60.386466261026264,58.85040136615431,59.570430755615234,584875,0.0,0.0
2017-08-24 00:00:00+05:30,59.71443988790801,60.0984533764398,59.28242150883314,59.474430084228516,286856,0.0,0.0
2017-08-28 00:00:00+05:30,59.57042824067654,60.242456374920216,59.474425791038314,59.71443557739258,448380,0.0,0.0
2017-08-29 00:00:00+05:30,59.52242805325255,60.09845008563858,58.56238889110332,58.802398681640625,438213,0.0,0.0
2017-08-30 00:00:00+05:30,59.28242190305207,60.002451318878606,59.13841455498316,59.666439056396484,469105,0.0,0.0
2017-08-31 00:00:00+05:30,59.61843189691286,60.482468627929684,59.42642698980588,60.00244903564453,511355,0.0,0.0
2017-09-01 00:00:00+05:30,60.24245602338304,61.39450372361262,59.906443789351314,61.0104866027832,1145420,0.0,0.0
2017-09-04 00:00:00+05:30,61.394503105807885,61.92252389494093,59.71443462803818,60.194454193115234,621273,0.0,0.0
2017-09-05 00:00:00+05:30,60.48246829292602,61.97053195057492,60.48246829292602,61.73052215576172,1977720,0.0,0.0
2017-09-06 00:00:00+05:30,61.25050292587243,62.786567910897446,61.01049311529906,61.92253112792969,1358076,0.0,0.0
2017-09-07 00:00:00+05:30,62.35454226745935,63.69859859419774,61.442507969592796,62.114532470703125,3501850,0.0,0.0
2017-09-08 00:00:00+05:30,62.40254194943085,63.170576164769145,61.15449184289394,61.346500396728516,1719794,0.0,0.0
2017-09-11 00:00:00+05:30,61.82652412296318,62.78656329467218,61.250498422582496,61.97053146362305,1032643,0.0,0.0
2017-09-12 00:00:00+05:30,61.97053478040859,63.842608335631176,61.97053478040859,62.21054458618164,2305139,0.0,0.0
2017-09-13 00:00:00+05:30,62.40254541510822,63.02657233416281,60.77047811026133,61.15449523925781,923485,0.0,0.0
2017-09-14 00:00:00+05:30,61.15449471470582,61.634510628445945,59.762437211857396,59.90644454956055,1471898,0.0,0.0
2017-09-15 00:00:00+05:30,60.002451318878606,60.29046235275743,59.52243170832758,59.666439056396484,735004,0.0,0.0
2017-09-18 00:00:00+05:30,59.906441003108085,60.62647032448074,59.81043489623663,60.098445892333984,772863,0.0,0.0
2017-09-19 00:00:00+05:30,60.48246519970974,61.25049577138131,60.05044685868866,60.194454193115234,1237720,0.0,0.0
2017-09-20 00:00:00+05:30,60.72248127346947,61.442510695684526,60.29046288768863,60.48247146606445,2073110,0.0,0.0
2017-09-21 00:00:00+05:30,60.962486151854534,61.15449471470582,59.28241763585854,59.90644454956055,973328,0.0,0.0
2017-09-22 00:00:00+05:30,59.810440144705936,59.810440144705936,57.650351991036516,57.89036178588867,951181,0.0,0.0
2017-09-25 00:00:00+05:30,58.41838521690728,58.802402370762806,55.73027612669564,56.258296966552734,982308,0.0,0.0
2017-09-26 00:00:00+05:30,56.546314362620116,56.69031805549649,55.34626527735449,56.114295959472656,852395,0.0,0.0
2017-09-27 00:00:00+05:30,56.59430951634975,56.59430951634975,54.29021405515523,54.53022384643555,1209148,0.0,0.0
2017-09-28 00:00:00+05:30,54.8182342359887,56.354299079953876,54.482221996946265,55.63426971435547,863958,0.0,0.0
2017-09-29 00:00:00+05:30,56.11429085032461,57.21833371089152,55.68227248651197,55.97028350830078,1271011,0.0,0.0
2017-10-03 00:00:00+05:30,56.642308705866085,56.88231848851806,55.73027079933685,55.922279357910156,445701,0.0,0.0
2017-10-04 00:00:00+05:30,56.25829493433523,56.64231207431891,55.73027411355183,56.16229248046875,390221,0.0,0.0
2017-10-05 00:00:00+05:30,56.16229105826793,60.8664844237785,55.97028249313834,58.37038040161133,3785551,0.0,0.0
2017-10-06 00:00:00+05:30,58.994407128734835,61.394505029315916,58.85039978979646,61.15449523925781,2837623,0.0,0.0
2017-10-09 00:00:00+05:30,61.730522644614254,62.88256673903374,61.01048959221379,61.49051284790039,1739448,0.0,0.0
2017-10-10 00:00:00+05:30,61.586517333984375,62.30654674788634,61.20250018166641,61.586517333984375,1098671,0.0,0.0
2017-10-11 00:00:00+05:30,61.92252976108273,62.69056406777156,59.18641944584546,59.666439056396484,3664170,0.0,0.0
2017-10-12 00:00:00+05:30,60.3864618067498,61.53850581510216,59.04240558066059,60.67447280883789,856109,0.0,0.0
2017-10-13 00:00:00+05:30,60.72247793190033,61.44250731449203,60.05044977569631,60.24245834350586,618778,0.0,0.0
2017-10-16 00:00:00+05:30,60.72247613917424,61.538507950449386,59.66643454078774,60.33845901489258,983999,0.0,0.0
2017-10-17 00:00:00+05:30,60.62647402815899,61.730520519946786,60.48246669018363,60.962486267089844,926402,0.0,0.0
2017-10-18 00:00:00+05:30,60.29045819832338,60.9144851139435,60.05044840958622,60.53046798706055,659310,0.0,0.0
2017-10-19 00:00:00+05:30,60.77047859131816,61.346504289372675,60.53046879936014,60.914485931396484,367215,0.0,0.0
2017-10-23 00:00:00+05:30,60.91448793340969,63.698599414269914,60.67447813356352,62.49855041503906,2363093,0.0,0.0
2017-10-24 00:00:00+05:30,63.074571657728015,63.842605937155014,61.77852022014796,62.114532470703125,1898109,0.0,0.0
2017-10-25 00:00:00+05:30,62.642551298946735,65.66667593000619,61.058485318437775,64.99464416503906,3576728,0.0,0.0
2017-10-26 00:00:00+05:30,65.09065527745956,68.5947922064731,64.32262105151517,67.05873107910156,6720656,0.0,0.0
2017-10-27 00:00:00+05:30,67.58674961678503,68.1627715736307,66.29069838275312,66.96272277832031,3723544,0.0,0.0
2017-10-30 00:00:00+05:30,67.49076001130953,69.50684090588183,66.67472081571682,67.10674285888672,3209681,0.0,0.0
2017-10-31 00:00:00+05:30,67.39474246591652,68.06677423636762,66.33870091179864,66.67471313476562,1752826,0.0,0.0
2017-11-01 00:00:00+05:30,67.39475024541765,73.92301986456287,67.250750222179,72.62696838378906,21012998,0.0,0.0
2017-11-02 00:00:00+05:30,73.34700138352345,82.2753621621523,72.96298421223958,79.20323944091797,39706271,0.0,0.0
2017-11-03 00:00:00+05:30,80.73929611718958,84.57945295819283,80.73929611718958,83.28340148925781,17892172,0.0,0.0
2017-11-06 00:00:00+05:30,84.4834493666204,99.94007897901899,83.81142485828396,99.50806427001953,47231155,0.0,0.0
2017-11-07 00:00:00+05:30,104.64426912358752,106.08432787299469,94.41985053789311,95.42789459228516,32205515,0.0,0.0
2017-11-08 00:00:00+05:30,95.42788402228607,99.84406223307649,90.05166675156222,91.29971313476562,16771944,0.0,0.0
2017-11-09 00:00:00+05:30,92.25976056182235,97.82799054423087,89.6196529075716,96.38793182373047,13384229,0.0,0.0
2017-11-10 00:00:00+05:30,95.95590995063527,99.31604696996042,93.65182185414055,95.52389526367188,10468970,0.0,0.0
2017-11-13 00:00:00+05:30,97.82799350472203,100.18008655624524,94.5638588412377,94.9478759765625,9906598,0.0,0.0
2017-11-14 00:00:00+05:30,95.52389159955342,96.24392093321839,92.25975715536876,93.17179870605469,4568521,0.0,0.0
2017-11-15 00:00:00+05:30,92.30777357260955,92.35577113947318,84.48345237106732,85.29948425292969,9050334,0.0,0.0
2017-11-16 00:00:00+05:30,85.97150980513187,93.79582310837544,85.44348533672711,93.31580352783203,10686437,0.0,0.0
2017-11-17 00:00:00+05:30,95.71590584954478,97.25197443781467,91.68374411663099,93.07579803466797,8325837,0.0,0.0
2017-11-20 00:00:00+05:30,92.54778243891855,95.5239025613536,91.20372606360394,93.84383392333984,4690341,0.0,0.0
2017-11-21 00:00:00+05:30,94.75586472190952,97.34797491864278,93.45981328580173,94.46785736083984,5556199,0.0,0.0
2017-11-22 00:00:00+05:30,95.0438750889097,97.3479704953625,93.219799253613,94.7078628540039,4469753,0.0,0.0
2017-11-23 00:00:00+05:30,95.0438770261941,96.62794310820084,92.59577423359117,93.7478256225586,4211197,0.0,0.0
2017-11-24 00:00:00+05:30,93.98783048597157,95.42788915330152,92.93178892816637,93.17179870605469,2975531,0.0,0.0
2017-11-27 00:00:00+05:30,93.50781523862693,96.91594984696283,91.97175405427008,95.47589111328125,6845731,0.0,0.0
2017-11-28 00:00:00+05:30,95.71590706648503,99.1240492188282,94.65986539201128,95.57190704345703,9949647,0.0,0.0
2017-11-29 00:00:00+05:30,95.52389660713447,96.7239455594854,93.02779625114803,93.7478256225586,4239512,0.0,0.0
2017-11-30 00:00:00+05:30,93.60381197988573,93.84382175419313,90.77169957286523,91.10771179199219,3527704,0.0,0.0
2017-12-01 00:00:00+05:30,91.68373945059483,93.84382755283397,88.70761953019105,89.09163665771484,3010307,0.0,0.0
2017-12-04 00:00:00+05:30,89.8116584815914,90.48368290492466,86.54752415857932,87.36355590820312,2728738,0.0,0.0
2017-12-05 00:00:00+05:30,87.36356141633917,89.95566415492911,85.15546847271267,88.755615234375,3554864,0.0,0.0
2017-12-06 00:00:00+05:30,88.13160011160207,88.13160011160207,84.3394409361933,84.67545318603516,3105998,0.0,0.0
2017-12-07 00:00:00+05:30,85.25147973598253,87.55556784410304,85.1554699610463,86.54753112792969,2757822,0.0,0.0
2017-12-08 00:00:00+05:30,87.17155362884486,89.811661166536,86.88353896765354,87.65157318115234,4183291,0.0,0.0
2017-12-11 00:00:00+05:30,87.89158874753807,88.99562793096486,86.93154957967644,87.31555938720703,2123544,0.0,0.0
2017-12-12 00:00:00+05:30,87.50757042693655,87.9875900043476,85.44348477916557,85.6834945678711,2437496,0.0,0.0
2017-12-13 00:00:00+05:30,86.83553878020663,92.8357835086487,85.97150939892497,89.09163665771484,12381255,0.0,0.0
2017-12-14 00:00:00+05:30,89.95567235578633,90.4836968587747,86.45153504792565,87.4595718383789,3598398,0.0,0.0
2017-12-15 00:00:00+05:30,88.70761367985239,89.6196478886192,87.31555259995088,87.69956970214844,2442935,0.0,0.0
2017-12-18 00:00:00+05:30,87.17156347834066,89.57166151106459,83.18739927911533,87.93959045410156,3291532,0.0,0.0
2017-12-19 00:00:00+05:30,88.22760694065765,89.85967070626698,87.45957262477204,87.84358978271484,5122314,0.0,0.0
2017-12-20 00:00:00+05:30,88.03559469942721,89.7636682479108,87.45957262477204,87.84358978271484,4563189,0.0,0.0
2017-12-21 00:00:00+05:30,88.32360076904297,89.37964235681284,87.89158608639264,88.32360076904297,3210436,0.0,0.0
2017-12-22 00:00:00+05:30,88.9476364176608,92.54778354203036,88.41961190961271,89.95567321777344,9795557,0.0,0.0
2017-12-26 00:00:00+05:30,90.4356992853203,90.86772136577251,88.61163047180627,89.18765258789062,3196646,0.0,0.0
2017-12-27 00:00:00+05:30,90.291681474339,96.19591615750967,90.24367658889975,92.3077621459961,17461000,0.0,0.0
2017-12-28 00:00:00+05:30,93.50781560140115,100.80411174879109,93.50781560140115,98.45201873779297,21861763,0.0,0.0
2017-12-29 00:00:00+05:30,99.84408418258818,101.38014555126279,96.09992956083745,96.9639663696289,8963867,0.0,0.0
2018-01-01 00:00:00+05:30,97.44397514307312,99.12404368002265,95.37988947563161,95.85990905761719,4391787,0.0,0.0
2018-01-02 00:00:00+05:30,96.48392534208628,96.72393510661882,92.64376910956543,93.8918228149414,4589076,0.0,0.0
2018-01-03 00:00:00+05:30,94.37185601983009,97.4439785212343,93.50781927739835,96.09992218017578,5905956,0.0,0.0
2018-01-04 00:00:00+05:30,96.67594013856741,98.59601845174268,95.18788384056708,95.90791320800781,6113289,0.0,0.0
2018-01-05 00:00:00+05:30,96.29192951218174,97.8759882473925,95.23588058935132,95.52389526367188,4228939,0.0,0.0
2018-01-08 00:00:00+05:30,96.00391952816597,96.38793667118219,93.2678092865168,93.55581665039062,4986645,0.0,0.0
2018-01-09 00:00:00+05:30,94.08383314878608,94.56385270566764,90.77170113611018,91.4437255859375,4575534,0.0,0.0
2018-01-10 00:00:00+05:30,91.49173491995609,93.3158034651824,89.90766884032283,90.33968353271484,3794001,0.0,0.0
2018-01-11 00:00:00+05:30,90.723704798555,91.87574891380888,90.05168028540989,90.96371459960938,2968630,0.0,0.0
2018-01-12 00:00:00+05:30,91.49174135884542,91.97176097284877,87.89159425382032,89.57166290283203,3084786,0.0,0.0
2018-01-15 00:00:00+05:30,90.09968415508295,90.96372096423798,89.37965470154018,89.763671875,2112054,0.0,0.0
2018-01-16 00:00:00+05:30,90.19569219605852,90.24369709240456,86.45154466566956,86.93156433105469,2617015,0.0,0.0
2018-01-17 00:00:00+05:30,86.97955227511632,88.51561356941836,83.18740026813457,87.89159393310547,3428566,0.0,0.0
2018-01-18 00:00:00+05:30,88.56360881048111,88.94762592334328,82.80337409110022,83.71540832519531,3288069,0.0,0.0
2018-01-19 00:00:00+05:30,83.90743357492639,84.57945813341442,81.60333786443856,83.42741394042969,2409283,0.0,0.0
2018-01-22 00:00:00+05:30,83.90742739496561,88.2276037872457,82.80338085203492,86.73954010009766,4096212,0.0,0.0
2018-01-23 00:00:00+05:30,87.60357684345723,89.28364544045505,85.68349844688831,86.73954010009766,3762804,0.0,0.0
2018-01-24 00:00:00+05:30,86.69153210224532,86.78753454561705,83.61940264273113,83.90741729736328,1957549,0.0,0.0
2018-01-25 00:00:00+05:30,84.57943655170946,86.83552679326519,83.57139997119297,83.7634048461914,3017334,0.0,0.0
2018-01-29 00:00:00+05:30,84.86746785091043,85.34748745716612,82.13135756015656,82.41936492919922,1873152,0.0,0.0
2018-01-30 00:00:00+05:30,82.51535986475555,84.38744055323433,81.12330606329874,81.5553207397461,2317452,0.0,0.0
2018-01-31 00:00:00+05:30,81.60332489013672,83.28339334375718,79.68324665742762,81.60332489013672,3085286,0.0,0.0
2018-02-01 00:00:00+05:30,80.64328502398905,80.64328502398905,75.36306993313262,76.94713592529297,4365717,0.0,0.0
2018-02-02 00:00:00+05:30,75.84309022060161,76.8031293373181,71.04289463701923,73.49099731445312,4322816,0.0,0.0
2018-02-05 00:00:00+05:30,71.52292181701212,73.6830100598078,69.12282376946138,72.62696838378906,3787876,0.0,0.0
2018-02-06 00:00:00+05:30,67.20273629183019,71.66691952469088,66.7707216311895,70.61087799072266,3549403,0.0,0.0
2018-02-07 00:00:00+05:30,72.48295887096508,73.2509931530473,70.22686823856044,71.04290008544922,2101932,0.0,0.0
2018-02-08 00:00:00+05:30,71.52292151685579,77.04314700305608,70.5148774113077,76.46712493896484,3999646,0.0,0.0
2018-02-09 00:00:00+05:30,73.923012085077,78.05118322223234,73.25098763229227,76.03509521484375,3510327,0.0,0.0
2018-02-12 00:00:00+05:30,76.89913712103508,78.33919589605266,76.1791077335263,76.61112976074219,2185373,0.0,0.0
2018-02-14 00:00:00+05:30,77.0911415633596,78.24318553716756,75.84308782130353,76.1791000366211,1649523,0.0,0.0
2018-02-15 00:00:00+05:30,76.80313841603434,77.37916048925099,74.11502564166592,75.1230697631836,1495295,0.0,0.0
2018-02-16 00:00:00+05:30,76.08311051806884,76.51512525050926,72.81897560507139,73.34700012207031,1423420,0.0,0.0
2018-02-19 00:00:00+05:30,73.44298922135526,73.44298922135526,71.04289153438286,71.52291107177734,1122504,0.0,0.0
2018-02-20 00:00:00+05:30,71.52291692213036,72.77097075124969,70.85089244461533,71.6189193725586,1193084,0.0,0.0
2018-02-21 00:00:00+05:30,72.19494101964627,72.38695324400952,70.08285782327242,70.3708724975586,1264816,0.0,0.0
2018-02-22 00:00:00+05:30,70.08286107101881,70.9948953743277,69.41083656589834,70.17886352539062,1336594,0.0,0.0
2018-02-23 00:00:00+05:30,70.17885562203072,72.00293134774361,70.17885562203072,71.47490692138672,1525787,0.0,0.0
2018-02-26 00:00:00+05:30,71.71492718884373,72.72297130505768,70.94690020343512,71.33091735839844,1573575,0.0,0.0
2018-02-27 00:00:00+05:30,71.85892601052791,72.48295289772967,70.70688200686092,70.94689178466797,1447206,0.0,0.0
2018-02-28 00:00:00+05:30,70.13085247542907,70.94688416745637,69.60282809113802,70.08284759521484,1092095,0.0,0.0
2018-03-01 00:00:00+05:30,69.98686065099919,70.89889498081877,69.21882634466421,69.65084838867188,1148629,0.0,0.0
2018-03-05 00:00:00+05:30,69.12282766422756,69.36283748250612,67.20274911799902,68.16278839111328,1363819,0.0,0.0
2018-03-06 00:00:00+05:30,68.78680883836273,69.50683822468645,65.85868640417254,66.8187255859375,1094452,0.0,0.0
2018-03-07 00:00:00+05:30,66.05070042935208,66.62672248915383,62.40254850974448,62.6905632019043,2087286,0.0,0.0
2018-03-08 00:00:00+05:30,63.74660246638118,63.74660246638118,60.098450684079936,61.97053146362305,1334047,0.0,0.0
2018-03-09 00:00:00+05:30,62.21054141881299,62.54655366488404,60.38646552290466,61.10649490356445,1195667,0.0,0.0
2018-03-12 00:00:00+05:30,61.77852327707556,64.6106434136487,60.962491392629026,62.162540435791016,1942505,0.0,0.0
2018-03-13 00:00:00+05:30,62.11452807212555,64.56263075548618,62.01852562512492,63.21857452392578,2108466,0.0,0.0
2018-03-14 00:00:00+05:30,62.690562955214475,63.65060215927891,62.21054335318226,63.12257766723633,1070465,0.0,0.0
2018-03-15 00:00:00+05:30,63.84260389635177,72.57895875410694,63.84260389635177,71.18690490722656,15549918,0.0,0.0
2018-03-16 00:00:00+05:30,71.0429014599278,72.62696761954598,68.54680098164472,68.83480834960938,6040991,0.0,0.0
2018-03-19 00:00:00+05:30,69.36283261834687,69.50683996411898,63.84260718505282,64.61064147949219,2738187,0.0,0.0
2018-03-20 00:00:00+05:30,63.21857595201998,66.72272028057981,63.02657105368137,64.41862487792969,2098547,0.0,0.0
2018-03-21 00:00:00+05:30,64.65863645018109,66.53071722105221,63.55458994292647,64.32262420654297,1425148,0.0,0.0
2018-03-22 00:00:00+05:30,64.65862494799197,65.3306566402374,63.170568898158486,63.45857620239258,1508091,0.0,0.0
2018-03-23 00:00:00+05:30,61.63450826171199,62.49854493023485,60.29045569788138,60.67447280883789,1852383,0.0,0.0
2018-03-26 00:00:00+05:30,60.67447436875147,62.594548986122525,59.95444501389032,61.0104866027832,2829102,0.0,0.0
2018-03-27 00:00:00+05:30,61.490506795030946,62.738553220379934,61.490506795030946,61.82651901245117,1669234,0.0,0.0
2018-03-28 00:00:00+05:30,61.44250863219272,61.6345135418612,60.19445840805309,60.38646697998047,1375505,0.0,0.0
2018-04-02 00:00:00+05:30,61.34650606199571,62.54655505646152,60.86648646420939,62.30654525756836,1459845,0.0,0.0
2018-04-03 00:00:00+05:30,61.92252536349826,65.57067707441057,61.92252536349826,64.80264282226562,3173187,0.0,0.0
2018-04-04 00:00:00+05:30,65.13865334584251,65.66667779585444,62.88256286077909,63.410587310791016,2373809,0.0,0.0
2018-04-05 00:00:00+05:30,64.22662384677379,65.8586875544731,64.22662384677379,65.47467041015625,1685379,0.0,0.0
2018-04-06 00:00:00+05:30,65.37866220799299,71.8109286674376,64.70663775790224,69.21881866455078,7519072,0.0,0.0
2018-04-09 00:00:00+05:30,69.12281305387239,69.60283258896872,67.82676177401565,68.54679107666016,2355726,0.0,0.0
2018-04-10 00:00:00+05:30,69.36282941324299,71.28290773610092,68.78680738128911,69.89085388183594,3430130,0.0,0.0
2018-04-11 00:00:00+05:30,70.46688059086048,71.9069394285844,68.83480951339591,71.33091735839844,3321999,0.0,0.0
2018-04-12 00:00:00+05:30,71.33090879294227,72.09893568612577,69.79484035754098,70.5148696899414,3165849,0.0,0.0
2018-04-13 00:00:00+05:30,70.37086491332484,71.09089419692155,68.97880390366123,69.50682830810547,1600750,0.0,0.0
2018-04-16 00:00:00+05:30,68.45080034710111,69.98686165734013,68.40279545557067,69.17082977294922,1244104,0.0,0.0
2018-04-17 00:00:00+05:30,69.8428489161567,71.13890031773857,69.21882199701949,69.45883178710938,1570128,0.0,0.0
2018-04-18 00:00:00+05:30,69.79483747320053,69.98684968194917,68.35477886791152,68.54679107666016,955600,0.0,0.0
2018-04-19 00:00:00+05:30,69.9868579307578,78.77121792326855,69.6988432459472,76.61112976074219,27396298,0.0,0.0
2018-04-20 00:00:00+05:30,75.36307747483983,75.65109216569732,72.96297946608698,73.97102355957031,5374298,0.0,0.0
2018-04-23 00:00:00+05:30,74.21102486155354,75.36306884401188,73.15497599903021,73.58699798583984,3094016,0.0,0.0
2018-04-24 00:00:00+05:30,72.67496796556067,72.72297285765022,71.13890663743143,71.66693115234375,2423737,0.0,0.0
2018-04-25 00:00:00+05:30,71.04290070176242,74.16302809744793,71.04290070176242,72.29095458984375,3401736,0.0,0.0
2018-04-26 00:00:00+05:30,72.33894356246303,73.2989826470996,71.28290203426617,71.47490692138672,1954278,0.0,0.0
2018-04-27 00:00:00+05:30,71.81093182374853,72.57895875410694,71.04289756887265,71.18690490722656,1394736,0.0,0.0
2018-04-30 00:00:00+05:30,71.52291548762962,71.71492038463512,70.0828567865364,70.41886901855469,1302745,0.0,0.0
2018-05-02 00:00:00+05:30,70.75488196136807,70.94689418481983,67.25074494645297,67.82676696777344,1284273,0.0,0.0
2018-05-03 00:00:00+05:30,67.73076117456493,69.07481004978705,67.29873918651465,67.58675384521484,1068621,0.0,0.0
2018-05-04 00:00:00+05:30,67.6827615669122,68.40279094528361,66.24270281016939,66.86672973632812,1036548,0.0,0.0
2018-05-07 00:00:00+05:30,67.20274174977827,68.06677846575037,66.8667295059329,67.29874420166016,1080649,0.0,0.0
2018-05-08 00:00:00+05:30,67.77877245074022,71.37891979045219,67.01074541297945,69.36283874511719,2968461,0.0,0.0
2018-05-09 00:00:00+05:30,69.50684019056267,70.65888431145704,68.64280343763295,68.83480834960938,1184816,0.0,0.0
2018-05-10 00:00:00+05:30,69.02681672918979,70.08285833508901,67.77876289752506,68.21078491210938,1452132,0.0,0.0
2018-05-11 00:00:00+05:30,68.54679965545861,73.73101274821926,68.30678985787263,71.04290008544922,6339367,0.0,0.0
2018-05-14 00:00:00+05:30,71.61891127684915,72.09893079924696,68.73879414246232,69.50682830810547,1320081,0.0,0.0
2018-05-15 00:00:00+05:30,69.50683183530002,71.37890513784505,67.58675364827248,68.01876831054688,1673302,0.0,0.0
2018-05-16 00:00:00+05:30,67.87476370303338,68.40278815544373,66.38670744313411,67.4427490234375,1405146,0.0,0.0
2018-05-17 00:00:00+05:30,67.73076511272293,69.41083362895402,67.73076511272293,68.6427993774414,1080392,0.0,0.0
2018-05-18 00:00:00+05:30,68.78681513338537,69.31483233696697,66.24270960398098,66.48271942138672,996906,0.0,0.0
2018-05-21 00:00:00+05:30,67.10673802408795,67.68276004896286,64.70664015001125,65.23465728759766,993920,0.0,0.0
2018-05-22 00:00:00+05:30,65.04264720678637,66.86672291069924,65.04264720678637,65.95468139648438,984018,0.0,0.0
2018-05-23 00:00:00+05:30,66.00269453866142,70.80289050510952,65.85868719476441,67.20274353027344,2910170,0.0,0.0
2018-05-24 00:00:00+05:30,67.68275806832855,68.83480208436555,67.01073361305984,67.49075317382812,1154617,0.0,0.0
2018-05-25 00:00:00+05:30,67.87476358016497,68.97881004487702,67.77876113204158,68.3067855834961,1291727,0.0,0.0
2018-05-28 00:00:00+05:30,68.78680924168938,69.36283128922229,67.97077739730796,68.49879455566406,984121,0.0,0.0
2018-05-29 00:00:00+05:30,69.60284011984716,73.92301640314801,69.21882298531689,71.9549331665039,5882151,0.0,0.0
2018-05-30 00:00:00+05:30,71.66692740508668,73.44299845176168,71.3309151515835,72.72296905517578,2336352,0.0,0.0
2018-05-31 00:00:00+05:30,69.12282166969062,69.84285106208324,67.34675063335906,67.63475799560547,2722228,0.0,0.0
2018-06-01 00:00:00+05:30,67.25073925793171,68.93080761730671,65.37865869134664,66.002685546875,1679272,0.0,0.0
2018-06-04 00:00:00+05:30,66.67471824737294,67.01073782062298,63.50659334208795,63.84260559082031,1262690,0.0,0.0
2018-06-05 00:00:00+05:30,64.32262737929938,64.85065187714557,61.68251953910425,62.018531799316406,1294209,0.0,0.0
2018-06-06 00:00:00+05:30,63.07457289061346,64.9466537366152,61.682518972024724,64.61064147949219,2312598,0.0,0.0
2018-06-07 00:00:00+05:30,66.14669684474516,67.68275797211672,65.5706748375455,67.05873107910156,2336659,0.0,0.0
2018-06-08 00:00:00+05:30,67.20274182367935,68.83480548101882,66.81872469121195,67.73076629638672,1953108,0.0,0.0
2018-06-11 00:00:00+05:30,67.92277268236961,68.83480698292648,67.34675063335906,67.63475799560547,1012468,0.0,0.0
2018-06-12 00:00:00+05:30,67.53874359846797,71.42690455964134,67.01072653212803,70.46686553955078,5665388,0.0,0.0
2018-06-13 00:00:00+05:30,70.08286067976785,70.27486558743956,68.16278230497969,68.49879455566406,1975055,0.0,0.0
2018-06-14 00:00:00+05:30,68.88279883502281,70.75487197111583,68.45078421116021,70.08284759521484,4322615,0.0,0.0
2018-06-15 00:00:00+05:30,70.08286407050583,70.51487879592776,68.21079049432011,68.73880767822266,1670196,0.0,0.0
2018-06-18 00:00:00+05:30,67.97077178955078,70.178857343674,66.86672535023061,67.97077178955078,2955574,0.0,0.0
2018-06-19 00:00:00+05:30,67.44274586668931,68.35478006959931,66.38670433581535,66.77072143554688,1339348,0.0,0.0
2018-06-20 00:00:00+05:30,66.77072143554688,67.58675319465324,66.38670433581535,66.77072143554688,1118095,0.0,0.0
2018-06-21 00:00:00+05:30,66.81872002772182,67.01073224281318,65.13865159938713,65.42666625976562,1040429,0.0,0.0
2018-06-22 00:00:00+05:30,65.23465751127374,65.76268197518807,64.3706281332575,64.80264282226562,970126,0.0,0.0
2018-06-25 00:00:00+05:30,64.6106328870477,66.05069150422246,63.55458404150603,63.794593811035156,1283594,0.0,0.0
2018-06-26 00:00:00+05:30,63.50659194636565,64.56263355825139,62.45055033447992,62.642555236816406,898178,0.0,0.0
2018-06-27 00:00:00+05:30,62.786564225896,63.12257647607422,59.282419732282634,59.570430755615234,1531078,0.0,0.0
2018-06-28 00:00:00+05:30,59.23441982986362,60.38646761121158,57.842362246662276,58.22637939453125,1307020,0.0,0.0
2018-06-29 00:00:00+05:30,59.330418861006684,60.14645433755997,58.802398059859684,59.90644454956055,1041245,0.0,0.0
2018-07-02 00:00:00+05:30,60.242460518665936,60.48247032152915,57.98636983665534,58.41838455200195,1157436,0.0,0.0
2018-07-03 00:00:00+05:30,58.46638488769531,59.42642402435856,57.65034942417635,58.46638488769531,1147051,0.0,0.0
2018-07-04 00:00:00+05:30,58.2743808676394,59.426428653834606,57.84236249003383,58.41838455200195,1290923,0.0,0.0
2018-07-05 00:00:00+05:30,58.17837117265265,58.65839074887011,57.89036015937392,57.986366271972656,677447,0.0,0.0
2018-07-06 00:00:00+05:30,57.74636141205604,58.94641045501432,57.60235406199743,58.130374908447266,1398841,0.0,0.0
2018-07-09 00:00:00+05:30,58.56238889110332,59.28241826271524,58.32237910056601,58.802398681640625,873674,0.0,0.0
2018-07-10 00:00:00+05:30,59.2344164107104,60.67447513870697,58.946405397562835,59.90644454956055,1537253,0.0,0.0
2018-07-11 00:00:00+05:30,59.90644775402716,60.09845266489029,58.37038283130966,58.65839385986328,968497,0.0,0.0
2018-07-12 00:00:00+05:30,58.946404038887685,60.482465181775346,57.890358798676104,58.274375915527344,1438591,0.0,0.0
2018-07-13 00:00:00+05:30,58.5623902712635,58.65839272483744,56.162292309326475,57.026329040527344,927554,0.0,0.0
2018-07-16 00:00:00+05:30,57.02632787310608,57.21833277632331,53.6181859071186,54.53022384643555,1070964,0.0,0.0
2018-07-17 00:00:00+05:30,54.67423159244247,55.10624995240952,52.80215447409111,54.722232818603516,845078,0.0,0.0
2018-07-18 00:00:00+05:30,55.154253112259994,55.490265369426616,52.37013795020335,52.706153869628906,1014142,0.0,0.0
2018-07-19 00:00:00+05:30,53.618187368630615,53.618187368630615,51.69810898605106,52.32213592529297,712400,0.0,0.0
2018-07-20 00:00:00+05:30,51.746111524065,52.322133547760714,50.97807727612577,51.60210418701172,710186,0.0,0.0
2018-07-23 00:00:00+05:30,51.842122582120055,54.19421961690885,51.60211275535098,53.66619873046875,1067724,0.0,0.0
2018-07-24 00:00:00+05:30,53.76219545561692,56.35430204039309,53.76219545561692,55.682273864746094,1460455,0.0,0.0
2018-07-25 00:00:00+05:30,56.16229167057875,56.78631859848871,55.154251270481666,55.77827453613281,1065982,0.0,0.0
2018-07-26 00:00:00+05:30,55.970280166612966,56.450299728354516,55.01024104312987,55.73027038574219,732551,0.0,0.0
2018-07-27 00:00:00+05:30,55.92228069833839,58.46638592033367,55.68227090993351,57.55434799194336,1270928,0.0,0.0
2018-07-30 00:00:00+05:30,58.27437728525138,58.94640542440757,57.26633690764646,57.986366271972656,1215414,0.0,0.0
2018-07-31 00:00:00+05:30,58.082369947699924,58.946406668023776,57.31433934200028,57.6983528137207,1161837,0.0,0.0
2018-08-01 00:00:00+05:30,58.46639395264972,64.99465669942751,58.46639395264972,62.40255355834961,7258634,0.0,0.0
2018-08-02 00:00:00+05:30,62.834562917530626,64.80264621383192,61.34650654733112,62.06653594970703,3712707,0.0,0.0
2018-08-03 00:00:00+05:30,62.40254632384855,63.84260508516813,60.578470427940225,61.10649490356445,2055912,0.0,0.0
2018-08-06 00:00:00+05:30,61.490511142694416,61.87452094717337,60.242457304585244,61.15449523925781,990127,0.0,0.0
2018-08-07 00:00:00+05:30,61.442503368492325,62.162532704841844,60.00244469579329,60.67447280883789,1290129,0.0,0.0
2018-08-08 00:00:00+05:30,60.578473528449535,61.44251029436768,59.954450230627764,60.290462493896484,914914,0.0,0.0
2018-08-09 00:00:00+05:30,60.77047473522479,61.82651995018568,60.67447228943678,61.346500396728516,1245576,0.0,0.0
2018-08-10 00:00:00+05:30,63.314582519114566,63.84260701066404,61.58651634812309,62.06653594970703,2525552,0.0,0.0
2018-08-13 00:00:00+05:30,61.15449448842644,61.15449448842644,59.6184296535585,60.33845901489258,955899,0.0,0.0
2018-08-14 00:00:00+05:30,60.14644969351103,60.72247167533015,58.56238375012078,59.09040451049805,998811,0.0,0.0
2018-08-16 00:00:00+05:30,58.61038978239768,58.61038978239768,57.60234940034342,58.17837142944336,813331,0.0,0.0
2018-08-17 00:00:00+05:30,58.46638488769531,59.04240690478979,58.082367768126545,58.46638488769531,680887,0.0,0.0
2018-08-20 00:00:00+05:30,58.85040136615431,59.85844177894783,58.37038177318036,59.570430755615234,1119642,0.0,0.0
2018-08-21 00:00:00+05:30,59.90643992404332,60.00244236692703,58.754392298146634,59.09040451049805,674233,0.0,0.0
2018-08-23 00:00:00+05:30,59.138415372080416,59.282422722139025,57.698356520530474,58.130374908447266,602880,0.0,0.0
2018-08-24 00:00:00+05:30,58.13036960474324,58.17837082963022,56.88231944638815,57.36233901977539,842036,0.0,0.0
2018-08-27 00:00:00+05:30,57.8423608763652,59.23441842658841,57.69835353376116,58.51438903808594,1068565,0.0,0.0
2018-08-28 00:00:00+05:30,58.51439206709753,59.2344214928725,57.698356520530474,58.130374908447266,886799,0.0,0.0
2018-08-29 00:00:00+05:30,58.658392718431124,59.71443801892339,58.274379241918446,58.51438903808594,1290272,0.0,0.0
2018-08-30 00:00:00+05:30,60.29045900740213,64.22662179286888,60.29045900740213,60.914485931396484,4026232,0.0,0.0
2018-08-31 00:00:00+05:30,61.442510695684526,61.538513153742926,59.8584445019078,60.48247146606445,1284906,0.0,0.0
2018-09-03 00:00:00+05:30,60.6744737581923,61.15449332326936,60.00244563463268,60.194454193115234,962021,0.0,0.0
2018-09-04 00:00:00+05:30,60.24245750267202,60.24245750267202,57.98636693361092,58.37038040161133,694486,0.0,0.0
2018-09-05 00:00:00+05:30,57.74636048382244,57.9863702885561,56.35430288391541,57.12233352661133,839724,0.0,0.0
2018-09-06 00:00:00+05:30,57.89036467498491,58.03437202398661,56.4503058340039,56.88232421875,752865,0.0,0.0
2018-09-07 00:00:00+05:30,57.12233214390901,58.4663884827869,56.16229294821306,57.410343170166016,1147740,0.0,0.0
2018-09-10 00:00:00+05:30,57.12232911034758,57.60234868270344,56.11428874085201,56.306297302246094,693502,0.0,0.0
2018-09-11 00:00:00+05:30,57.36234484733419,58.27438286187751,56.06629333242358,56.402305603027344,1157976,0.0,0.0
2018-09-12 00:00:00+05:30,56.306295636428324,56.40229808315579,54.77023085297871,55.53826141357422,597905,0.0,0.0
2018-09-14 00:00:00+05:30,56.01828215517549,56.97832129176639,55.97028093079768,56.54630661010742,750692,0.0,0.0
2018-09-17 00:00:00+05:30,55.73027525790083,58.754400226156875,55.73027525790083,58.22637939453125,1488599,0.0,0.0
2018-09-18 00:00:00+05:30,58.41917506553921,61.600420294114265,58.41917506553921,58.85298156738281,1730396,0.25,0.0
2018-09-19 00:00:00+05:30,59.19039035363387,60.106199617539446,58.12997401410647,58.61198043823242,924618,0.0,0.0
2018-09-21 00:00:00+05:30,58.901182305888625,60.10619834060334,53.64731533646613,56.6357536315918,1625779,0.0,0.0
2018-09-24 00:00:00+05:30,56.97316297324779,57.26236979560928,54.08112416897293,54.514930725097656,831426,0.0,0.0
2018-09-25 00:00:00+05:30,54.17752128737894,54.514924303834945,53.06890507202279,53.84011459350586,790040,0.0,0.0
2018-09-26 00:00:00+05:30,54.22572187475256,54.659528385234005,53.06890573927441,53.50271224975586,1059682,0.0,0.0
2018-09-27 00:00:00+05:30,53.74371369662201,54.322119906695086,52.24949458941906,52.63509750366211,660874,0.0,0.0
2018-09-28 00:00:00+05:30,53.020705054788024,53.16530844863155,48.297040769849175,49.16465377807617,1035625,0.0,0.0
2018-10-01 00:00:00+05:30,49.35746134232416,49.405661251964545,45.30860641643578,48.0560417175293,1005806,0.0,0.0
2018-10-03 00:00:00+05:30,48.15244039974843,50.996278913201444,46.94742439213419,49.50205612182617,1014685,0.0,0.0
2018-10-04 00:00:00+05:30,48.9236550688325,50.89988079425752,48.58625202208337,48.82725524902344,873943,0.0,0.0
2018-10-05 00:00:00+05:30,49.02004823809388,49.02004823809388,44.82659412922949,45.50140380859375,1082602,0.0,0.0
2018-10-08 00:00:00+05:30,45.549609163533084,45.74241247748654,43.62158337883327,44.3445930480957,809013,0.0,0.0
2018-10-09 00:00:00+05:30,44.633793567110324,44.77839696346355,43.42877752222389,43.66978073120117,666643,0.0,0.0
2018-10-10 00:00:00+05:30,43.91078543748376,46.51362091867547,43.91078543748376,45.790611267089844,935524,0.0,0.0
2018-10-11 00:00:00+05:30,44.68199179633144,51.09267838547587,43.81438248302827,49.98406219482422,3819144,0.0,0.0
2018-10-12 00:00:00+05:30,50.080466352246624,51.719288869221806,49.26105325505051,49.64665985107422,1910949,0.0,0.0
2018-10-15 00:00:00+05:30,49.88766411801927,50.89987685739421,48.87545137864433,50.225067138671875,991559,0.0,0.0
2018-10-16 00:00:00+05:30,50.32146749236326,51.09267697537613,49.50205442876087,50.5142707824707,720273,0.0,0.0
2018-10-17 00:00:00+05:30,51.04448239761361,51.28548561603726,48.20064368473103,48.58625030517578,669861,0.0,0.0
2018-10-19 00:00:00+05:30,47.622238060953805,48.538047361135085,45.54960888414737,46.22441864013672,930418,0.0,0.0
2018-10-22 00:00:00+05:30,46.51362144220618,47.09202769901799,45.308605342667164,46.07981491088867,520352,0.0,0.0
2018-10-23 00:00:00+05:30,44.53739209830031,47.42943049848323,44.53739209830031,46.7064208984375,844058,0.0,0.0
2018-10-24 00:00:00+05:30,46.995625561751986,47.381232165533206,45.83880942782544,46.17621612548828,490501,0.0,0.0
2018-10-25 00:00:00+05:30,45.64601135253906,46.12801782374821,45.0194051464177,45.64601135253906,476585,0.0,0.0
2018-10-26 00:00:00+05:30,45.69420709947167,46.65821987644434,44.97119751674216,45.50140380859375,590294,0.0,0.0
2018-10-29 00:00:00+05:30,45.69421279238757,46.89922891373305,45.30860616259007,46.51362228393555,553052,0.0,0.0
2018-10-30 00:00:00+05:30,46.75462167331495,47.81503430215527,46.65822186248113,47.140228271484375,684531,0.0,0.0
2018-10-31 00:00:00+05:30,47.23663000817336,48.2970426802471,46.17621733609962,47.52583312988281,687763,0.0,0.0
2018-11-01 00:00:00+05:30,47.91143699430597,49.164652901407464,47.622233889192856,48.7308464050293,1135094,0.0,0.0
2018-11-02 00:00:00+05:30,48.97185478460291,50.12867100481284,48.97185478460291,49.453861236572266,1151429,0.0,0.0
2018-11-05 00:00:00+05:30,49.357461361676854,50.562477490246025,48.779051413513216,50.08047103881836,925598,0.0,0.0
2018-11-06 00:00:00+05:30,50.3214688811785,50.56247208110999,49.74305899489273,49.98406219482422,495537,0.0,0.0
2018-11-07 00:00:00+05:30,50.32147737199414,50.75528394055103,49.69486747547668,50.417877197265625,313349,0.0,0.0
2018-11-09 00:00:00+05:30,51.044479033359686,51.526485438438776,50.46606914081455,50.89987564086914,657405,0.0,0.0
2018-11-12 00:00:00+05:30,51.04448218199892,51.381885215399926,49.55026296956738,49.8394660949707,689337,0.0,0.0
2018-11-13 00:00:00+05:30,50.128672660028556,50.85168236185589,49.79126960347614,50.321475982666016,551915,0.0,0.0
2018-11-14 00:00:00+05:30,50.707077276209105,50.80348077305341,49.16465810087413,49.453861236572266,480760,0.0,0.0
2018-11-15 00:00:00+05:30,49.35746269820108,49.35746269820108,48.393449769241755,48.779052734375,404552,0.0,0.0
2018-11-16 00:00:00+05:30,48.77904424645355,49.50205381736393,48.53804105615009,48.97184753417969,489938,0.0,0.0
2018-11-19 00:00:00+05:30,49.11645246757324,49.550258959277244,48.63444607177255,49.06825256347656,755204,0.0,0.0
2018-11-20 00:00:00+05:30,48.779046517257626,50.61067231979808,48.68264670761529,49.50205612182617,1289475,0.0,0.0
2018-11-21 00:00:00+05:30,49.3574565386047,49.64665964571771,48.682646837063,48.875450134277344,503386,0.0,0.0
2018-11-22 00:00:00+05:30,49.020054620006654,49.405661251964545,47.81503849190996,48.0560417175293,577280,0.0,0.0
2018-11-26 00:00:00+05:30,48.44164854620882,48.44164854620882,46.94742927678436,47.42943572998047,528214,0.0,0.0
2018-11-27 00:00:00+05:30,47.2366280823182,47.574031097653645,46.851021484148774,47.140228271484375,597929,0.0,0.0
2018-11-28 00:00:00+05:30,46.802822988731066,47.33302931912442,46.369016472075714,46.61001968383789,500059,0.0,0.0
2018-11-29 00:00:00+05:30,46.802823344385246,46.94742674350826,45.79061058277575,46.128013610839844,594629,0.0,0.0
2018-11-30 00:00:00+05:30,46.12801153723058,46.70642143030397,45.93521191695648,46.369014739990234,448280,0.0,0.0
2018-12-03 00:00:00+05:30,47.71863469144076,48.00783780257213,46.85102168062955,47.284828186035156,418316,0.0,0.0
2018-12-04 00:00:00+05:30,46.99562594381548,47.959638783688625,46.851022546867654,47.09202575683594,473792,0.0,0.0
2018-12-05 00:00:00+05:30,46.56181803768136,47.3812311335144,45.93521191695648,46.369014739990234,480529,0.0,0.0
2018-12-06 00:00:00+05:30,45.93521555492624,46.0798152815838,45.308605707158186,45.597808837890625,364615,0.0,0.0
2018-12-07 00:00:00+05:30,45.50140412745986,45.98341051932402,44.82659444336665,45.0193977355957,388840,0.0,0.0
2018-12-10 00:00:00+05:30,43.862586975097656,44.68199646959956,43.669783659503864,43.862586975097656,366477,0.0,0.0
2018-12-11 00:00:00+05:30,43.380583182048554,45.01940594885391,43.187779854644816,44.68199920654297,409625,0.0,0.0
2018-12-12 00:00:00+05:30,44.87479490002273,46.46541748374108,44.87479490002273,45.935211181640625,569698,0.0,0.0
2018-12-13 00:00:00+05:30,46.272619059666454,47.333031775483526,45.98341592602701,46.51362228393555,849948,0.0,0.0
2018-12-14 00:00:00+05:30,46.272614929853184,46.75462133537249,46.079811632162055,46.369014739990234,300417,0.0,0.0
2018-12-17 00:00:00+05:30,46.56181975754866,50.99628105857345,46.56181975754866,49.26105499267578,2537763,0.0,0.0
2018-12-18 00:00:00+05:30,48.97185324820327,49.646662995272955,47.47763402946006,48.58625030517578,781375,0.0,0.0
2018-12-19 00:00:00+05:30,48.63445128647427,49.5984641814394,48.248844657521275,48.538047790527344,546788,0.0,0.0
2018-12-20 00:00:00+05:30,48.20064813096332,50.12867405620186,47.91144497766107,49.020057678222656,942141,0.0,0.0
2018-12-21 00:00:00+05:30,49.116453336441026,49.88766284788139,48.00783713552129,48.875450134277344,879600,0.0,0.0
2018-12-24 00:00:00+05:30,49.06825499079515,49.502057826541645,48.05603856760761,48.345245361328125,392420,0.0,0.0
2018-12-26 00:00:00+05:30,48.0078416218858,48.056041531339446,47.333031857282684,47.911441802978516,538850,0.0,0.0
2018-12-27 00:00:00+05:30,49.16465411799969,50.12866694384282,48.44164449861734,48.682647705078125,759242,0.0,0.0
2018-12-28 00:00:00+05:30,48.97185255644621,49.550262478942955,48.77904924894729,48.92365264892578,586213,0.0,0.0
2018-12-31 00:00:00+05:30,49.50206072016168,51.092683468935086,49.35746099226605,50.562477111816406,2986914,0.0,0.0
2019-01-01 00:00:00+05:30,50.6106737429181,50.80347704504121,49.839464211842774,50.225067138671875,978575,0.0,0.0
2019-01-02 00:00:00+05:30,49.74305700766739,49.839460490238885,48.73084434387623,48.97184753417969,486138,0.0,0.0
2019-01-03 00:00:00+05:30,48.682644750130876,49.02004774772939,48.00783507751697,48.48984146118164,523088,0.0,0.0
2019-01-04 00:00:00+05:30,48.29704666137695,48.8272567185363,47.718640370279964,48.29704666137695,517797,0.0,0.0
2019-01-07 00:00:00+05:30,49.02005315640454,49.35745986864803,48.34524708675213,48.58625030517578,574353,0.0,0.0
2019-01-08 00:00:00+05:30,48.58624945316771,48.87545257472118,47.863239810575436,48.152442932128906,277462,0.0,0.0
2019-01-09 00:00:00+05:30,48.39344670083339,48.6344499177923,47.5258336488144,47.81503677368164,406039,0.0,0.0
2019-01-10 00:00:00+05:30,47.86324227334045,47.86324227334045,47.28483232305468,47.42943572998047,375422,0.0,0.0
2019-01-11 00:00:00+05:30,47.91144007512503,48.393446507113374,47.477633550852076,47.67043685913086,449836,0.0,0.0
2019-01-14 00:00:00+05:30,47.477632017516534,47.959638433938025,46.7546223928843,47.574031829833984,479828,0.0,0.0
2019-01-15 00:00:00+05:30,47.95963755756209,48.39344405989782,47.57403096050432,47.7668342590332,345564,0.0,0.0
2019-01-16 00:00:00+05:30,47.95964360447329,48.97185645260179,47.81504019299029,48.29704666137695,562962,0.0,0.0
2019-01-17 00:00:00+05:30,48.489848259127584,48.73085148474692,47.718638672629176,48.0560417175293,257293,0.0,0.0
2019-01-18 00:00:00+05:30,48.05603927077479,48.248842576937236,47.14023000198328,47.38123321533203,320340,0.0,0.0
2019-01-21 00:00:00+05:30,47.718632721586076,47.81503252884473,46.75461993933181,46.89922332763672,461393,0.0,0.0
2019-01-22 00:00:00+05:30,46.65822254150625,46.706422447624625,45.694209709470314,46.17621612548828,374530,0.0,0.0
2019-01-23 00:00:00+05:30,46.465421861745966,46.947428304964454,45.98341541852748,46.22441864013672,474316,0.0,0.0
2019-01-24 00:00:00+05:30,45.887006712932674,46.176213487958,45.30860051771583,45.50140380859375,283628,0.0,0.0
2019-01-25 00:00:00+05:30,45.54960702432169,45.98341354098913,44.248191151736506,44.585594177246094,441874,0.0,0.0
2019-01-28 00:00:00+05:30,44.440993244461666,44.537396740967246,43.38058052482186,43.862586975097656,305820,0.0,0.0
2019-01-29 00:00:00+05:30,43.76618194580078,44.63379124656098,43.380575360518286,43.76618194580078,351783,0.0,0.0
2019-01-30 00:00:00+05:30,44.0553873245356,44.58559364865784,43.66978071931009,44.296390533447266,366756,0.0,0.0
2019-01-31 00:00:00+05:30,44.82660262145017,44.97120603635737,44.19999272674243,44.68199920654297,348903,0.0,0.0
2019-02-01 00:00:00+05:30,44.826596857569506,45.21220346279502,43.95898383452066,44.296390533447266,306758,0.0,0.0
2019-02-04 00:00:00+05:30,44.39278981729165,44.826596323649085,43.18777378708603,43.380577087402344,415215,0.0,0.0
2019-02-05 00:00:00+05:30,43.42877434453701,43.717977438665315,42.51296148194999,42.70576477050781,308166,0.0,0.0
2019-02-06 00:00:00+05:30,42.60936376617141,43.332373319859556,41.98275401534165,42.753963470458984,468415,0.0,0.0
2019-02-07 00:00:00+05:30,43.139570036726035,43.332373319859556,42.41656048303789,42.753963470458984,295263,0.0,0.0
2019-02-08 00:00:00+05:30,42.17555913522768,42.94676862393131,42.030955747225846,42.36836242675781,263511,0.0,0.0
2019-02-11 00:00:00+05:30,42.41656143363865,42.898567813566366,41.45254867378323,41.93455505371094,319106,0.0,0.0
2019-02-12 00:00:00+05:30,43.3805781374673,44.73019759493315,42.657568501842846,43.958984375,1781702,0.0,0.0
2019-02-14 00:00:00+05:30,42.51296440156127,44.24819044033284,41.78995477787882,43.52518081665039,565145,0.0,0.0
2019-02-15 00:00:00+05:30,43.33237967702392,43.33237967702392,41.69355704608732,42.03096008300781,442892,0.0,0.0
2019-02-18 00:00:00+05:30,42.030959371233365,42.27196258707167,41.45255312418833,41.5971565246582,264084,0.0,0.0
2019-02-19 00:00:00+05:30,41.838155488122894,43.66977753588007,41.789951907920795,42.70576477050781,506910,0.0,0.0
2019-02-20 00:00:00+05:30,42.89856980960336,43.573379508383894,42.70576651317792,42.94676971435547,391153,0.0,0.0
2019-02-21 00:00:00+05:30,43.09137484480908,43.81438447751589,42.65756832970156,43.187774658203125,365881,0.0,0.0
2019-02-22 00:00:00+05:30,43.18777638153173,43.9107860430889,42.946773161012665,43.42877960205078,451010,0.0,0.0
2019-02-25 00:00:00+05:30,43.428773476243755,45.067595880094174,43.428773476243755,44.77839279174805,587009,0.0,0.0
2019-02-26 00:00:00+05:30,44.48919153514275,44.48919153514275,43.380575360518286,43.76618194580078,509709,0.0,0.0
2019-02-27 00:00:00+05:30,44.19998950288559,45.26040588755274,42.94677348229473,43.57338333129883,732436,0.0,0.0
2019-02-28 00:00:00+05:30,43.91078219898036,44.34458869342114,43.573379190758075,44.05538558959961,318977,0.0,0.0
2019-03-01 00:00:00+05:30,44.82659412922949,45.98341019708009,44.58559093498632,45.50140380859375,1337681,0.0,0.0
2019-03-05 00:00:00+05:30,45.59780263976078,48.87544748230954,45.54960273742676,48.20063781738281,2223281,0.0,0.0
2019-03-06 00:00:00+05:30,49.93586627701929,50.85167924535752,48.82725367527703,49.357460021972656,2132625,0.0,0.0
2019-03-07 00:00:00+05:30,49.743063382622246,49.791266968794076,48.007840925538645,48.248844146728516,707554,0.0,0.0
2019-03-08 00:00:00+05:30,47.718636436828184,48.77904910890193,47.2848299155554,47.52583312988281,622626,0.0,0.0
2019-03-11 00:00:00+05:30,47.38122898520304,48.682644750130876,47.38122898520304,48.48984146118164,712258,0.0,0.0
2019-03-12 00:00:00+05:30,48.53804256939051,49.357455648418714,48.24883946749342,48.44164276123047,776571,0.0,0.0
2019-03-13 00:00:00+05:30,48.5380456974723,48.5380456974723,47.14023000198328,47.38123321533203,601863,0.0,0.0
2019-03-14 00:00:00+05:30,47.38122992388735,48.00783602861519,46.89922353067352,47.0438232421875,401428,0.0,0.0
2019-03-15 00:00:00+05:30,47.04382390749204,47.525830307522526,46.46541769842226,46.7064208984375,426374,0.0,0.0
2019-03-18 00:00:00+05:30,46.8510257796947,47.86324227334045,46.80282586985857,47.42943572998047,651392,0.0,0.0
2019-03-19 00:00:00+05:30,47.67044007252226,49.74306566333433,46.99563028676724,48.779052734375,1992620,0.0,0.0
2019-03-20 00:00:00+05:30,48.68265086548065,48.97185399652479,47.429434846011155,47.62223815917969,626541,0.0,0.0
2019-03-22 00:00:00+05:30,47.574027763207845,48.39344080753124,46.36901182515884,46.802818298339844,636005,0.0,0.0
2019-03-25 00:00:00+05:30,46.27261681590503,46.85102305513697,45.59780708518965,45.98341369628906,444370,0.0,0.0
2019-03-26 00:00:00+05:30,46.46541822754431,47.62223433627405,45.838808429402405,46.369014739990234,667090,0.0,0.0
2019-03-27 00:00:00+05:30,46.75462288671117,46.89922628413178,46.07981316111026,46.46541976928711,658119,0.0,0.0
2019-03-28 00:00:00+05:30,46.899230638629945,47.33303351633517,46.46542408350722,46.7546272277832,427776,0.0,0.0
2019-04-01 00:00:00+05:30,47.91143971793148,49.6466621246695,47.91143971793148,48.152442932128906,1374422,0.0,0.0
2019-04-02 00:00:00+05:30,48.29704320759947,48.53804642455838,47.5258336488144,47.81503677368164,534276,0.0,0.0
2019-04-03 00:00:00+05:30,48.152440856090976,48.586247358426704,47.1884280408636,47.7668342590332,808590,0.0,0.0
2019-04-04 00:00:00+05:30,48.104245889504895,48.441648938507626,46.75462633865911,46.94742965698242,615880,0.0,0.0
2019-04-05 00:00:00+05:30,47.815037613103286,48.48984736791839,47.5258344831589,48.248844146728516,1549401,0.0,0.0
2019-04-08 00:00:00+05:30,48.20063781738281,49.40565376281738,47.525828152456086,48.20063781738281,1272186,0.0,0.0
2019-04-09 00:00:00+05:30,48.2006402269676,48.682646629237276,47.718633824697925,48.10424041748047,513054,0.0,0.0
2019-04-10 00:00:00+05:30,47.67043704995665,48.923653042659545,47.5258336488144,47.81503677368164,806530,0.0,0.0
2019-04-11 00:00:00+05:30,47.81503503804473,48.10424182983132,47.38123220519908,47.574031829833984,392529,0.0,0.0
2019-04-12 00:00:00+05:30,47.81503503804473,48.20064164214877,47.42943211135781,47.574031829833984,418329,0.0,0.0
2019-04-15 00:00:00+05:30,47.81503178856774,49.116451230912446,47.57402859673541,48.48984146118164,935588,0.0,0.0
2019-04-16 00:00:00+05:30,48.68265330705329,49.16465977543996,48.20064683866663,48.29704666137695,667394,0.0,0.0
2019-04-18 00:00:00+05:30,48.82725609718271,48.875456007924505,46.995630069654815,47.23663330078125,631179,0.0,0.0
2019-04-22 00:00:00+05:30,47.092025910803045,47.092025910803045,46.27261646519868,46.46541976928711,348328,0.0,0.0
2019-04-23 00:00:00+05:30,46.802818298339844,47.574027763207845,46.51361520869144,46.802818298339844,576467,0.0,0.0
2019-04-24 00:00:00+05:30,47.04382478323349,47.42943138140291,46.851021484148774,47.140228271484375,398748,0.0,0.0
2019-04-25 00:00:00+05:30,46.99562821380284,47.381234839344565,45.838812014595,46.22441864013672,431032,0.0,0.0
2019-04-26 00:00:00+05:30,46.2244195274092,46.36901925669993,45.79061298470223,46.0316162109375,321256,0.0,0.0
2019-04-30 00:00:00+05:30,46.0316143558865,46.0316143558865,44.199988439345056,44.392791748046875,505957,0.0,0.0
2019-05-02 00:00:00+05:30,44.10358656112616,45.64600560377249,43.57338024505505,44.633792877197266,494202,0.0,0.0
2019-05-03 00:00:00+05:30,44.73019826446046,44.92299789491243,44.19998824846587,44.248191833496094,223449,0.0,0.0
2019-05-06 00:00:00+05:30,43.428782024766896,44.34459504931228,42.46476908891228,43.33238220214844,408500,0.0,0.0
2019-05-07 00:00:00+05:30,43.621580647922656,43.66978055403914,42.03095800415863,42.2719612121582,457064,0.0,0.0
2019-05-08 00:00:00+05:30,42.07916314938087,42.60936949117411,41.597156715492964,41.741756439208984,474404,0.0,0.0
2019-05-09 00:00:00+05:30,41.741755037182166,42.561168153719414,41.50075182833306,41.645355224609375,442093,0.0,0.0
2019-05-10 00:00:00+05:30,41.789954409259856,42.12736110378575,41.25974809205297,41.35615158081055,504873,0.0,0.0
2019-05-13 00:00:00+05:30,41.35615247310736,41.64535559078575,40.39213962923462,40.536739349365234,329781,0.0,0.0
2019-05-14 00:00:00+05:30,40.48853803525722,40.48853803525722,39.62092503496347,39.81372833251953,460187,0.0,0.0
2019-05-15 00:00:00+05:30,40.15113625418587,40.777742393692186,38.99432011078257,39.138919830322266,466148,0.0,0.0
2019-05-16 00:00:00+05:30,39.428125208820056,39.62092482795175,38.65691202262526,39.042518615722656,429644,0.0,0.0
2019-05-17 00:00:00+05:30,39.18712376598016,39.42812697812661,38.31951073128606,38.65691375732422,560173,0.0,0.0
2019-05-20 00:00:00+05:30,40.39213911044694,41.5971551498109,39.37992269544752,39.62092590332031,1345155,0.0,0.0
2019-05-21 00:00:00+05:30,40.00653409205829,40.68134383632345,38.99432131436918,39.090721130371094,639298,0.0,0.0
2019-05-22 00:00:00+05:30,39.23532453179122,39.62092747321613,38.75331809694715,39.090721130371094,675993,0.0,0.0
2019-05-23 00:00:00+05:30,40.24753642845768,40.29573633540353,38.0785075191396,38.65691375732422,992452,0.0,0.0
2019-05-24 00:00:00+05:30,39.2353234811039,40.777742560333415,38.94612036342551,40.536739349365234,1139462,0.0,0.0
2019-05-27 00:00:00+05:30,40.8259422992495,43.09137467948983,40.584939089271835,41.789955139160156,1366499,0.0,0.0
2019-05-28 00:00:00+05:30,42.127362829751405,44.53739498617406,41.98275942939915,43.62158203125,2887965,0.0,0.0
2019-05-29 00:00:00+05:30,44.73019528346116,45.694208081144225,43.573379190758075,44.05538558959961,2437336,0.0,0.0
2019-05-30 00:00:00+05:30,44.10358757793586,44.5373940928744,43.42877785218893,43.81438446044922,701043,0.0,0.0
2019-05-31 00:00:00+05:30,43.95898829700437,44.103591707997595,42.32016925197453,42.56117248535156,821815,0.0,0.0
2019-06-03 00:00:00+05:30,42.464765533260355,42.51296544053372,41.69355598463494,42.07916259765625,505080,0.0,0.0
2019-06-04 00:00:00+05:30,42.07916739193583,43.5251868393918,41.83816415069317,42.65757369995117,969869,0.0,0.0
2019-06-06 00:00:00+05:30,42.65756816604661,42.802171563000066,41.356152303134074,41.789955139160156,370029,0.0,0.0
2019-06-07 00:00:00+05:30,41.88636001358713,41.98275982979653,40.8741472337194,41.115150451660156,331405,0.0,0.0
2019-06-10 00:00:00+05:30,41.21154977333655,41.4525529883853,39.76553048304404,40.199337005615234,550010,0.0,0.0
2019-06-11 00:00:00+05:30,40.39214083312046,40.82594368385894,39.86193081125384,40.48854064941406,563242,0.0,0.0
2019-06-12 00:00:00+05:30,40.488540320850234,41.259749877192505,40.10293370397048,40.343936920166016,515096,0.0,0.0
2019-06-13 00:00:00+05:30,40.44033758162568,40.44033758162568,38.801515090756304,39.5245246887207,560766,0.0,0.0
2019-06-14 00:00:00+05:30,39.4281287334323,39.524528551615646,38.75331897389686,38.897918701171875,457176,0.0,0.0
2019-06-17 00:00:00+05:30,39.09072272185295,39.13892263181624,38.31951313018799,38.560516357421875,395103,0.0,0.0
2019-06-18 00:00:00+05:30,38.319509003930335,38.897915216041724,38.22310919438411,38.41590881347656,407060,0.0,0.0
2019-06-19 00:00:00+05:30,38.656913396087475,38.994320096389856,36.72888771693265,37.11449432373047,768375,0.0,0.0
2019-06-20 00:00:00+05:30,36.87349451505221,37.982110853792015,36.39148805080316,37.59650421142578,611334,0.0,0.0
2019-06-21 00:00:00+05:30,37.54830188779525,38.41591126124427,37.403698486845116,37.692901611328125,456757,0.0,0.0
2019-06-24 00:00:00+05:30,37.789307532608895,38.319513907799355,37.25910115741844,37.59650421142578,353523,0.0,0.0
2019-06-25 00:00:00+05:30,37.596499528758386,38.078505932973236,36.825290017498034,37.789302825927734,780189,0.0,0.0
2019-06-26 00:00:00+05:30,37.7893010072225,39.33171995551042,37.64469762195064,38.801513671875,1118694,0.0,0.0
2019-06-27 00:00:00+05:30,39.18712532118445,39.524528360613004,38.60871538262753,38.753318786621094,667806,0.0,0.0
2019-06-28 00:00:00+05:30,39.042520171345316,39.187123568872714,37.789304209970744,38.51231384277344,728849,0.0,0.0
2019-07-01 00:00:00+05:30,38.70511646894637,39.42812608908298,38.65691288567026,38.84971618652344,427863,0.0,0.0
2019-07-02 00:00:00+05:30,38.849718604338584,39.042521917190896,38.17490884806416,38.753318786621094,334963,0.0,0.0
2019-07-03 00:00:00+05:30,38.753315509608115,39.23532191227136,38.46411240349357,39.042518615722656,494080,0.0,0.0
2019-07-04 00:00:00+05:30,39.2353252300432,39.524528360613004,38.60871538262753,38.753318786621094,377288,0.0,0.0
2019-07-05 00:00:00+05:30,38.801517316356176,39.09072043664682,37.93390427806705,38.03030776977539,399725,0.0,0.0
2019-07-08 00:00:00+05:30,37.59649722963174,37.98210380038955,36.969887471504485,37.25909423828125,319097,0.0,0.0
2019-07-09 00:00:00+05:30,36.96989059448242,37.25909738568951,36.632487574630304,36.96989059448242,407068,0.0,0.0
2019-07-10 00:00:00+05:30,37.01809187586256,37.01809187586256,36.343282200706604,36.43968200683594,264288,0.0,0.0
2019-07-11 00:00:00+05:30,36.72888458548039,37.066291257015955,36.48788139613362,36.7770881652832,332284,0.0,0.0
2019-07-12 00:00:00+05:30,37.018094861180685,37.018094861180685,36.43968494550829,36.63248825073242,309885,0.0,0.0
2019-07-15 00:00:00+05:30,36.82529102432683,37.01809432676755,36.198681210748774,36.343284606933594,284072,0.0,0.0
2019-07-16 00:00:00+05:30,36.53608757320662,36.63248738483144,36.15048097187314,36.19868087768555,268557,0.0,0.0
2019-07-17 00:00:00+05:30,36.4396840841647,36.72888719645627,36.15048097187314,36.19868087768555,469838,0.0,0.0
2019-07-18 00:00:00+05:30,36.10228087086521,36.15048077641701,35.282867766816175,35.42747116088867,350632,0.0,0.0
2019-07-19 00:00:00+05:30,35.57207845642189,35.57207845642189,34.70446535166332,34.800865173339844,418550,0.0,0.0
2019-07-22 00:00:00+05:30,34.70446523832727,34.800865059688974,33.78865222572125,34.02965545654297,411936,0.0,0.0
2019-07-23 00:00:00+05:30,34.39167022705078,34.6362766903089,34.244904856136536,34.39167022705078,246513,0.52,0.0
2019-07-24 00:00:00+05:30,34.29382411975423,34.44058948517959,33.07079184920381,33.36431884765625,388457,0.0,0.0
2019-07-25 00:00:00+05:30,33.51109077681357,33.706776724909794,32.58158532265572,32.77727127075195,338134,0.0,0.0
2019-07-26 00:00:00+05:30,32.77726658685554,33.31540006792123,32.38589474659041,32.82618713378906,415904,0.0,0.0
2019-07-29 00:00:00+05:30,32.875107709957845,32.92403198933336,32.28805368143658,32.385894775390625,315788,0.0,0.0
2019-07-30 00:00:00+05:30,32.53265988508995,32.679425257230186,30.477965203318107,30.869335174560547,534687,0.0,0.0
2019-07-31 00:00:00+05:30,30.869336132957073,32.190213326032975,30.184439128568698,31.79884147644043,446076,0.0,0.0
2019-08-01 00:00:00+05:30,31.407472610473633,32.87511158726958,30.918261484407783,31.407472610473633,507507,0.0,0.0
2019-08-02 00:00:00+05:30,31.26070764640463,31.407469289124784,30.3312023129162,31.162864685058594,424586,0.0,0.0
2019-08-05 00:00:00+05:30,30.96717891265382,30.96717891265382,29.695226007580235,29.841989517211914,464452,0.0,0.0
2019-08-06 00:00:00+05:30,29.45062006318127,30.771495405903554,29.45062006318127,30.575809478759766,415861,0.0,0.0
2019-08-07 00:00:00+05:30,31.01610145989569,31.162864970157802,29.9398326076414,30.380123138427734,371434,0.0,0.0
2019-08-08 00:00:00+05:30,30.3801225961717,32.239133246974504,30.08659558088665,31.945606231689453,591876,0.0,0.0
2019-08-09 00:00:00+05:30,32.28805796482117,32.63050557148847,31.798844965354185,32.141292572021484,318544,0.0,0.0
2019-08-13 00:00:00+05:30,31.6031586786399,31.701003516918647,30.77149808146475,30.967182159423828,360464,0.0,0.0
2019-08-14 00:00:00+05:30,31.26070768156905,31.30962822919746,30.380122894663455,30.722572326660156,312512,0.0,0.0
2019-08-16 00:00:00+05:30,30.526889557837624,32.53266195441185,29.548463634396665,31.847763061523438,1233067,0.0,0.0
2019-08-19 00:00:00+05:30,31.84776160578787,32.33697454514682,31.40746921388511,31.6031551361084,256202,0.0,0.0
2019-08-20 00:00:00+05:30,31.749923080956957,31.896684735205536,30.037677654598404,30.477968215942383,346797,0.0,0.0
2019-08-21 00:00:00+05:30,30.869335950832944,30.869335950832944,29.401697122117604,29.841989517211914,519432,0.0,0.0
2019-08-22 00:00:00+05:30,29.401699525728027,29.548464913557158,27.59161298196263,28.178667068481445,548980,0.0,0.0
2019-08-23 00:00:00+05:30,28.374350596282444,29.05924946060345,27.2491612044973,28.863563537597656,731882,0.0,0.0
2019-08-26 00:00:00+05:30,29.3527780502062,29.9398339844502,28.521115632210485,29.646305084228516,438131,0.0,0.0
2019-08-27 00:00:00+05:30,29.450620948650215,32.239135230193064,29.450620948650215,31.50531578063965,735904,0.0,0.0
2019-08-28 00:00:00+05:30,31.652076742408475,31.79884212208525,30.037676227957185,30.233360290527344,464826,0.0,0.0
2019-08-29 00:00:00+05:30,30.5268875911147,32.141288021343826,30.086595207452774,31.309627532958984,1563571,0.0,0.0
2019-08-30 00:00:00+05:30,31.456395969712542,31.798843561258877,30.575811116595077,30.91826057434082,597218,0.0,0.0
2019-09-03 00:00:00+05:30,30.28228249903591,31.554235428754023,29.939833059127402,30.135517120361328,431799,0.0,0.0
2019-09-04 00:00:00+05:30,30.28228286086267,31.01610229820636,29.84199045197672,30.771495819091797,298368,0.0,0.0
2019-09-05 00:00:00+05:30,31.016104748125482,34.09814438897582,30.918261775511308,33.02187728881836,1770170,0.0,0.0
2019-09-06 00:00:00+05:30,32.77726450659537,33.60892494887805,32.483737511224916,33.168636322021484,771025,0.0,0.0
2019-09-09 00:00:00+05:30,33.07079354434153,33.951378317234024,32.82618707769344,33.70677185058594,531847,0.0,0.0
2019-09-11 00:00:00+05:30,33.75569355823323,34.8319605555363,33.65785246116881,34.293827056884766,724113,0.0,0.0
2019-09-12 00:00:00+05:30,34.489516336360346,35.61470772398133,34.04922389196957,34.53843688964844,1043606,0.0,0.0
2019-09-13 00:00:00+05:30,34.78303827143737,40.75143820452745,34.29382534572827,39.43056106567383,5761264,0.0,0.0
2019-09-16 00:00:00+05:30,38.59890425007509,39.52840964366296,37.229106435061496,37.47371292114258,1870961,0.0,0.0
2019-09-17 00:00:00+05:30,37.18018045938017,38.94134615571326,35.71254175703621,36.250675201416016,2803129,0.0,0.0
2019-09-18 00:00:00+05:30,36.73989154758304,36.88665692454006,35.712545106079645,36.05499267578125,661378,0.0,0.0
2019-09-19 00:00:00+05:30,36.054991546701594,36.98449686272479,34.293825740362024,34.58735275268555,908948,0.0,0.0
2019-09-20 00:00:00+05:30,34.24490429106213,37.66939472016834,34.24490429106213,35.957149505615234,1423971,0.0,0.0
2019-09-23 00:00:00+05:30,36.64205073888013,38.45213716276824,36.39744426363046,37.571556091308594,1150333,0.0,0.0
2019-09-24 00:00:00+05:30,37.669396810973716,38.01184437993223,36.739891467859586,36.935577392578125,627010,0.0,0.0
2019-09-25 00:00:00+05:30,36.73989421941923,37.1801866499111,35.61470659971649,35.908233642578125,557783,0.0,0.0
2019-09-26 00:00:00+05:30,36.15283660377754,37.620475407186106,35.61470312234076,36.54420471191406,1164977,0.0,0.0
2019-09-27 00:00:00+05:30,36.54420608703194,37.03341903991001,35.61470446248252,35.810386657714844,600991,0.0,0.0
2019-09-30 00:00:00+05:30,35.81038779146942,36.00607372529577,34.049221851829714,34.44059371948242,631942,0.0,0.0
2019-10-01 00:00:00+05:30,34.244904924311555,35.51685778930629,32.336973760620225,33.07079315185547,2103524,0.0,0.0
2019-10-03 00:00:00+05:30,32.972950862120314,33.56000486083413,31.7009980433082,32.0434455871582,865095,0.0,0.0
2019-10-04 00:00:00+05:30,32.67942864443416,34.04922275266146,31.603157846113955,31.994529724121094,2033901,0.0,0.0
2019-10-07 00:00:00+05:30,32.0434511198969,32.4837435611539,30.820418634404653,30.967182159423828,830670,0.0,0.0
2019-10-09 00:00:00+05:30,30.967180752666344,31.60315724299168,27.982982370109323,28.32543182373047,3166415,0.0,0.0
2019-10-10 00:00:00+05:30,28.374351003772695,29.84198984879542,28.374351003772695,29.059249877929688,1231693,0.0,0.0
2019-10-11 00:00:00+05:30,30.13551725592532,30.13551725592532,29.05925024879888,29.254934310913086,962329,0.0,0.0
2019-10-14 00:00:00+05:30,29.646305286984806,30.135518257834057,29.450621218364734,29.74414825439453,619900,0.0,0.0
2019-10-15 00:00:00+05:30,29.744148037346985,31.407471006377286,29.0103285864279,31.06502342224121,1364837,0.0,0.0
2019-10-16 00:00:00+05:30,31.26071025215684,32.72834919608534,30.820417822498523,31.994529724121094,1851029,0.0,0.0
2019-10-17 00:00:00+05:30,32.19021290277825,32.19021290277825,31.01610110183707,31.6031551361084,555392,0.0,0.0
2019-10-18 00:00:00+05:30,31.749922245846783,37.91400487212551,31.749922245846783,37.718318939208984,10141035,0.0,0.0
2019-10-22 00:00:00+05:30,38.79459214535922,40.80036468607789,37.816166151603866,38.45214080810547,3658476,0.0,0.0
2019-10-23 00:00:00+05:30,39.039190895778965,39.039190895778965,37.42478683353014,38.0118408203125,1102234,0.0,0.0
2019-10-24 00:00:00+05:30,38.549982464470325,38.94135059022413,36.20175878035284,37.32695007324219,956488,0.0,0.0
2019-10-25 00:00:00+05:30,37.81616172510181,37.81616172510181,36.495284548705584,37.18018341064453,1247107,0.0,0.0
2019-10-27 00:00:00+05:30,37.52263498003559,38.59890580149045,37.52263498003559,38.25645446777344,379276,0.0,0.0
2019-10-29 00:00:00+05:30,37.91400501941881,39.52840930675356,37.57155743478356,39.23487854003906,1459545,0.0,0.0
2019-10-30 00:00:00+05:30,41.24064974045687,42.21907555890284,41.093884374730656,41.48525619506836,2985135,0.0,0.0
2019-10-31 00:00:00+05:30,41.827709480775496,42.61044949650908,40.360070551625476,40.5068359375,1358655,0.0,0.0
2019-11-01 00:00:00+05:30,40.55575487529759,43.24642613836753,40.01762136916333,42.561527252197266,2590400,0.0,0.0
2019-11-04 00:00:00+05:30,42.75721405793805,43.735639991838696,42.07231515772785,42.51260757446289,1941898,0.0,0.0
2019-11-05 00:00:00+05:30,42.75721737512017,42.90397903715206,40.89820646352402,41.240657806396484,866408,0.0,0.0
2019-11-06 00:00:00+05:30,41.0938904960367,41.38741753881433,40.11546453184535,40.262229919433594,844678,0.0,0.0
2019-11-07 00:00:00+05:30,40.457910782625646,41.04496858108184,39.38164375072072,40.555755615234375,1081293,0.0,0.0
2019-11-08 00:00:00+05:30,40.21330667602467,40.50683745879773,39.137039580519954,39.332725524902344,630719,0.0,0.0
2019-11-11 00:00:00+05:30,39.675169239802386,40.36006811181595,39.28380112179362,39.773014068603516,698785,0.0,0.0
2019-11-13 00:00:00+05:30,39.919777650753815,40.1154635854553,37.9140052179608,38.35429763793945,646793,0.0,0.0
2019-11-14 00:00:00+05:30,38.50105724587506,38.647822622209965,37.22910433643394,37.816162109375,493428,0.0,0.0
2019-11-15 00:00:00+05:30,37.71831650112062,37.76723704808787,36.348522524045045,36.54420471191406,592353,0.0,0.0
2019-11-18 00:00:00+05:30,36.64204744687283,37.32694626251871,36.3485204494241,36.886653900146484,637488,0.0,0.0
2019-11-19 00:00:00+05:30,36.88665872627646,39.33272357904812,36.10391871986928,38.35429763793945,1207900,0.0,0.0
2019-11-20 00:00:00+05:30,39.03919166122515,41.48525620810898,38.64781984076443,40.604671478271484,3260803,0.0,0.0
2019-11-21 00:00:00+05:30,40.60467298936811,40.6535935356467,37.66939542387162,38.10968780517578,1583708,0.0,0.0
2019-11-22 00:00:00+05:30,38.15861073576434,39.52840851154612,37.71831832694887,39.2838020324707,889988,0.0,0.0
2019-11-25 00:00:00+05:30,39.528407798346564,41.92554826411576,39.283801323684514,41.289573669433594,2097907,0.0,0.0
2019-11-26 00:00:00+05:30,41.534178117077666,41.974470496461215,39.430561044688716,39.870853424072266,1561869,0.0,0.0
2019-11-27 00:00:00+05:30,40.115465084203905,40.50683696822887,39.28380449614948,39.57733154296875,678815,0.0,0.0
2019-11-28 00:00:00+05:30,39.870853424072266,40.408986895586196,39.381640498623526,39.870853424072266,497594,0.0,0.0
2019-11-29 00:00:00+05:30,39.87085858978802,40.849284567451534,39.332725048552874,39.57733154296875,730766,0.0,0.0
2019-12-02 00:00:00+05:30,39.52840805053711,41.43633557915476,38.40321676695354,39.52840805053711,1563340,0.0,0.0
2019-12-03 00:00:00+05:30,39.52840992967534,39.919778070797605,38.35429804151095,38.549983978271484,592663,0.0,0.0
2019-12-04 00:00:00+05:30,38.30537621674623,38.89243027510916,37.76723897544842,38.40321731567383,520550,0.0,0.0
2019-12-05 00:00:00+05:30,38.50105800137286,39.332722262925955,37.91400394931073,38.2075309753418,580936,0.0,0.0
2019-12-06 00:00:00+05:30,39.039196128204004,40.16438370907884,37.66939833225348,38.15861129760742,1108213,0.0,0.0
2019-12-09 00:00:00+05:30,38.15861094085061,38.549982802434194,37.4247914996804,37.52263259887695,628808,0.0,0.0
2019-12-10 00:00:00+05:30,37.66939817320314,38.06077003679331,36.495286314831354,36.642051696777344,464753,0.0,0.0
2019-12-11 00:00:00+05:30,36.837739130183415,37.082345621798446,35.22333479256466,35.46794128417969,642929,0.0,0.0
2019-12-12 00:00:00+05:30,35.95715365865152,36.935579608546796,35.95715365865152,36.59313201904297,549242,0.0,0.0
2019-12-13 00:00:00+05:30,37.18018515472874,38.354297011357815,36.886658123671154,37.08234405517578,1004662,0.0,0.0
2019-12-16 00:00:00+05:30,37.32694970462937,37.66939727783203,36.495285447367934,36.69097137451172,439420,0.0,0.0
2019-12-17 00:00:00+05:30,36.73989260810848,38.549982802434194,36.73989260810848,37.52263259887695,992337,0.0,0.0
2019-12-18 00:00:00+05:30,37.620479583740234,38.843512055692784,37.375873089349724,37.620479583740234,1006376,0.0,0.0
2019-12-19 00:00:00+05:30,37.620477100657205,37.718318198995995,36.739892286013486,37.32695007324219,723806,0.0,0.0
2019-12-20 00:00:00+05:30,37.32695100582318,37.52263320738971,36.49528671957046,36.837738037109375,622751,0.0,0.0
2019-12-23 00:00:00+05:30,36.886656327969966,39.039194004934515,36.69097040599164,38.060768127441406,1714541,0.0,0.0
2019-12-24 00:00:00+05:30,38.06076984165406,38.45213797083895,37.082343920093784,37.52263259887695,676394,0.0,0.0
2019-12-26 00:00:00+05:30,37.76723437042015,39.039190895778965,37.42478683353014,38.0118408203125,1230920,0.0,0.0
2019-12-27 00:00:00+05:30,38.354297230228745,38.647824262961365,37.9629253649861,38.15861129760742,667847,0.0,0.0
2019-12-30 00:00:00+05:30,38.45213536152433,38.74566237159429,37.816160795105816,38.10968780517578,733344,0.0,0.0
2019-12-31 00:00:00+05:30,38.15861083595616,38.84350972564536,37.96292490570229,38.40321731567383,764701,0.0,0.0
2020-01-01 00:00:00+05:30,38.54998501290185,39.96869969459482,38.40321962329276,39.57733154296875,1800482,0.0,0.0
2020-01-02 00:00:00+05:30,39.968698971033504,47.45365905761719,39.87085786799795,47.45365905761719,18450531,0.0,0.0
2020-01-03 00:00:00+05:30,48.92129337086397,49.89971923828125,45.20327582115801,45.74140930175781,9379034,0.0,0.0
2020-01-06 00:00:00+05:30,45.25219875394534,45.25219875394534,43.24642636646642,43.637794494628906,3537345,0.0,0.0
2020-01-07 00:00:00+05:30,44.273771415506744,45.74141024696001,44.22485086760468,44.81190490722656,2175054,0.0,0.0
2020-01-08 00:00:00+05:30,44.02916822782085,46.18170608766074,43.24642820580602,45.056514739990234,3349792,0.0,0.0
2020-01-09 00:00:00+05:30,46.034942231733034,46.86660656535904,45.59464978833091,45.839256286621094,1683221,0.0,0.0
2020-01-10 00:00:00+05:30,46.18170471707357,46.866603615659585,45.00759285269738,45.350040435791016,1603171,0.0,0.0
2020-01-13 00:00:00+05:30,45.39896749223165,47.89395302372909,45.20328154747913,46.27954864501953,2428426,0.0,0.0
2020-01-14 00:00:00+05:30,46.670917567187516,46.76875866714356,45.98601867029907,46.23062515258789,1090705,0.0,0.0
2020-01-15 00:00:00+05:30,46.18170506880771,46.524152654509535,45.398965064061564,45.986019134521484,1074088,0.0,0.0
2020-01-16 00:00:00+05:30,46.573072269633045,48.18747652957314,46.08385930994194,46.4752311706543,2508464,0.0,0.0
2020-01-17 00:00:00+05:30,46.475229586366744,46.524150134188474,45.5457242481597,45.69248962402344,729797,0.0,0.0
2020-01-20 00:00:00+05:30,45.888178635026506,45.986019737252626,44.71406674631902,44.8608283996582,651813,0.0,0.0
2020-01-21 00:00:00+05:30,44.42053816371688,44.714065192594575,43.980245754201,44.078086853027344,622211,0.0,0.0
2020-01-22 00:00:00+05:30,44.3226933844116,44.665144695502285,43.53995339568795,43.637794494628906,586745,0.0,0.0
2020-01-23 00:00:00+05:30,43.73563927473648,44.66514464318141,43.539953344685124,44.078086853027344,764710,0.0,0.0
2020-01-24 00:00:00+05:30,44.2737705006319,46.27954278235762,43.784557566923255,45.74140930175781,1329254,0.0,0.0
2020-01-27 00:00:00+05:30,45.39896981892201,45.496810930113135,43.83348591307003,43.98025131225586,783809,0.0,0.0
2020-01-28 00:00:00+05:30,43.931325865433124,44.37161454917145,42.36584213387901,42.95289993286133,710336,0.0,0.0
2020-01-29 00:00:00+05:30,44.02916859772246,44.127009701646735,42.9529015249599,43.29534912109375,528734,0.0,0.0
2020-01-30 00:00:00+05:30,43.39318566891473,43.44210994813889,41.97447114897742,42.46368408203125,538431,0.0,0.0
2020-01-31 00:00:00+05:30,42.70829149945025,42.952897971423276,41.38741431135676,41.5341796875,524534,0.0,0.0
2020-02-03 00:00:00+05:30,39.72409368126817,40.31115151441534,38.892433083141704,39.332725524902344,834534,0.0,0.0
2020-02-04 00:00:00+05:30,39.82193727009755,41.583103249478036,39.57733078039474,41.1428108215332,973389,0.0,0.0
2020-02-05 00:00:00+05:30,41.48526069127505,42.61044826499769,41.14280937826483,42.31692123413086,706380,0.0,0.0
2020-02-06 00:00:00+05:30,42.61045180199775,43.34427130627692,41.48526413487575,41.680946350097656,747080,0.0,0.0
2020-02-07 00:00:00+05:30,41.77879136531146,42.219083816205185,40.89820646352402,41.240657806396484,580878,0.0,0.0
2020-02-10 00:00:00+05:30,41.19172758282929,41.33849295610622,40.21330171404571,40.7025146484375,444902,0.0,0.0
2020-02-11 00:00:00+05:30,40.70251551870859,42.46368510609385,40.21330257385681,40.653594970703125,998194,0.0,0.0
2020-02-12 00:00:00+05:30,40.84928172298097,42.21907948928589,40.751440624987175,41.04496765136719,1065979,0.0,0.0
2020-02-13 00:00:00+05:30,41.04497026764715,41.04497026764715,40.01762374363287,40.45791244506836,426106,0.0,0.0
2020-02-14 00:00:00+05:30,38.06076819490868,38.25645038483536,36.93557694083766,37.18018341064453,1896231,0.0,0.0
2020-02-17 00:00:00+05:30,37.37586691117894,37.42478745549077,34.78303700627059,35.12548828125,876239,0.0,0.0
2020-02-18 00:00:00+05:30,34.83195580329625,34.83195580329625,33.804609494689686,34.342742919921875,822581,0.0,0.0
2020-02-19 00:00:00+05:30,34.88088593848318,35.66362593692402,34.34274869043129,35.32117462158203,677061,0.0,0.0
2020-02-20 00:00:00+05:30,35.32117456518589,36.544206977171534,34.92980643278972,35.76146697998047,571600,0.0,0.0
2020-02-24 00:00:00+05:30,35.71254410128687,35.71254410128687,33.85353346332899,34.147064208984375,598255,0.0,0.0
2020-02-25 00:00:00+05:30,33.75569065638951,34.73411647251674,33.6578495677361,34.244903564453125,382908,0.0,0.0
2020-02-26 00:00:00+05:30,34.049222859602004,34.24490879922018,33.07079689391,33.51108932495117,551075,0.0,0.0
2020-02-27 00:00:00+05:30,33.315404828717334,33.315404828717334,32.33697882063518,32.77727127075195,434638,0.0,0.0
2020-02-28 00:00:00+05:30,31.749923497340074,32.04345054208551,30.429048063586738,30.673654556274414,719501,0.0,0.0
2020-03-02 00:00:00+05:30,31.260707658902028,31.749920599628513,28.86356350286255,29.303855895996094,546035,0.0,0.0
2020-03-03 00:00:00+05:30,29.988755347097335,30.282284255270532,29.108172354976585,30.037677764892578,664930,0.0,0.0
2020-03-04 00:00:00+05:30,30.233360484866946,30.28228290047345,28.08082458556276,28.912485122680664,878746,0.0,0.0
2020-03-05 00:00:00+05:30,29.3527765743068,30.08659598866447,29.108170102854245,29.841989517211914,517061,0.0,0.0
2020-03-06 00:00:00+05:30,27.64053226562012,28.863564666753756,27.64053226562012,28.47219467163086,702303,0.0,0.0
2020-03-09 00:00:00+05:30,27.395923011423847,27.88513592234213,26.172890734128142,27.10239601135254,885075,0.0,0.0
2020-03-11 00:00:00+05:30,27.102398494881914,27.738374964113582,26.172893132482255,27.395925521850586,614183,0.0,0.0
2020-03-12 00:00:00+05:30,26.711027207356473,26.711027207356473,22.79732347785666,23.873592376708984,1232642,0.0,0.0
2020-03-13 00:00:00+05:30,22.50379753112793,25.781524936075584,19.226070126180275,25.439075469970703,1415093,0.0,0.0
2020-03-16 00:00:00+05:30,23.580066765103187,24.264963839338037,22.99301079704512,23.139774322509766,822738,0.0,0.0
2020-03-17 00:00:00+05:30,24.118199088763667,24.118199088763667,22.503796658258885,22.552717208862305,660386,0.0,0.0
2020-03-18 00:00:00+05:30,22.797322689278662,23.335458053189964,20.840470892217855,22.06350326538086,849601,0.0,0.0
2020-03-19 00:00:00+05:30,20.54694611981696,21.76997862694892,19.86204716934326,20.840473175048828,953064,0.0,0.0
2020-03-20 00:00:00+05:30,20.987236660437603,23.237615522447523,20.84047127996794,22.25918960571289,995895,0.0,0.0
2020-03-23 00:00:00+05:30,20.54694356918335,21.1339994729713,17.90519293523721,19.568517684936523,804221,0.0,0.0
2020-03-24 00:00:00+05:30,21.03615888204209,21.03615888204209,17.856274399872937,18.247644424438477,787813,0.0,0.0
2020-03-25 00:00:00+05:30,17.954116298564653,19.81312520369628,17.954116298564653,19.61743927001953,571442,0.0,0.0
2020-03-26 00:00:00+05:30,19.568516381494547,20.84046919981203,19.421752881873164,19.862043380737305,833391,0.0,0.0
2020-03-27 00:00:00+05:30,20.40018081665039,21.72105618262907,20.106651920766605,20.40018081665039,960632,0.0,0.0
2020-03-30 00:00:00+05:30,19.959886995691463,20.3512569630189,18.98146114427326,19.715280532836914,405839,0.0,0.0
2020-03-31 00:00:00+05:30,20.644789093627416,21.23184507029066,20.351260172196042,20.840473175048828,761748,0.0,0.0
2020-04-01 00:00:00+05:30,21.427527815120687,22.014583755164963,20.84047187507641,21.134000778198242,502667,0.0,0.0
2020-04-03 00:00:00+05:30,21.036157810490966,22.014583755164963,20.25341780123152,21.134000778198242,534619,0.0,0.0
2020-04-07 00:00:00+05:30,21.72105620612212,22.99300915772955,21.57429082492182,22.79732322692871,769453,0.0,0.0
2020-04-08 00:00:00+05:30,22.650560862109142,25.439075253523747,22.503797339655623,23.384380340576172,828468,0.0,0.0
2020-04-09 00:00:00+05:30,23.6289837775022,24.411725573022697,23.58006323174432,24.216039657592773,633363,0.0,0.0
2020-04-13 00:00:00+05:30,24.460648818585206,25.292311251656983,23.286536928813355,24.607412338256836,583128,0.0,0.0
2020-04-15 00:00:00+05:30,24.85201707462088,26.662105332842714,24.656333017585634,25.145545959472656,1084057,0.0,0.0
2020-04-16 00:00:00+05:30,25.34122949673605,26.1239713074201,24.949859524493643,25.830442428588867,469034,0.0,0.0
2020-04-17 00:00:00+05:30,26.90671328254635,27.20024031733074,26.075050862391404,26.808870315551758,1062308,0.0,0.0
2020-04-20 00:00:00+05:30,27.200237777668868,27.689450700765065,26.172891385646533,26.51534080505371,938619,0.0,0.0
2020-04-21 00:00:00+05:30,26.02613022388471,26.0750507741167,24.264962422542506,24.852018356323242,669560,0.0,0.0
2020-04-22 00:00:00+05:30,24.705253152286307,25.53691551283084,24.1671196716865,24.949859619140625,460572,0.0,0.0
2020-04-23 00:00:00+05:30,25.04770478977682,26.026130743547796,25.04770478977682,25.585838317871094,494673,0.0,0.0
2020-04-24 00:00:00+05:30,26.1239718432467,26.319655900281944,24.94986003623814,25.145545959472656,725221,0.0,0.0
2020-04-27 00:00:00+05:30,25.439073912633443,25.585837427351077,24.55849095812831,24.656333923339844,372624,0.0,0.0
2020-04-28 00:00:00+05:30,24.900941038927705,24.900941038927705,24.069278612698408,24.50956916809082,272512,0.0,0.0
2020-04-29 00:00:00+05:30,24.754173699177475,25.732599566594754,24.558489645413562,24.949859619140625,684035,0.0,0.0
2020-04-30 00:00:00+05:30,25.439072693195385,25.92828562960299,25.243386772152643,25.487993240356445,954699,0.0,0.0
2020-05-04 00:00:00+05:30,24.75417534260657,24.900940725422302,22.65055996124029,23.873592376708984,528738,0.0,0.0
2020-05-05 00:00:00+05:30,24.460646598344724,24.607410104694946,23.041928349161036,23.53114128112793,562133,0.0,0.0
2020-05-06 00:00:00+05:30,23.922512730187005,23.922512730187005,23.13977093206397,23.33545684814453,605433,0.0,0.0
2020-05-07 00:00:00+05:30,23.33545849945117,24.313884416692737,23.139772569523124,23.677907943725586,418788,0.0,0.0
2020-05-08 00:00:00+05:30,24.06927708898415,24.216040598157374,23.188694167745556,23.286535263061523,290298,0.0,0.0
2020-05-11 00:00:00+05:30,23.482221186091998,23.971434127468914,23.188694167745556,23.286535263061523,359927,0.0,0.0
2020-05-12 00:00:00+05:30,23.286535263061523,23.677907109122472,22.944087697057096,23.286535263061523,372602,0.0,0.0
2020-05-13 00:00:00+05:30,24.65633257779746,25.830442497664478,23.580063751603266,25.390151977539062,1822015,0.0,0.0
2020-05-14 00:00:00+05:30,25.243388094278945,26.075050502970168,24.70525458252546,25.194467544555664,789051,0.0,0.0
2020-05-15 00:00:00+05:30,24.949862086861252,25.92828805105189,24.949862086861252,25.243389129638672,556472,0.0,0.0
2020-05-18 00:00:00+05:30,26.12397155064573,26.759947994735764,25.194466224991583,25.487993240356445,1199607,0.0,0.0
2020-05-19 00:00:00+05:30,25.68368039256261,26.172893352420946,24.36280502770524,24.656333923339844,436198,0.0,0.0
2020-05-20 00:00:00+05:30,24.754174815764465,25.096624258047232,24.31388427528604,24.558490753173828,320558,0.0,0.0
2020-05-21 00:00:00+05:30,24.754175389659892,25.536917256767328,24.60741187276455,24.852018356323242,352621,0.0,0.0
2020-05-22 00:00:00+05:30,24.75417555294627,24.803097969700335,23.775749612257492,23.971435546875,307618,0.0,0.0
2020-05-26 00:00:00+05:30,24.118196699877814,24.46064611878058,23.67790618945928,24.216039657592773,226869,0.0,0.0
2020-05-27 00:00:00+05:30,24.656334289195907,25.341231323440624,24.264962422542506,24.852018356323242,703821,0.0,0.0
2020-05-28 00:00:00+05:30,25.0477052547048,25.781524733653963,25.0477052547048,25.341232299804688,622804,0.0,0.0
2020-05-29 00:00:00+05:30,25.24338660463135,26.221812470953484,24.99878013805082,25.390151977539062,657606,0.0,0.0
2020-06-01 00:00:00+05:30,25.73260116161121,27.9829819158787,25.73260116161121,27.15131950378418,1814887,0.0,0.0
2020-06-02 00:00:00+05:30,27.787298113065766,28.86356708964849,27.68945513952197,28.227590560913086,1653467,0.0,0.0
2020-06-03 00:00:00+05:30,28.472194932088378,29.059250863242653,27.689453068482894,28.129745483398438,1153026,0.0,0.0
2020-06-04 00:00:00+05:30,27.98298144198725,28.47219439773458,27.20023959307192,27.395925521850586,571066,0.0,0.0
2020-06-05 00:00:00+05:30,27.640531392870706,30.77149498739241,27.640531392870706,30.380123138427734,2194602,0.0,0.0
2020-06-08 00:00:00+05:30,30.72257266095614,32.8751085054159,30.429045639593216,31.358549118041992,2182943,0.0,0.0
2020-06-09 00:00:00+05:30,31.847762058265193,32.38589555272587,29.744146762374434,29.93983268737793,1247202,0.0,0.0
2020-06-10 00:00:00+05:30,30.1355158715055,30.477965297222454,29.59738239266403,29.988752365112305,672211,0.0,0.0
2020-06-11 00:00:00+05:30,30.086597604459605,31.016102992377945,29.059251115665123,29.20601463317871,881637,0.0,0.0
2020-06-12 00:00:00+05:30,27.591609018315502,29.157088845744024,27.395923106787357,28.96140480041504,682282,0.0,0.0
2020-06-15 00:00:00+05:30,28.863564666753756,29.744147622330104,27.78729578051629,28.47219467163086,741675,0.0,0.0
2020-06-16 00:00:00+05:30,28.961407212490563,29.890910704165844,27.542688901250244,28.276508331298828,948899,0.0,0.0
2020-06-17 00:00:00+05:30,28.080824933385315,28.667878998340232,27.885139000934103,28.129745483398438,377005,0.0,0.0
2020-06-18 00:00:00+05:30,28.325430003219193,32.777267015570736,28.325430003219193,31.162864685058594,3262737,0.0,0.0
2020-06-19 00:00:00+05:30,31.50531354643863,32.0923675714909,30.33120176393562,30.429044723510742,1132484,0.0,0.0
2020-06-22 00:00:00+05:30,30.673654441848537,32.2880569143249,30.33120498012339,31.11394500732422,1515295,0.0,0.0
2020-06-23 00:00:00+05:30,31.358547185277192,32.58157947590734,31.309626640131658,32.239131927490234,1477937,0.0,0.0
2020-06-24 00:00:00+05:30,32.581584538390175,33.902461856945884,31.211788533287187,31.407472610473633,2305193,0.0,0.0
2020-06-25 00:00:00+05:30,31.065019761165487,33.21755730999362,30.673649806705594,32.48373794555664,1415160,0.0,0.0
2020-06-26 00:00:00+05:30,32.77726967572428,33.217562104415265,32.09237075691595,32.43482208251953,997629,0.0,0.0
2020-06-29 00:00:00+05:30,32.28805748951077,32.385898595004264,30.820418512714827,31.407472610473633,766923,0.0,0.0
2020-06-30 00:00:00+05:30,31.701002664444616,32.630504342504274,30.722574836162323,31.016103744506836,820592,0.0,0.0
2020-07-01 00:00:00+05:30,31.407472734481352,31.5542381257,30.5758121373062,30.967182159423828,686011,0.0,0.0
2020-07-02 00:00:00+05:30,31.260705678073695,32.875106040735815,30.86933385733229,32.0434455871582,1654071,0.0,0.0
2020-07-03 00:00:00+05:30,32.3369742284136,33.31540009754804,31.847761293846382,32.385894775390625,1566273,0.0,0.0
2020-07-06 00:00:00+05:30,32.63050435744067,37.13126602452139,32.33697731516122,36.34852600097656,9027419,0.0,0.0
2020-07-07 00:00:00+05:30,36.54420398706236,36.54420398706236,34.73411765838745,35.27225112915039,1948015,0.0,0.0
2020-07-08 00:00:00+05:30,35.41901933485824,41.87662896574677,34.831961538705556,39.0391960144043,12978147,0.0,0.0
2020-07-09 00:00:00+05:30,39.57732906088147,41.09388848466929,38.99027127166128,39.2838020324707,6045029,0.0,0.0
2020-07-10 00:00:00+05:30,39.137034206619866,39.137034206619866,37.22910304256746,38.10968780517578,2587160,0.0,0.0
2020-07-13 00:00:00+05:30,38.403217723673,39.870856617571334,38.403217723673,38.59890365600586,2159246,0.0,0.0
2020-07-14 00:00:00+05:30,38.35429492723679,38.403215474355,35.90823024734157,36.10391616821289,1618042,0.0,0.0
2020-07-15 00:00:00+05:30,36.98449939196611,37.42479180676069,35.32117456518589,35.76146697998047,1255983,0.0,0.0
2020-07-16 00:00:00+05:30,36.10391910954085,36.5442078018728,34.000301820493256,36.15283966064453,1553562,0.0,0.0
2020-07-17 00:00:00+05:30,36.935581264264464,40.60467874084703,36.935581264264464,38.45214080810547,5896969,0.0,0.0
2020-07-20 00:00:00+05:30,38.74566379832782,38.74566379832782,36.59312982361961,36.935577392578125,1759975,0.0,0.0
2020-07-21 00:00:00+05:30,37.2780267230328,37.96292562571189,36.397445618787195,36.837738037109375,1818520,0.0,0.0
2020-07-22 00:00:00+05:30,35.22333215942102,37.326949323012535,34.24490626610377,36.05499267578125,3493799,0.0,0.0
2020-07-23 00:00:00+05:30,36.10391650355728,36.886656461914384,35.76146520575206,36.299598693847656,1303292,0.0,0.0
2020-07-24 00:00:00+05:30,35.9082316176468,36.29959974192606,34.92980570835069,35.37009811401367,1165721,0.0,0.0
2020-07-27 00:00:00+05:30,35.419019656215454,35.516860756929255,34.34274888636987,34.44059371948242,765650,0.0,0.0
2020-07-28 00:00:00+05:30,34.73412280523229,37.86508673415556,34.73412280523229,36.49528884887695,3306394,0.0,0.0
2020-07-29 00:00:00+05:30,36.83773774196707,36.88665829196675,35.56578104758302,35.76146697998047,1191015,0.0,0.0
2020-07-30 00:00:00+05:30,35.76146628668281,36.44636517059657,34.78304037606277,34.929805755615234,940969,0.0,0.0
2020-07-31 00:00:00+05:30,34.88088566874546,35.46793972993665,34.39167270695323,34.68519973754883,641429,0.0,0.0
2020-08-03 00:00:00+05:30,34.24490557776557,36.103916230660815,34.24490557776557,35.223331451416016,771301,0.0,0.0
2020-08-04 00:00:00+05:30,35.46794000421413,36.103918352421594,35.12549242127086,35.32117462158203,733638,0.0,0.0
2020-08-05 00:00:00+05:30,35.51685627669432,36.4952820900049,35.321170367552554,36.00606918334961,1545363,0.0,0.0
2020-08-06 00:00:00+05:30,36.299601313955584,36.935579675499866,35.81038833812114,36.15283966064453,878804,0.0,0.0
2020-08-07 00:00:00+05:30,36.10391616821289,37.033417760654274,35.71254432647025,36.10391616821289,1117405,0.0,0.0
2020-08-10 00:00:00+05:30,36.3974405646097,36.64204701500036,36.00606875102535,36.250675201416016,772969,0.0,0.0
2020-08-11 00:00:00+05:30,36.544204655075994,38.990269323619195,36.39744301440249,37.42478942871094,2753880,0.0,0.0
2020-08-12 00:00:00+05:30,36.886656844498134,37.865082735692255,36.59312982361961,36.935577392578125,878586,0.0,0.0
2020-08-13 00:00:00+05:30,37.08234472120736,38.598904185909255,36.83773823553291,37.914005279541016,1483414,0.0,0.0
2020-08-14 00:00:00+05:30,38.060768660410794,38.549981606007854,36.103916878022545,36.935577392578125,1544604,0.0,0.0
2020-08-17 00:00:00+05:30,37.27802411361835,37.865081874420866,36.2995982446793,36.54420471191406,1008575,0.0,0.0
2020-08-18 00:00:00+05:30,36.788812661726574,39.332722262925955,36.64205101491036,38.2075309753418,4218129,0.0,0.0
2020-08-19 00:00:00+05:30,38.647821569698905,39.91977444450044,38.549980476405885,39.18595504760742,3895754,0.0,0.0
2020-08-20 00:00:00+05:30,38.25645094757399,40.70251568162344,38.15860985117144,39.773014068603516,3417428,0.0,0.0
2020-08-21 00:00:00+05:30,40.11546214698415,40.75144047885921,38.89242976445415,39.08811569213867,1775323,0.0,0.0
2020-08-24 00:00:00+05:30,39.33272273851469,39.38164328804494,37.4247914476452,37.96292495727539,1553895,0.0,0.0
2020-08-25 00:00:00+05:30,38.20752894474838,38.20752894474838,36.69096961385538,37.229103088378906,1299448,0.0,0.0
2020-08-26 00:00:00+05:30,37.326949943549934,38.35429640213233,37.326949943549934,37.76723861694336,935082,0.0,0.0
2020-08-27 00:00:00+05:30,37.962923367546814,38.25645038483536,36.69097047103079,37.18018341064453,964362,0.0,0.0
2020-08-28 00:00:00+05:30,37.27802154901796,37.91399981303461,36.9355740114079,37.13125991821289,1032709,0.0,0.0
2020-08-31 00:00:00+05:30,37.18018489791198,37.62047730765646,35.12549196230263,35.56578063964844,1079176,0.0,0.0
2020-09-01 00:00:00+05:30,35.419015188322575,36.788809087518416,34.73411637252551,36.00606918334961,562587,0.0,0.0
2020-09-02 00:00:00+05:30,36.20175974442349,36.93557919870235,35.9082327091917,36.39744567871094,551968,0.0,0.0
2020-09-03 00:00:00+05:30,36.39744567871094,36.93557919870235,35.9082327091917,36.39744567871094,341764,0.0,0.0
2020-09-04 00:00:00+05:30,35.22333306117977,36.1528384301073,35.22333306117977,35.56578063964844,458781,0.0,0.0
2020-09-07 00:00:00+05:30,35.71254696014902,35.71254696014902,34.83196211748721,35.076568603515625,379651,0.0,0.0
2020-09-08 00:00:00+05:30,35.37009608008325,35.66362308951331,34.244904856136536,34.39167022705078,439967,0.0,0.0
2020-09-09 00:00:00+05:30,34.14706633453361,34.342748533953184,33.070795575732454,33.80461502075195,661476,0.0,0.0
2020-09-10 00:00:00+05:30,34.147068730944724,35.12549472630246,34.09814444525766,34.53843688964844,452961,0.0,0.0
2020-09-11 00:00:00+05:30,37.08234499399061,37.18018609602062,36.29960124815535,36.59313201904297,3043839,0.0,0.0
2020-09-14 00:00:00+05:30,37.180186576168154,37.42479306680084,35.71254763237204,36.34852600097656,919987,0.0,0.0
2020-09-15 00:00:00+05:30,36.299598356685706,36.739890745546546,35.95715079445978,36.10391616821289,481849,0.0,0.0
2020-09-16 00:00:00+05:30,35.95715249995435,36.20175897954587,35.41901899133273,35.56578063964844,369072,0.0,0.0
2020-09-17 00:00:00+05:30,35.51685999013677,37.62047720165617,35.22333296193373,36.44636535644531,1270989,0.0,0.0
2020-09-18 00:00:00+05:30,36.93557579876625,37.13126171504072,35.41901647933633,35.71254348754883,939163,0.0,0.0
2020-09-21 00:00:00+05:30,35.90823002092431,35.90823002092431,33.85353346332899,34.147064208984375,473960,0.0,0.0
2020-09-22 00:00:00+05:30,34.24490625564269,34.29382680381389,32.38589556594837,33.217559814453125,828858,0.0,0.0
2020-09-23 00:00:00+05:30,33.46216796343202,34.09814258630326,32.72834850691991,33.11971664428711,479241,0.0,0.0
2020-09-24 00:00:00+05:30,32.48373971511179,32.97295265138637,31.84776140499544,31.945606231689453,388918,0.0,0.0
2020-09-25 00:00:00+05:30,32.28805608653289,33.364323129791146,32.28805608653289,33.11971664428711,519899,0.0,0.0
2020-09-28 00:00:00+05:30,33.36432100510954,33.902458224868184,33.31540045760381,33.46216583251953,400335,0.0,0.0
2020-09-29 00:00:00+05:30,33.755694999557114,33.755694999557114,32.972954992423944,33.11971664428711,350473,0.0,0.0
2020-09-30 00:00:00+05:30,33.26647785447643,33.31539839895923,32.385893124192734,32.48373794555664,272820,0.0,0.0
2020-10-01 00:00:00+05:30,32.679423855886164,33.16863676551082,32.288052035227125,32.48373794555664,291726,0.0,0.0
2020-10-05 00:00:00+05:30,32.532658490039445,32.87510603381739,32.385893124192734,32.48373794555664,242714,0.0,0.0
2020-10-06 00:00:00+05:30,32.532662252727704,33.46216763499967,32.532662252727704,32.924034118652344,485395,0.0,0.0
2020-10-07 00:00:00+05:30,32.87510603381739,32.87510603381739,32.385893124192734,32.48373794555664,268967,0.0,0.0
2020-10-08 00:00:00+05:30,32.483743911087764,32.82619151775506,31.945610358153875,32.141292572021484,345966,0.0,0.0
2020-10-09 00:00:00+05:30,32.23913661671422,32.82619070864512,32.043450675270954,32.190216064453125,275069,0.0,0.0
2020-10-12 00:00:00+05:30,32.190212699826745,34.147064444925064,31.79884085784768,31.945606231689453,304764,0.0,0.0
2020-10-13 00:00:00+05:30,31.89668303240468,32.385895985247686,31.358549530757095,31.554235458374023,288581,0.0,0.0
2020-10-14 00:00:00+05:30,31.603158553859547,31.65207910660629,31.211788533287187,31.407472610473633,254433,0.0,0.0
2020-10-15 00:00:00+05:30,31.505316521019328,31.798843561258877,30.624731667901862,30.91826057434082,294585,0.0,0.0
2020-10-16 00:00:00+05:30,31.065022096679073,31.652076139404915,30.918258585997613,31.358549118041992,301062,0.0,0.0
2020-10-19 00:00:00+05:30,31.45639735868689,32.67942985735436,31.260711412420296,32.141292572021484,486576,0.0,0.0
2020-10-20 00:00:00+05:30,32.92403563413308,36.44636765999149,32.92403563413308,35.66362762451172,6413155,0.0,0.0
2020-10-21 00:00:00+05:30,35.7125471098928,36.49528712198604,33.80461576439137,34.63628005981445,1481410,0.0,0.0
2020-10-22 00:00:00+05:30,34.92980730155262,35.1254932388171,32.87511055887375,33.31540298461914,1512136,0.0,0.0
2020-10-23 00:00:00+05:30,33.46216956416589,34.195989055781816,33.31540417288313,33.902462005615234,753829,0.0,0.0
2020-10-26 00:00:00+05:30,33.90246026019864,34.29382839613877,33.560008942302424,34.000301361083984,639694,0.0,0.0
2020-10-27 00:00:00+05:30,33.951379528074185,34.1959860034459,33.413246028736125,33.85353469848633,314851,0.0,0.0
2020-10-28 00:00:00+05:30,33.755694668243784,33.85353576852558,32.6305033530095,32.924034118652344,313399,0.0,0.0
2020-10-29 00:00:00+05:30,32.72834396450278,32.72834396450278,32.09236569750118,32.28805160522461,242887,0.0,0.0
2020-10-30 00:00:00+05:30,32.5326589307618,33.41324367297484,32.14128710480082,32.239131927490234,498270,0.0,0.0
2020-11-02 00:00:00+05:30,32.288054252527765,32.58158127198013,31.456393742012988,31.701000213623047,262026,0.0,0.0
2020-11-03 00:00:00+05:30,31.945603640341282,33.21755642499783,31.896679364763642,32.532657623291016,613511,0.0,0.0
2020-11-04 00:00:00+05:30,32.190213452780114,32.777267497081844,32.190213452780114,32.33697509765625,191080,0.0,0.0
2020-11-05 00:00:00+05:30,32.53266290305317,34.09814293324809,32.38589751729793,33.75569534301758,681759,0.0,0.0
2020-11-06 00:00:00+05:30,33.75569581637417,34.19598824741534,33.41324822134151,33.51108932495117,406823,0.0,0.0
2020-11-09 00:00:00+05:30,33.75569527740489,34.489514739957166,33.560009340911186,34.195987701416016,517939,0.0,0.0
2020-11-10 00:00:00+05:30,34.049221851829714,35.12549262167529,33.85353591800335,34.44059371948242,807770,0.0,0.0
2020-11-11 00:00:00+05:30,34.244907434243395,34.244907434243395,33.511087989223896,33.80461502075195,668979,0.0,0.0
2020-11-12 00:00:00+05:30,34.00029539451905,35.02764170312562,33.65784786911623,34.342742919921875,1565670,0.0,0.0
2020-11-13 00:00:00+05:30,33.9024577703841,34.63627717032836,33.51108593078777,33.70677185058594,796660,0.0,0.0
2020-11-14 00:00:00+05:30,34.0003000766688,34.098141173858046,33.657852504107844,33.85353469848633,157504,0.0,0.0
2020-11-17 00:00:00+05:30,34.24490875649707,36.20176068543976,34.24490875649707,35.908233642578125,2748644,0.0,0.0
2020-11-18 00:00:00+05:30,36.00607729802418,37.66940230199467,35.90823618760202,37.27803039550781,4003999,0.0,0.0
2020-11-19 00:00:00+05:30,36.83773591434179,37.962923438105584,36.20175759870247,36.299598693847656,1651572,0.0,0.0
2020-11-20 00:00:00+05:30,36.59313208537529,36.98450022660355,35.41902019689288,36.15283966064453,732634,0.0,0.0
2020-11-23 00:00:00+05:30,36.20175509249138,36.44636154581902,35.51685627669432,36.00606918334961,673857,0.0,0.0
2020-11-24 00:00:00+05:30,36.201759047395356,38.354296818314815,36.201759047395356,37.96292495727539,3224375,0.0,0.0
2020-11-25 00:00:00+05:30,37.86508380677469,39.626249714262165,37.8161632573109,38.40321731567383,4287583,0.0,0.0
2020-11-26 00:00:00+05:30,38.256450581091485,39.821934235325536,37.96292356229715,39.13703536987305,2030759,0.0,0.0
2020-11-27 00:00:00+05:30,39.13703726779699,41.09388913118684,39.13703726779699,40.555755615234375,4231434,0.0,0.0
2020-12-01 00:00:00+05:30,40.849282706656105,41.28957512302795,39.77301567321268,40.11546325683594,1701567,0.0,0.0
2020-12-02 00:00:00+05:30,41.14280808918269,43.05073932863604,41.09388754097077,42.61044692993164,4047572,0.0,0.0
2020-12-03 00:00:00+05:30,42.561528124678176,43.63779515900939,42.365842191418295,42.51260757446289,2454523,0.0,0.0
2020-12-04 00:00:00+05:30,42.80613106632136,44.12700447483705,42.56152460308524,43.588871002197266,2754439,0.0,0.0
2020-12-07 00:00:00+05:30,43.344268272753105,44.76298662821452,43.050741238064234,44.02916717529297,1720800,0.0,0.0
2020-12-08 00:00:00+05:30,43.686719021374344,44.029166601985864,41.33849530964228,42.31692123413086,1762375,0.0,0.0
2020-12-09 00:00:00+05:30,42.61044384113972,46.86659841022611,42.46368220714259,45.6435661315918,5690986,0.0,0.0
2020-12-10 00:00:00+05:30,45.643572861975855,45.643572861975855,43.09966310786468,43.73564147949219,2832193,0.0,0.0
2020-12-11 00:00:00+05:30,44.02916383470598,45.20327561677783,43.050737971712515,43.34426498413086,2594039,0.0,0.0
2020-12-14 00:00:00+05:30,44.02916348685339,52.00333570020954,43.58887110550517,51.90549087524414,18679294,0.0,0.0
2020-12-15 00:00:00+05:30,52.639313538996596,52.639313538996596,49.26374338201699,50.1932487487793,6432439,0.0,0.0
2020-12-16 00:00:00+05:30,50.68246118120435,59.09692621172622,50.63354063238709,56.993309020996094,21806916,0.0,0.0
2020-12-17 00:00:00+05:30,57.23791760229782,65.2610073401197,57.042231667434145,61.885440826416016,24108190,0.0,0.0
2020-12-18 00:00:00+05:30,62.71710252263526,65.99482799460931,60.17319652042246,62.472496032714844,10634501,0.0,0.0
2020-12-21 00:00:00+05:30,62.521418410843324,62.61925951086957,56.259490966796875,56.259490966796875,5686894,0.0,0.0
2020-12-22 00:00:00+05:30,55.57459272838071,58.21634351679925,51.17167599181606,57.09115219116211,7136248,0.0,0.0
2020-12-23 00:00:00+05:30,57.48251952294254,60.613483034927185,55.574588341233266,59.97750473022461,4990726,0.0,0.0
2020-12-24 00:00:00+05:30,60.36888060486606,61.10270005209118,58.36310819559715,59.096927642822266,3021392,0.0,0.0
2020-12-28 00:00:00+05:30,59.488297855663824,60.27103788026489,58.852323218599956,59.19477081298828,1992829,0.0,0.0
2020-12-29 00:00:00+05:30,60.17319509056981,62.22788806411758,59.29261025482149,61.24946212768555,5710356,0.0,0.0
2020-12-30 00:00:00+05:30,62.03220722503515,62.47249592017972,59.683983433069606,60.955936431884766,3494447,0.0,0.0
2020-12-31 00:00:00+05:30,61.24946027603945,61.39622565502686,59.68398031803408,59.830745697021484,1762952,0.0,0.0
2021-01-01 00:00:00+05:30,60.271033331848905,61.54298997478482,60.02642685934563,60.76024627685547,2174894,0.0,0.0
2021-01-04 00:00:00+05:30,61.59191391540238,61.64083446611796,59.19476960635137,61.00485610961914,2309709,0.0,0.0
2021-01-05 00:00:00+05:30,59.68398145915043,61.885439791660076,59.09692739677401,60.41780090332031,2530322,0.0,0.0
2021-01-06 00:00:00+05:30,60.90700957082933,61.640828963248964,58.11849737259411,60.66240310668945,3069513,0.0,0.0
2021-01-07 00:00:00+05:30,61.49407641252034,66.7286543434957,61.29839418632999,65.3588638305664,16574143,0.0,0.0
2021-01-08 00:00:00+05:30,66.72864513512671,68.14736720602151,64.67395218447628,66.0926742553711,6052296,0.0,0.0
2021-01-11 00:00:00+05:30,66.38619988448427,66.58188955533765,60.907016002149994,62.91279220581055,4243630,0.0,0.0
2021-01-12 00:00:00+05:30,63.10847426013136,65.35885694834968,61.73867642664185,63.35308074951172,3601915,0.0,0.0
2021-01-13 00:00:00+05:30,65.35885971470871,68.00060692591126,62.6192639317744,64.28258514404297,8464318,0.0,0.0
2021-01-14 00:00:00+05:30,64.77179091387578,66.04374755643713,62.13004399753715,64.03797149658203,2406545,0.0,0.0
2021-01-15 00:00:00+05:30,64.47826705493289,64.47826705493289,61.73867160204098,62.32572937011719,1960657,0.0,0.0
2021-01-18 00:00:00+05:30,62.619259556771,62.717100656868965,57.82497100399623,58.65663528442383,2454762,0.0,0.0
2021-01-19 00:00:00+05:30,59.48829573774707,61.93436056028929,59.34153408783377,61.49406814575195,1867491,0.0,0.0
2021-01-20 00:00:00+05:30,61.64083331027012,62.22788737264654,60.2221149717286,60.41780090332031,1127805,0.0,0.0
2021-01-21 00:00:00+05:30,60.90701065235951,61.20053766805986,58.2652600462594,58.852317810058594,1468497,0.0,0.0
2021-01-22 00:00:00+05:30,58.754475483546386,58.754475483546386,55.32998477904861,55.86811828613281,2427139,0.0,0.0
2021-01-25 00:00:00+05:30,56.50409789334733,56.50409789334733,52.4436287595672,53.617740631103516,2357342,0.0,0.0
2021-01-27 00:00:00+05:30,53.61773846959934,58.95016036074386,53.47097682432295,57.2379150390625,5677218,0.0,0.0
2021-01-28 00:00:00+05:30,56.55301646543434,60.02642767574173,53.86234523130348,55.03645706176758,2357566,0.0,0.0
2021-01-29 00:00:00+05:30,55.47674779850836,59.879664231209055,55.47674779850836,58.852317810058594,5508914,0.0,0.0
2021-02-01 00:00:00+05:30,59.341534753253626,63.353079614246404,56.74870451932497,62.76602554321289,4660064,0.0,0.0
2021-02-02 00:00:00+05:30,63.108474411866254,64.33150686170863,60.95593655366392,62.91279220581055,3343518,0.0,0.0
2021-02-03 00:00:00+05:30,63.1573941071928,63.20631092275393,61.34730397349561,61.640830993652344,1666529,0.0,0.0
2021-02-04 00:00:00+05:30,67.80492401123047,67.80492401123047,66.33728502799862,67.80492401123047,4793866,0.0,0.0
2021-02-05 00:00:00+05:30,72.20784226401946,74.55605870772901,68.48982045348262,69.46824645996094,8616697,0.0,0.0
2021-02-08 00:00:00+05:30,70.10421489340746,76.80643059225643,67.60922594557462,74.84957885742188,8365571,0.0,0.0
2021-02-09 00:00:00+05:30,75.24095440331234,77.14888195283149,71.52293293807818,72.89273071289062,5731871,0.0,0.0
2021-02-10 00:00:00+05:30,73.62655108683818,74.84958349691854,71.03372088450831,72.40351867675781,2799477,0.0,0.0
2021-02-11 00:00:00+05:30,72.4035140752793,74.75173764635586,72.01214223596705,72.45243835449219,4875202,0.0,0.0
2021-02-12 00:00:00+05:30,72.8438019247476,72.8438019247476,70.93587449326138,71.18048095703125,1718913,0.0,0.0
2021-02-15 00:00:00+05:30,71.81645617410375,74.45820288354058,71.22940217920629,73.77330780029297,2916844,0.0,0.0
2021-02-16 00:00:00+05:30,74.26253413633202,76.95320560891798,72.99057736337222,74.75174713134766,3613588,0.0,0.0
2021-02-17 00:00:00+05:30,74.26253441899065,79.00789899574453,73.47979063806721,76.90428161621094,5353540,0.0,0.0
2021-02-18 00:00:00+05:30,77.29564513295635,88.93891469024719,76.80643218907689,86.34608459472656,13901144,0.0,0.0
2021-02-19 00:00:00+05:30,86.05255492513773,89.3302876622062,80.81797785272875,84.095703125,6803902,0.0,0.0
2021-02-22 00:00:00+05:30,86.88422725134753,100.28865976583808,86.88422725134753,96.27711486816406,24007354,0.0,0.0
2021-02-23 00:00:00+05:30,99.79944433836204,115.50318341869972,97.05984876276254,113.64417266845703,28353363,0.0,0.0
2021-02-24 00:00:00+05:30,117.21542863625989,124.99391174316406,116.48160919354073,124.99391174316406,19989597,0.0,0.0
2021-02-25 00:00:00+05:30,130.81554232084682,137.46884155273438,129.15222124527358,137.46884155273438,13790220,0.0,0.0
2021-02-26 00:00:00+05:30,140.89332900228806,151.21572518941622,129.15221825209738,146.61712646484375,37155451,0.0,0.0
2021-03-01 00:00:00+05:30,153.6128565917337,153.90638732910156,151.65600491540587,153.90638732910156,1906527,0.0,0.0
2021-03-02 00:00:00+05:30,161.58701801715122,161.58701801715122,146.22573564656292,147.05740356445312,18749289,0.0,0.0
2021-03-03 00:00:00+05:30,149.69916432486644,151.06895462789666,139.71922302246094,139.71922302246094,8358188,0.0,0.0
2021-03-04 00:00:00+05:30,133.16377924444367,139.7192301962649,132.77239990234375,132.77239990234375,7042291,0.0,0.0
2021-03-05 00:00:00+05:30,128.3694805540254,139.37677239719898,126.16802218539068,139.03433227539062,19069762,0.0,0.0
2021-03-08 00:00:00+05:30,144.7091900709772,144.7091900709772,135.21846147058582,137.7623748779297,7477182,0.0,0.0
2021-03-09 00:00:00+05:30,139.4746102686574,140.599794043401,130.91338393597437,134.82708740234375,5415376,0.0,0.0
2021-03-10 00:00:00+05:30,133.26159732601363,137.66451363587925,129.6414246793762,132.13641357421875,3792097,0.0,0.0
2021-03-12 00:00:00+05:30,134.53357236293454,135.31631613351075,127.19537750677448,130.66879272460938,3020714,0.0,0.0
2021-03-15 00:00:00+05:30,132.0874936767172,134.82708912407904,126.5104691518413,131.45152282714844,3154079,0.0,0.0
2021-03-16 00:00:00+05:30,132.33211896387144,133.79975799119717,128.22273267327859,128.85870361328125,1791515,0.0,0.0
2021-03-17 00:00:00+05:30,128.66300763591738,129.8371157462958,122.45000457763672,122.45000457763672,2457683,0.0,0.0
2021-03-18 00:00:00+05:30,125.09174864757536,125.23851402415684,116.43268100683332,117.3621826171875,4392236,0.0,0.0
2021-03-19 00:00:00+05:30,116.3348456626501,123.18382723698006,111.5405570676596,123.13490295410156,4999311,0.0,0.0
2021-03-22 00:00:00+05:30,124.26008981291385,124.65146166748876,119.71040786617448,121.42265319824219,2319194,0.0,0.0
2021-03-23 00:00:00+05:30,120.3463923283395,127.4889047776478,120.24855122591013,126.95076751708984,3017718,0.0,0.0
2021-03-24 00:00:00+05:30,126.99968763761167,127.78243136098327,120.83560134425308,121.08020782470703,2843445,0.0,0.0
2021-03-25 00:00:00+05:30,120.78667810208071,124.7982303878984,116.43268569843632,119.71041107177734,2682657,0.0,0.0
2021-03-26 00:00:00+05:30,122.00971040016788,124.74930598818023,118.04708986530414,120.59099578857422,3863374,0.0,0.0
2021-03-30 00:00:00+05:30,120.34638953421681,124.45577545922231,117.99816580644334,118.82982635498047,1868263,0.0,0.0
2021-03-31 00:00:00+05:30,119.31903663724002,122.00970788745477,116.23700099519552,117.01973724365234,1550522,0.0,0.0
2021-04-01 00:00:00+05:30,117.9003233757229,122.84137725830078,117.55787579663671,122.84137725830078,2632548,0.0,0.0
2021-04-05 00:00:00+05:30,125.62987092169092,128.95652770996094,123.2816548955184,128.95652770996094,5676424,0.0,0.0
2021-04-06 00:00:00+05:30,133.5551404194551,135.365234375,132.82132096660095,135.365234375,5480259,0.0,0.0
2021-04-07 00:00:00+05:30,139.08323723046357,142.11636352539062,135.36523071357823,142.11636352539062,8678027,0.0,0.0
2021-04-08 00:00:00+05:30,136.63717803827436,146.17683105724032,133.06592929019186,139.8170623779297,10786715,0.0,0.0
2021-04-09 00:00:00+05:30,141.08901148202318,145.54085230309556,139.03432605432434,140.69764709472656,2792003,0.0,0.0
2021-04-12 00:00:00+05:30,135.12063526173787,137.6645338793152,127.39106097892459,128.4184112548828,4342376,0.0,0.0
2021-04-13 00:00:00+05:30,130.13064892403114,140.1105904420604,128.46732782595876,136.49041748046875,3497522,0.0,0.0
2021-04-15 00:00:00+05:30,136.5882780610063,141.87177258545367,133.40839350305646,134.28897094726562,3309167,0.0,0.0
2021-04-16 00:00:00+05:30,138.9364698588457,147.69337817741055,138.00696829289186,145.7365264892578,10505534,0.0,0.0
2021-04-19 00:00:00+05:30,143.3393968605193,143.3393968605193,134.3868056905568,136.83287048339844,9669079,0.0,0.0
2021-04-20 00:00:00+05:30,139.9148846450712,145.10054419475807,134.48461865369717,137.3709716796875,7421133,0.0,0.0
2021-04-22 00:00:00+05:30,136.78394924280013,140.55088014977125,132.67456328537935,133.60406494140625,5582180,0.0,0.0
2021-04-23 00:00:00+05:30,133.06591697431568,138.93647213494728,133.06591697431568,135.31629943847656,3386952,0.0,0.0
2021-04-26 00:00:00+05:30,138.34940709911677,139.76813650356155,134.53355231440025,135.51197814941406,3877317,0.0,0.0
2021-04-27 00:00:00+05:30,138.34942563203225,149.06320190429688,137.95806121743797,149.06320190429688,19168413,0.0,0.0
2021-04-28 00:00:00+05:30,154.39561717966143,161.44028100106146,152.43876528873946,154.68914794921875,15493506,0.0,0.0
2021-04-29 00:00:00+05:30,156.98843495687782,160.7553806986114,150.8732729927614,154.73805236816406,8762324,0.0,0.0
2021-04-30 00:00:00+05:30,152.7322837610441,160.16831139007806,150.041612627666,151.4603271484375,7298813,0.0,0.0
2021-05-03 00:00:00+05:30,151.6560093358553,157.23303379002925,150.67758346917236,151.4603271484375,5923888,0.0,0.0
2021-05-04 00:00:00+05:30,153.22148499479965,155.667549474732,147.54661241543803,148.37826538085938,6992626,0.0,0.0
2021-05-05 00:00:00+05:30,151.65601576990272,152.38983520104742,147.35094774569168,148.0358428955078,2833276,0.0,0.0
2021-05-06 00:00:00+05:30,149.45455891805184,156.64599538447357,148.81858804342994,152.97689819335938,8422706,0.0,0.0
2021-05-07 00:00:00+05:30,156.3524717195993,168.24034118652344,155.61865224807076,168.24034118652344,18162198,0.0,0.0
2021-05-10 00:00:00+05:30,181.00880281207128,185.02035522460938,179.0519508897786,185.02035522460938,19235937,0.0,0.0
2021-05-11 00:00:00+05:30,176.11666908575964,192.50530357012894,172.34972324736512,181.54693603515625,20107657,0.0,0.0
2021-05-12 00:00:00+05:30,182.91671650296857,184.67788608466168,169.21875409139102,172.0561981201172,9352353,0.0,0.0
2021-05-14 00:00:00+05:30,174.40440899586815,175.82312350248242,161.44026639168723,167.31082153320312,10504764,0.0,0.0
2021-05-17 00:00:00+05:30,169.9525713328612,172.00727164015902,162.7611501165069,166.47915649414062,7053916,0.0,0.0
2021-05-18 00:00:00+05:30,171.17562448109624,182.57429625674874,170.34397134484422,174.89364624023438,9611131,0.0,0.0
2021-05-19 00:00:00+05:30,176.312353131777,180.66634562157245,167.80005035618686,170.9799346923828,6352550,0.0,0.0
2021-05-20 00:00:00+05:30,166.33240025174547,173.86627657134687,164.37554848407788,167.26190185546875,6546991,0.0,0.0
2021-05-21 00:00:00+05:30,168.72955525227403,171.0288622496834,164.37556267913277,165.35398864746094,3778444,0.0,0.0
2021-05-24 00:00:00+05:30,166.33240260089897,173.1813838844654,162.81006339751278,166.91946411132812,6000772,0.0,0.0
2021-05-25 00:00:00+05:30,169.90363829788754,171.61588348920353,164.130931910431,165.45181274414062,4934833,0.0,0.0
2021-05-26 00:00:00+05:30,166.8216060937589,167.800031935951,162.71222054247065,165.25611877441406,3454236,0.0,0.0
2021-05-27 00:00:00+05:30,166.2834810718711,170.19718472724716,165.74534383333796,167.84896850585938,7077789,0.0,0.0
2021-05-28 00:00:00+05:30,174.15980795580361,180.03036328015654,168.58278338358716,170.29502868652344,14388713,0.0,0.0
2021-05-31 00:00:00+05:30,171.81161257373643,171.95837050275384,165.40291925044573,166.72378540039062,6619747,0.0,0.0
2021-06-01 00:00:00+05:30,167.80004075579237,168.97414884221723,155.17835269993495,159.09205627441406,10953496,0.0,0.0
2021-06-02 00:00:00+05:30,160.46184655364402,161.4402724472638,157.77117534618964,159.09205627441406,4537188,0.0,0.0
2021-06-03 00:00:00+05:30,160.36402255384655,162.7611783040396,157.57551728769846,158.35826110839844,5037510,0.0,0.0
2021-06-04 00:00:00+05:30,157.52656919851242,158.26038862024464,154.59129151158362,155.56971740722656,5857184,0.0,0.0
2021-06-07 00:00:00+05:30,158.11364030223027,161.1956760886888,157.03736577987587,157.86903381347656,4152826,0.0,0.0
2021-06-08 00:00:00+05:30,158.40714219613164,159.33665871522106,153.66178568993092,154.49343872070312,3917269,0.0,0.0
2021-06-09 00:00:00+05:30,154.68914516583354,161.14674733192464,154.4934480365865,156.1567840576172,7216774,0.0,0.0
2021-06-10 00:00:00+05:30,157.91795323144117,159.28775861351482,155.716494692362,156.64601135253906,3807098,0.0,0.0
2021-06-11 00:00:00+05:30,158.35824697906412,167.99573368964911,155.71648495371036,165.69644165039062,14241782,0.0,0.0
2021-06-14 00:00:00+05:30,166.82161589296993,168.97414988631516,159.09205725745014,163.39712524414062,9720458,0.0,0.0
2021-06-15 00:00:00+05:30,163.3971289633777,163.3971289633777,158.50499935369572,159.0431365966797,5117904,0.0,0.0
2021-06-16 00:00:00+05:30,156.54813764107095,157.52656350132764,152.87904066510833,153.71070861816406,7871560,0.0,0.0
2021-06-17 00:00:00+05:30,151.6559960096241,153.51499902113082,148.2315057771487,149.356689453125,5423871,0.0,0.0
2021-06-18 00:00:00+05:30,147.7423080986225,148.2315210393464,138.30050431448856,141.0400848388672,10317206,0.0,0.0
2021-06-21 00:00:00+05:30,137.02856351754684,147.49771867292304,133.0170109682028,145.9811553955078,9159353,0.0,0.0
2021-06-22 00:00:00+05:30,147.74231741741474,152.9279779020907,146.86174004040726,149.25888061523438,4887545,0.0,0.0
2021-06-23 00:00:00+05:30,151.6560305548124,153.27042748888005,148.23153954228437,149.16104125976562,3309324,0.0,0.0
2021-06-24 00:00:00+05:30,150.1883901578354,150.48192094210864,144.26890990510904,145.9811553955078,2218588,0.0,0.0
2021-06-25 00:00:00+05:30,147.74232618928536,153.2215177681436,147.74232618928536,150.92221069335938,4998700,0.0,0.0
2021-06-28 00:00:00+05:30,143.0458492025388,148.62287328552722,142.65448485375092,145.00270080566406,6172566,0.0,0.0
2021-06-29 00:00:00+05:30,146.76388471554486,147.35094622624482,142.16528598037667,143.09478759765625,2537344,0.0,0.0
2021-06-30 00:00:00+05:30,143.82859403765755,145.5408392047725,140.4041037034276,140.9911651611328,2552482,0.0,0.0
2021-07-01 00:00:00+05:30,141.87176284616044,142.65450659261,139.0343335610753,139.8170623779297,2259411,0.0,0.0
2021-07-02 00:00:00+05:30,139.42569598445684,140.59980412261748,137.37099554547947,137.7623748779297,2363802,0.0,0.0
2021-07-05 00:00:00+05:30,138.9854036045559,145.49192993904637,138.9854036045559,144.5135040283203,6085260,0.0,0.0
2021-07-06 00:00:00+05:30,145.29624302997328,146.274668908963,141.08900876439867,142.165283203125,2785784,0.0,0.0
2021-07-07 00:00:00+05:30,141.77391350682376,147.54663554204188,139.37677292667846,145.10057067871094,7739999,0.0,0.0
2021-07-08 00:00:00+05:30,145.63871384563498,146.03007826781428,141.57823704994502,142.80126953125,1954026,0.0,0.0
2021-07-09 00:00:00+05:30,141.13792871449093,145.10055638875411,141.08900443612347,142.8501739501953,2002250,0.0,0.0
2021-07-12 00:00:00+05:30,143.97537499276987,145.44301394246006,141.13794566187366,141.87176513671875,1860353,0.0,0.0
2021-07-13 00:00:00+05:30,142.8501766429228,143.48614748490647,140.94224918737788,141.38253784179688,1267010,0.0,0.0
2021-07-14 00:00:00+05:30,141.87173918651197,141.96958773709838,139.67028116465232,140.0616455078125,1367971,0.0,0.0
2021-07-15 00:00:00+05:30,140.84440704780147,142.31204591581522,139.42569246130708,140.35519409179688,1782024,0.0,0.0
2021-07-16 00:00:00+05:30,141.04008032069027,142.1163547276424,138.9364707148036,139.3278350830078,1638513,0.0,0.0
2021-07-19 00:00:00+05:30,137.0774852394686,141.18687135364974,136.09905926325422,137.2242431640625,2270417,0.0,0.0
2021-07-20 00:00:00+05:30,137.41991181917749,138.49618625869476,133.31052611031947,133.84866333007812,2611676,0.0,0.0
2021-07-22 00:00:00+05:30,136.00119658995092,138.34941271750816,134.240027029486,134.97384643554688,1649553,0.0,0.0
2021-07-23 00:00:00+05:30,136.24581567235603,144.21998131796633,136.24581567235603,141.2357940673828,8835264,0.0,0.0
2021-07-26 00:00:00+05:30,144.31782457596168,146.56820719933634,142.9969435995302,145.44300842285156,5336344,0.0,0.0
2021-07-27 00:00:00+05:30,148.08476900958658,152.63444356715425,146.56820584719912,149.45455932617188,11769766,0.0,0.0
2021-07-28 00:00:00+05:30,150.5797545838025,150.5797545838025,143.53509040922384,145.9811553955078,3920214,0.0,0.0
2021-07-29 00:00:00+05:30,146.7639005369152,153.46612463327276,145.58979231853908,149.16104125976562,9091037,0.0,0.0
2021-07-30 00:00:00+05:30,150.18836628004118,155.27617765670368,149.20994044108326,150.38404846191406,11709132,0.0,0.0
2021-08-02 00:00:00+05:30,152.291980291662,153.9553162099465,148.81858040600576,149.69915771484375,5328757,0.0,0.0
2021-08-03 00:00:00+05:30,149.69918088900064,150.18839389844183,145.589794595614,146.42144775390625,3554755,0.0,0.0
2021-08-04 00:00:00+05:30,147.05740808670197,148.67180476567154,142.06743028509743,142.8501739501953,3263744,0.0,0.0
2021-08-05 00:00:00+05:30,142.89909250428516,143.63291186162016,138.30049418423786,140.9911651611328,3019311,0.0,0.0
2021-08-06 00:00:00+05:30,141.13794056849346,145.54085725867176,140.45304540260693,141.28469848632812,3437007,0.0,0.0
2021-08-09 00:00:00+05:30,136.97963067967436,138.93648254652683,134.04435287939563,134.729248046875,3711493,0.0,0.0
2021-08-10 00:00:00+05:30,135.70766639225363,137.76236670939883,122.498917029562,126.4126205444336,5151181,0.0,0.0
2021-08-11 00:00:00+05:30,127.19537285213569,130.5220150933535,120.93344531107104,125.92341613769531,7115453,0.0,0.0
2021-08-12 00:00:00+05:30,127.19537161869744,131.69613689396624,126.31479424855982,130.57093811035156,2677180,0.0,0.0
2021-08-13 00:00:00+05:30,131.59828908957394,132.7234729501003,128.17379829542145,129.4457550048828,2052343,0.0,0.0
2021-08-16 00:00:00+05:30,129.4457551146554,134.2400362586965,126.36370443954752,132.47886657714844,3797647,0.0,0.0
2021-08-17 00:00:00+05:30,132.47887628436553,133.7508330881065,126.07019783824823,127.58674621582031,2663727,0.0,0.0
2021-08-18 00:00:00+05:30,127.58673045042845,128.85868709699875,123.37950359022895,125.43419647216797,4182550,0.0,0.0
2021-08-20 00:00:00+05:30,119.36796222599165,122.20539888661814,116.43268446633611,117.16650390625,4515151,0.0,0.0
2021-08-23 00:00:00+05:30,119.95501973454627,121.32481755473668,106.89303482141115,108.26283264160156,7314717,0.0,0.0
2021-08-24 00:00:00+05:30,107.62684751888293,113.79093358997414,107.4311653274947,111.93192291259766,4594286,0.0,0.0
2021-08-25 00:00:00+05:30,112.91034714792288,116.62836098350621,112.91034714792288,114.4269027709961,3884841,0.0,0.0
2021-08-26 00:00:00+05:30,114.62260774897047,114.62260774897047,111.78517084719797,112.91036224365234,2017377,0.0,0.0
2021-08-27 00:00:00+05:30,113.05711476875081,115.06288336780247,112.51897754241172,113.20387268066406,2016080,0.0,0.0
2021-08-30 00:00:00+05:30,114.42690385000576,118.24276628063174,114.42690385000576,117.21542358398438,2941481,0.0,0.0
2021-08-31 00:00:00+05:30,117.36218445102395,119.75933239985235,114.76936177169128,116.38375854492188,2908516,0.0,0.0
2021-09-01 00:00:00+05:30,116.62836667950512,116.92189744142765,113.74201320138881,114.76936340332031,1546422,0.0,0.0
2021-09-02 00:00:00+05:30,115.40533644321954,118.34061425828878,115.16072995863044,116.82405853271484,2427559,0.0,0.0
2021-09-03 00:00:00+05:30,116.9708213489942,118.68306670353525,115.94347115035063,116.53052520751953,2368562,0.0,0.0
2021-09-06 00:00:00+05:30,117.41111307261998,118.29169791362415,115.6010265723766,116.57945251464844,1792642,0.0,0.0
2021-09-07 00:00:00+05:30,117.21542156069198,117.99815777346505,114.47582615399386,114.9161148071289,1784993,0.0,0.0
2021-09-08 00:00:00+05:30,114.76935779811305,115.69885939080963,113.59524227256279,114.4269027709961,1399790,0.0,0.0
2021-09-09 00:00:00+05:30,114.96504664364245,114.96504664364245,112.71466402129472,113.39956665039062,1640985,0.0,0.0
2021-09-13 00:00:00+05:30,116.33484788954931,122.98813992452109,115.6988695239423,121.91187286376953,10535636,0.0,0.0
2021-09-14 00:00:00+05:30,123.08928365243732,127.30836940947033,121.7646893985211,123.62893676757812,5772261,0.35,0.0
2021-09-15 00:00:00+05:30,124.11952689670822,124.65918000798035,121.7156339155683,122.25527954101562,2007766,0.0,0.0
2021-09-16 00:00:00+05:30,116.4663056376827,116.76066324523595,114.40582484228469,114.74923706054688,14012113,0.0,0.0
2021-09-17 00:00:00+05:30,114.70018274753649,115.68136479416071,114.40582513921925,114.60206604003906,5750709,0.0,0.0
2021-09-20 00:00:00+05:30,112.83592712083046,113.03216052149345,108.12625064667473,108.7149658203125,4649599,0.0,0.0
2021-09-21 00:00:00+05:30,109.84332623642636,110.6773369579683,106.1638935913586,107.04695892333984,6059082,0.0,0.0
2021-09-22 00:00:00+05:30,107.97908616712525,110.57921257653811,107.93002407094487,109.30368041992188,3862683,0.0,0.0
2021-09-23 00:00:00+05:30,111.11886612017895,112.7378179846578,110.48109629649639,110.97168731689453,3485093,0.0,0.0
2021-09-24 00:00:00+05:30,111.60946073986234,111.85475625797194,107.58661574003014,108.17532348632812,2876909,0.0,0.0
2021-09-27 00:00:00+05:30,109.00932464958886,109.45086106517063,106.94884383434898,107.8319091796875,2034839,0.0,0.0
2021-09-28 00:00:00+05:30,107.97908274638111,111.36415767249267,107.3413129453649,107.8809585571289,2573524,0.0,0.0
2021-09-29 00:00:00+05:30,107.73378642025591,112.63969641232906,106.94883782719438,110.72638702392578,4176884,0.0,0.0
2021-09-30 00:00:00+05:30,111.56039107934782,112.4434563818453,107.43942964879248,107.8809585571289,3458820,0.0,0.0
2021-10-01 00:00:00+05:30,107.83189900644011,109.69614622942501,107.145067142275,107.7828369140625,2718556,0.0,0.0
2021-10-04 00:00:00+05:30,108.7640303270326,127.25931074133466,108.5187348109654,119.01738739013672,28488877,0.0,0.0
2021-10-05 00:00:00+05:30,120.09668514784005,121.51939613466591,116.36819034082568,117.79090881347656,8821892,0.0,0.0
2021-10-06 00:00:00+05:30,122.89304635620117,131.18403131963498,121.86280225469358,122.64775085449219,38066071,0.0,0.0
2021-10-07 00:00:00+05:30,125.05164651015278,128.0442546907414,123.92329316628884,124.6591796875,8297399,0.0,0.0
2021-10-08 00:00:00+05:30,125.98377158769634,126.37625339802715,122.10810541203722,124.61012268066406,4524708,0.0,0.0
2021-10-11 00:00:00+05:30,125.3950753329339,125.59130875853897,122.45152903390563,123.48176574707031,3600660,0.0,0.0
2021-10-12 00:00:00+05:30,123.53081454185372,126.08188622909064,122.79492804635319,123.97234344482422,3856904,0.0,0.0
2021-10-13 00:00:00+05:30,124.61011624423222,124.95352845325216,122.9421098085212,123.57987213134766,4430850,0.0,0.0
2021-10-14 00:00:00+05:30,126.5724854127828,135.35406183275052,126.5724854127828,129.8594512939453,16200880,0.0,0.0
2021-10-18 00:00:00+05:30,135.5012523106221,149.82650180917156,135.4031281131842,146.39236450195312,33963715,0.0,0.0
2021-10-19 00:00:00+05:30,149.8755534955877,156.40040793734138,142.66385966278668,146.34329223632812,24618892,0.0,0.0
2021-10-20 00:00:00+05:30,146.24520137725068,146.3433106085389,137.07114235349917,140.3581085205078,11556906,0.0,0.0
2021-10-21 00:00:00+05:30,141.92797277650791,145.6564674355985,132.45957230070957,134.12757873535156,10395166,0.0,0.0
2021-10-22 00:00:00+05:30,133.44076305953504,135.79559406604315,125.10071536831411,127.21025085449219,7458356,0.0,0.0
2021-10-25 00:00:00+05:30,128.28954146109527,132.45956479730677,123.57986505175019,127.65177917480469,7932152,0.0,0.0
2021-10-26 00:00:00+05:30,128.3876780776184,134.91253276447674,127.16120050703226,133.9313507080078,8891273,0.0,0.0
2021-10-27 00:00:00+05:30,134.9125404783341,135.94278469086245,130.39909677185312,131.968994140625,3857510,0.0,0.0
2021-10-28 00:00:00+05:30,129.51603568038058,130.49721776886832,125.68943152393864,126.62155151367188,4492425,0.0,0.0
2021-10-29 00:00:00+05:30,125.88565979837382,128.78014384669333,121.96093160495079,124.5610580444336,4973347,0.0,0.0
2021-11-01 00:00:00+05:30,125.59130289396887,130.25191764979974,124.51200413188883,126.08189392089844,4147591,0.0,0.0
2021-11-02 00:00:00+05:30,127.0630753625634,128.2895529239781,125.93472199472183,126.52342224121094,2772811,0.0,0.0
2021-11-03 00:00:00+05:30,127.55366519757804,129.90849610487342,124.02141135081008,125.44412231445312,3830984,0.0,0.0
2021-11-04 00:00:00+05:30,126.37625945341568,128.4857950127913,125.93473049583136,127.8970947265625,974860,0.0,0.0
2021-11-08 00:00:00+05:30,129.02543760358975,129.5160286210939,126.03282940248454,128.1423797607422,2935680,0.0,0.0
2021-11-09 00:00:00+05:30,129.0254396445562,131.9199236992866,127.99519549717083,130.5953369140625,4013443,0.0,0.0
2021-11-10 00:00:00+05:30,131.28216251948072,133.39169795816804,126.62154773813195,127.60272979736328,4894855,0.0,0.0
2021-11-11 00:00:00+05:30,127.55367019719215,130.49721643251195,124.90448157973438,125.6894302368164,2812865,0.0,0.0
2021-11-12 00:00:00+05:30,126.08189305749701,127.99519505509014,123.72705464719589,124.70823669433594,2313161,0.0,0.0
2021-11-15 00:00:00+05:30,125.59129672333512,126.18001191538545,122.50057190836937,122.79492950439453,1835457,0.0,0.0
2021-11-16 00:00:00+05:30,121.66656884765625,124.31575727178343,120.83256563901062,122.64775085449219,2233769,0.0,0.0
2021-11-17 00:00:00+05:30,121.86280663009455,122.54963855103473,118.72302708981778,119.1155014038086,1659116,0.0,0.0
2021-11-18 00:00:00+05:30,119.70421090156988,120.88162637512417,114.74923852156014,115.68136596679688,2759630,0.0,0.0
2021-11-22 00:00:00+05:30,116.17195477397497,117.54561112407521,112.49252213218412,113.3755874633789,2848314,0.0,0.0
2021-11-23 00:00:00+05:30,110.92262737493466,119.21361222683316,110.92262737493466,117.64372253417969,2819107,0.0,0.0
2021-11-24 00:00:00+05:30,118.42866936899381,119.36079679955385,116.85877960036494,117.15313720703125,1747843,0.0,0.0
2021-11-25 00:00:00+05:30,117.2021901675338,119.2136163178438,115.58324581113649,118.47772979736328,1707146,0.0,0.0
2021-11-26 00:00:00+05:30,116.85878151454952,117.20219373740215,113.22841089726455,113.57182312011719,2398781,0.0,0.0
2021-11-29 00:00:00+05:30,111.85475315409784,112.63970178459691,106.26201849072291,108.56779479980469,3332738,0.0,0.0
2021-11-30 00:00:00+05:30,108.56779136808326,112.49251942487199,108.27343376949423,109.2546157836914,2159854,0.0,0.0
2021-12-01 00:00:00+05:30,114.3077102804666,115.14171353642087,110.87357306174013,113.13029479980469,3274600,0.0,0.0
2021-12-02 00:00:00+05:30,112.83593111259992,117.05501674853136,112.29627801294893,116.02477264404297,2673917,0.0,0.0
2021-12-03 00:00:00+05:30,115.779480583305,117.10407483857615,114.84736064073547,115.33795166015625,1799905,0.0,0.0
2021-12-06 00:00:00+05:30,116.27007832310852,116.56443594610475,111.65852546833645,112.14911651611328,1841121,0.0,0.0
2021-12-07 00:00:00+05:30,114.45489120511206,125.93472604022467,114.30771239584936,123.43270874023438,15309168,0.0,0.0
2021-12-08 00:00:00+05:30,124.61012136456787,125.54224132532714,121.6665751906017,123.6780014038086,4960540,0.0,0.0
2021-12-09 00:00:00+05:30,124.61011836916325,124.70823507543857,121.42127675735395,121.96092987060547,2279416,0.0,0.0
2021-12-10 00:00:00+05:30,120.78350645547381,130.15379035510566,120.53821094785269,128.4367218017578,5915366,0.0,0.0
2021-12-13 00:00:00+05:30,129.51603213624458,130.4972141978828,126.76871936932756,127.3083724975586,3529420,0.0,0.0
2021-12-14 00:00:00+05:30,126.08188821412202,127.55366122829464,123.62893319050097,124.46293640136719,2839843,0.0,0.0
2021-12-15 00:00:00+05:30,125.05164199359825,130.20284745602763,123.23645680400233,124.11952209472656,5761570,0.0,0.0
2021-12-16 00:00:00+05:30,125.59130597387454,125.934725689807,120.83257439312324,121.61751556396484,2705563,0.0,0.0
2021-12-17 00:00:00+05:30,121.9609340038681,122.25528413266959,115.82854608102326,116.61348724365234,3481384,0.0,0.0
2021-12-20 00:00:00+05:30,114.60206117048519,114.7982945771419,108.17531604384526,110.13768005371094,3894785,0.0,0.0
2021-12-21 00:00:00+05:30,112.10004812310937,115.38700646150164,111.11886608264452,113.08123016357422,2672904,0.0,0.0
2021-12-22 00:00:00+05:30,114.01335182582504,116.90784338031021,112.83593635385395,115.82854461669922,2319260,0.0,0.0
2021-12-23 00:00:00+05:30,116.80972200844911,119.55702716197347,116.80972200844911,117.54560852050781,2475292,0.0,0.0
2021-12-24 00:00:00+05:30,117.7418419141486,118.03619951326385,114.60206245743451,115.43606567382812,1903275,0.0,0.0
2021-12-27 00:00:00+05:30,114.84735616174144,115.63229727070743,113.32652106651892,114.79829406738281,1604766,0.0,0.0
2021-12-28 00:00:00+05:30,115.77948474234572,123.3836458165252,115.73042264431128,122.05905151367188,5039035,0.0,0.0
2021-12-29 00:00:00+05:30,122.69681430410341,126.57248027957445,120.4891547643434,123.57987213134766,7053277,0.0,0.0
2021-12-30 00:00:00+05:30,123.13833952030673,124.31575491182846,119.55702376617673,120.34197235107422,3623603,0.0,0.0
2021-12-31 00:00:00+05:30,120.68538713335313,125.10070617481728,120.53820833480607,122.3533935546875,5386417,0.0,0.0
2022-01-03 00:00:00+05:30,122.35340002020948,126.52342377972666,121.02880573493962,125.34600830078125,5969893,0.0,0.0
2022-01-04 00:00:00+05:30,126.57249377099512,132.21429097396583,126.57249377099512,130.93875122070312,16125645,0.0,0.0
2022-01-05 00:00:00+05:30,131.23309714011228,134.66723426153575,128.33861313209954,132.2142791748047,10030438,0.0,0.0
2022-01-06 00:00:00+05:30,130.30096035018292,132.21426207606356,128.53482992181318,129.3197784423828,4658289,0.0,0.0
2022-01-07 00:00:00+05:30,129.51603761909075,130.7915773475483,125.93472893116255,129.0745086669922,7146876,0.0,0.0
2022-01-10 00:00:00+05:30,129.46694973989372,132.45955755301358,128.9272966962741,129.3197784423828,5192602,0.0,0.0
2022-01-11 00:00:00+05:30,129.46696941749744,130.49721357160328,126.71965666376526,127.7499008178711,3427948,0.0,0.0
2022-01-12 00:00:00+05:30,128.73107586706132,132.41050838024896,127.35742705079763,131.38026428222656,4845617,0.0,0.0
2022-01-13 00:00:00+05:30,132.45957317996064,137.8560743095146,131.968982168183,133.53887939453125,14228398,0.0,0.0
2022-01-14 00:00:00+05:30,133.4407441956859,134.9125171096089,132.16520467595632,134.07850646972656,5639448,0.0,0.0
2022-01-17 00:00:00+05:30,134.4219405074748,138.93538391463392,134.17664499559984,134.9615936279297,6405711,0.0,0.0
2022-01-18 00:00:00+05:30,135.4031201981535,136.58053564032926,128.04425496999298,128.5839080810547,5754710,0.0,0.0
2022-01-19 00:00:00+05:30,128.044259345949,129.27073692589104,124.21764779936481,127.16120147705078,4885838,0.0,0.0
2022-01-20 00:00:00+05:30,127.84801805255597,132.06710366200764,127.65178464618248,131.38026428222656,6368032,0.0,0.0
2022-01-21 00:00:00+05:30,131.2331066313244,133.14640874302103,126.08190057663691,128.7801513671875,5155619,0.0,0.0
2022-01-24 00:00:00+05:30,127.16120781463086,128.14238992748557,116.07384694504245,118.37962341308594,8542100,0.0,0.0
2022-01-25 00:00:00+05:30,118.52679477735282,123.67800054606863,114.60206657261696,122.3043441772461,5118615,0.0,0.0
2022-01-27 00:00:00+05:30,120.68539810180664,120.97975572565338,117.74185180664062,119.70421600341797,3537193,0.0,0.0
2022-01-28 00:00:00+05:30,121.07787021414619,125.73847761005243,120.93069140492646,121.47034454345703,5312619,0.0,0.0
2022-01-31 00:00:00+05:30,122.94211282352168,124.36482378970511,120.34197891576326,121.22504425048828,3879396,0.0,0.0
2022-02-01 00:00:00+05:30,122.15716781934557,125.29694745169749,120.19480367766934,124.31576538085938,5490758,0.0,0.0
2022-02-02 00:00:00+05:30,125.00259876656503,127.84802830204451,124.51200772547632,125.24789428710938,4807368,0.0,0.0
2022-02-03 00:00:00+05:30,125.93471915705905,127.94613033513649,125.05164634974862,126.91590118408203,5622216,0.0,0.0
2022-02-04 00:00:00+05:30,127.55366589368025,135.89371327903626,127.06307487101225,135.1087646484375,17477979,0.0,0.0
2022-02-07 00:00:00+05:30,135.01065098184048,140.30902786355264,132.85203857585094,138.78819274902344,16060563,0.0,0.0
2022-02-08 00:00:00+05:30,139.5240847894462,140.99585786733414,131.62556627711763,134.5200653076172,9982439,0.0,0.0
2022-02-09 00:00:00+05:30,135.59933871514966,138.9844133539438,134.8143901827044,136.7277069091797,5956235,0.0,0.0
2022-02-10 00:00:00+05:30,137.85606692671146,143.5959874457714,137.85606692671146,139.57313537597656,16068827,0.0,0.0
2022-02-11 00:00:00+05:30,138.34665681429905,140.84867381484483,134.91251994302212,136.23712158203125,6485085,0.0,0.0
2022-02-14 00:00:00+05:30,131.3312217532657,132.26334169488177,122.84398814297784,123.62893676757812,9869852,0.0,0.0
2022-02-15 00:00:00+05:30,124.26670478956324,130.00661813061802,119.99856448394941,129.172607421875,8877023,0.0,0.0
2022-02-16 00:00:00+05:30,129.51603245542742,130.88968135644612,126.08189523123048,127.0140151977539,5023452,0.0,0.0
2022-02-17 00:00:00+05:30,127.50460081637941,128.09331601847842,122.40245729423613,123.13834381103516,4813784,0.0,0.0
2022-02-18 00:00:00+05:30,123.62893252226542,125.3950631240562,120.48915310333138,120.83256530761719,4523988,0.0,0.0
2022-02-21 00:00:00+05:30,120.83256990208861,120.83256990208861,112.54157716031672,115.04359436035156,10144352,0.0,0.0
2022-02-22 00:00:00+05:30,110.18674394917065,113.71899772749481,108.9112043275808,112.88499450683594,8328136,0.0,0.0
2022-02-23 00:00:00+05:30,115.8285419448883,117.44748631004819,113.37558686334323,113.8171157836914,6392957,0.0,0.0
2022-02-24 00:00:00+05:30,109.79426803433769,111.70756995285402,103.02411069171707,103.66188049316406,10395146,0.0,0.0
2022-02-25 00:00:00+05:30,108.91120607857462,112.4925220098549,107.24319961043992,111.41322326660156,7708188,0.0,0.0
2022-02-28 00:00:00+05:30,111.413220905593,115.92665668180375,109.74520698698106,115.43606567382812,7200101,0.0,0.0
2022-03-02 00:00:00+05:30,115.28888425228722,121.02879741789576,115.09265084788973,117.64372253417969,10091114,0.0,0.0
2022-03-03 00:00:00+05:30,121.6665679248522,124.36481842318561,120.24385702006077,121.27409362792969,12216686,0.0,0.0
2022-03-04 00:00:00+05:30,122.1571594742704,123.87422798093685,118.37961025676913,118.7230224609375,7931946,0.0,0.0
2022-03-07 00:00:00+05:30,118.2324321103175,123.57987106620531,116.76065909649613,122.3533935546875,7984133,0.0,0.0
2022-03-08 00:00:00+05:30,124.61012299644086,131.42933539443572,123.08928779231174,124.31576538085938,18998589,0.0,0.0
2022-03-09 00:00:00+05:30,126.2781198696089,126.57247746268916,121.17597648559776,121.71562957763672,6779091,0.0,0.0
2022-03-10 00:00:00+05:30,123.04022786673917,123.04022786673917,118.82114215000759,120.44009399414062,7178388,0.0,0.0
2022-03-11 00:00:00+05:30,120.9306863476268,123.62893695578886,120.19479981812806,121.3722152709961,4842464,0.0,0.0
2022-03-14 00:00:00+05:30,121.17597929503629,122.45151891352445,116.85877691610487,117.25125122070312,5344277,0.0,0.0
2022-03-15 00:00:00+05:30,117.25125260086156,117.88902241761281,110.03956617655093,112.0019302368164,7040176,0.0,0.0
2022-03-16 00:00:00+05:30,114.16052891092058,114.5039411279183,112.19816482999087,113.08123016357422,4731502,0.0,0.0
2022-03-17 00:00:00+05:30,115.19077031936824,116.76066004976313,113.91523070264599,115.28888702392578,6012485,0.0,0.0
2022-03-21 00:00:00+05:30,117.15313236592993,118.7230220696865,114.30770306709485,114.79829406738281,5346677,0.0,0.0
2022-03-22 00:00:00+05:30,115.48512461084688,117.74184632643352,114.30770914191254,115.97571563720703,4837292,0.0,0.0
2022-03-23 00:00:00+05:30,117.39842925646701,117.39842925646701,114.50393782899276,115.73041534423828,3992771,0.0,0.0
2022-03-24 00:00:00+05:30,115.77948344642571,117.69278547515103,114.35677244925306,115.09265899658203,4498389,0.0,0.0
2022-03-25 00:00:00+05:30,115.73041836546516,116.71160040327605,112.88499644447346,113.3755874633789,3687383,0.0,0.0
2022-03-28 00:00:00+05:30,113.32652524392225,113.8171162622942,110.97168685857187,111.41322326660156,4609341,0.0,0.0
2022-03-29 00:00:00+05:30,112.14910844525258,112.59063736214678,109.89238679355502,110.33391571044922,4859549,0.0,0.0
2022-03-30 00:00:00+05:30,111.16792778740316,111.41322329665532,108.7640273052372,109.30368041992188,5885810,0.0,0.0
2022-03-31 00:00:00+05:30,110.38298135275369,112.49252427132687,109.79427361603733,111.60945892333984,6142918,0.0,0.0
2022-04-01 00:00:00+05:30,111.85475580641395,114.7983020118459,111.65852238704854,114.50394439697266,5077804,0.0,0.0
2022-04-04 00:00:00+05:30,115.63229954104001,117.59466358072105,114.06240980646012,117.10407257080078,6255133,0.0,0.0
2022-04-05 00:00:00+05:30,118.57584177796711,121.17597554388749,117.74183858515384,120.34197235107422,7328584,0.0,0.0
2022-04-06 00:00:00+05:30,119.55703362658791,123.43270729115498,119.11550468980849,122.50057983398438,8046494,0.0,0.0
2022-04-07 00:00:00+05:30,122.54963839322986,123.48175833766099,118.42866933037004,119.26268005371094,4264063,0.0,0.0
2022-04-08 00:00:00+05:30,120.34197744005327,121.47033827137496,119.50797421197197,120.29291534423828,3761228,0.0,0.0
2022-04-11 00:00:00+05:30,121.02880215305134,123.43270262300616,120.58727323297028,122.10810089111328,4261393,0.0,0.0
2022-04-12 00:00:00+05:30,121.61750637784539,121.61750637784539,116.36818415463001,118.7230224609375,5631054,0.0,0.0
2022-04-13 00:00:00+05:30,119.7042067299067,121.07786305839846,118.62490800245774,118.91925811767578,2750802,0.0,0.0
2022-04-18 00:00:00+05:30,119.7042119987987,119.7042119987987,116.80972789971516,118.87020874023438,2214700,0.0,0.0
2022-04-19 00:00:00+05:30,119.94950385584002,127.06307361416182,118.82114301769987,121.81375122070312,18701538,0.0,0.0
2022-04-20 00:00:00+05:30,123.1383490657357,123.6289400978701,118.28150084193511,119.01738739013672,6056375,0.0,0.0
2022-04-21 00:00:00+05:30,120.09668043057812,120.53820934409167,118.87020290879082,119.50797271728516,2945809,0.0,0.0
2022-04-22 00:00:00+05:30,118.7230220696865,118.7230220696865,114.40581976998752,114.79829406738281,5770643,0.0,0.0
2022-04-25 00:00:00+05:30,112.83593377189564,112.98311257398048,111.31509862672712,111.70757293701172,4194526,0.0,0.0
2022-04-26 00:00:00+05:30,112.83593271292892,114.20958904312084,112.1000461952359,112.59063720703125,3229386,0.0,0.0
2022-04-27 00:00:00+05:30,111.85475143513153,112.83593346526426,110.13768288239925,112.0019302368164,2762785,0.0,0.0
2022-04-28 00:00:00+05:30,113.32652720673458,113.32652720673458,109.49991569999153,111.90381622314453,4431556,0.0,0.0
2022-04-29 00:00:00+05:30,113.27745827319472,113.27745827319472,110.77544867865925,111.16792297363281,1832831,0.0,0.0
2022-05-02 00:00:00+05:30,109.79427230900964,110.87357106111212,108.02814163406019,110.67733764648438,2262626,0.0,0.0
2022-05-04 00:00:00+05:30,110.38297060776584,111.8056814568251,107.24319132703022,107.7828369140625,3034707,0.0,0.0
2022-05-05 00:00:00+05:30,109.84332241833829,110.28485881189381,107.3903674068897,108.02813720703125,1728445,0.0,0.0
2022-05-06 00:00:00+05:30,104.98648371777045,106.60543566478898,99.98245655175207,102.63164520263672,6237384,0.0,0.0
2022-05-09 00:00:00+05:30,100.86551110836047,100.86551110836047,89.77815167737165,92.62358093261719,15765612,0.0,0.0
2022-05-10 00:00:00+05:30,93.21229467167478,95.95960740369624,91.44616398882886,91.83863830566406,7114541,0.0,0.0
2022-05-11 00:00:00+05:30,92.96700017350136,93.70288671841034,89.68004177007292,93.06511688232422,6121617,0.0,0.0
2022-05-12 00:00:00+05:30,91.74052345931167,92.47641001112433,89.58192590165791,90.36686706542969,4256098,0.0,0.0
2022-05-13 00:00:00+05:30,92.23111708326141,93.89912365320303,89.63098303002567,90.41593170166016,4512467,0.0,0.0
2022-05-16 00:00:00+05:30,90.0725154650053,90.95557332409702,87.03084511186715,89.58192443847656,6269897,0.0,0.0
2022-05-17 00:00:00+05:30,91.15180858078406,101.25797860986283,91.15180858078406,98.51067352294922,10475451,0.0,0.0
2022-05-18 00:00:00+05:30,99.78621288647868,100.32586601585733,96.89172879282064,98.8050308227539,4959565,0.0,0.0
2022-05-19 00:00:00+05:30,94.1934754491924,96.842663951871,93.8500632337822,94.97842407226562,3430792,0.0,0.0
2022-05-20 00:00:00+05:30,98.11820015243799,102.82787675408485,98.11820015243799,99.88433074951172,11012735,0.0,0.0
2022-05-23 00:00:00+05:30,98.11820127585312,98.11820127585312,93.99723981659716,94.63500213623047,6453033,0.0,0.0
2022-05-24 00:00:00+05:30,94.78218747529931,96.49925611610483,94.48783734265635,95.51807403564453,3565444,0.0,0.0
2022-05-25 00:00:00+05:30,96.49924881635174,96.49924881635174,92.6235828860411,93.11417388916016,3082510,0.0,0.0
2022-05-26 00:00:00+05:30,94.24253561177304,95.0765388280368,89.33662553278069,94.48783111572266,5404173,0.0,0.0
2022-05-27 00:00:00+05:30,97.13702517630172,97.43138279237814,94.8803034152495,96.10678100585938,3991318,0.0,0.0
2022-05-30 00:00:00+05:30,97.13701932683531,101.79763389049661,96.45019491178353,100.96363067626953,5089815,0.0,0.0
2022-05-31 00:00:00+05:30,100.03150561792093,105.0845946026101,99.5409145997147,103.12223052978516,9463386,0.0,0.0
2022-06-01 00:00:00+05:30,104.39776665794007,104.69211676746254,101.11080844374601,101.84669494628906,3249757,0.0,0.0
2022-06-02 00:00:00+05:30,101.55234162236603,104.83929997481385,101.55234162236603,104.49588775634766,3022430,0.0,0.0
2022-06-03 00:00:00+05:30,106.850725544204,106.89978015465904,103.76000062419078,104.93741607666016,3841624,0.0,0.0
2022-06-06 00:00:00+05:30,104.49588296329274,104.59399966609337,101.79763246424058,104.2505874633789,2856422,0.0,0.0
2022-06-07 00:00:00+05:30,103.56376573615238,104.05435674866693,101.1108106735796,102.04293060302734,1953349,0.0,0.0
2022-06-08 00:00:00+05:30,103.90717233119187,104.39776331718822,101.35610070117572,102.38633728027344,3730282,0.0,0.0
2022-06-09 00:00:00+05:30,100.8655189013954,102.82788302410096,99.68809593627704,101.06175231933594,2023383,0.0,0.0
2022-06-10 00:00:00+05:30,100.32585965586784,100.52209306184288,98.26537894983157,99.88433074951172,2116091,0.0,0.0
2022-06-13 00:00:00+05:30,98.11820081400678,98.11820081400678,94.38970618874467,95.0765380859375,2653772,0.0,0.0
2022-06-14 00:00:00+05:30,94.19347351665323,97.97102278031241,93.6047658043391,94.48783111572266,2679119,0.0,0.0
2022-06-15 00:00:00+05:30,95.41995493168595,96.49925369595904,93.99724394502938,95.4690170288086,2157814,0.0,0.0
2022-06-16 00:00:00+05:30,96.3030215777152,96.8917293220003,89.48380170608947,90.36686706542969,2925267,0.0,0.0
2022-06-17 00:00:00+05:30,89.82721769655858,92.57452288465124,87.32520052974714,91.3480453491211,3403444,0.0,0.0
2022-06-20 00:00:00+05:30,90.85744633419218,91.05368721409133,79.6719706979618,82.7626953125,10192601,0.0,0.0
2022-06-21 00:00:00+05:30,84.77412918974574,89.33662714258779,83.54765164789706,88.94415283203125,5244529,0.0,0.0
2022-06-22 00:00:00+05:30,86.54025007268675,87.079903171176,81.14374903109274,82.4192886352539,12406905,0.0,0.0
2022-06-23 00:00:00+05:30,82.46835399238338,85.60813354646234,81.53622655682952,83.84200286865234,6622115,0.0,0.0
2022-06-24 00:00:00+05:30,83.10612168671192,85.65720116026847,82.61553063192419,83.6457748413086,6666366,0.0,0.0
2022-06-27 00:00:00+05:30,86.3440179250985,86.98178773648293,84.97036159730698,85.6081314086914,4503170,0.0,0.0
2022-06-28 00:00:00+05:30,85.36283735331389,88.99320790159614,84.62695082440601,88.50261688232422,4572546,0.0,0.0
2022-06-29 00:00:00+05:30,87.472383986096,88.79697829779307,86.34402309619658,87.52143859863281,2855088,0.0,0.0
2022-06-30 00:00:00+05:30,88.50261553479812,89.04226864211053,84.82318294628116,85.46095275878906,5048882,0.0,0.0
2022-07-01 00:00:00+05:30,84.47977175567127,87.07990564679693,84.03824283404562,86.68743133544922,2962596,0.0,0.0
2022-07-04 00:00:00+05:30,85.85342946078798,86.3440204862782,83.49859104126993,85.65719604492188,2968114,0.0,0.0
2022-07-05 00:00:00+05:30,86.44212992642747,87.4233118949132,84.52882808221004,85.21565246582031,2375230,0.0,0.0
2022-07-06 00:00:00+05:30,84.38165548757505,87.07990609909635,81.73246697241137,86.39308166503906,4453860,0.0,0.0
2022-07-07 00:00:00+05:30,87.3742623410698,90.7593373337837,85.46095290037624,89.5328598022461,5938255,0.0,0.0
2022-07-08 00:00:00+05:30,90.75933610643273,91.24992711241345,87.42331576859891,88.45355987548828,6598833,0.0,0.0
2022-07-11 00:00:00+05:30,88.20826777330454,90.66122289778005,86.6383779908052,89.72909545898438,4048079,0.0,0.0
2022-07-12 00:00:00+05:30,88.11015035135698,89.68004012113234,87.42331843057563,88.3554458618164,4379709,0.0,0.0
2022-07-13 00:00:00+05:30,87.52143380409134,89.68003875474011,87.32520039304363,89.38568115234375,3640651,0.0,0.0
2022-07-14 00:00:00+05:30,89.4347455408123,90.02345327487264,86.83461160573546,87.61956024169922,3246315,0.0,0.0
2022-07-15 00:00:00+05:30,87.71767120070483,88.11014549296387,84.97035864071606,86.00060272216797,3244822,0.0,0.0
2022-07-18 00:00:00+05:30,87.17802000724774,91.24992684198513,86.73649109750349,90.71027374267578,5498911,0.0,0.0
2022-07-19 00:00:00+05:30,89.53286258236204,91.74052220768056,89.48380048524719,91.39710998535156,4231449,0.0,0.0
2022-07-20 00:00:00+05:30,92.2801714154336,94.19347334849503,92.23110932040139,92.52546691894531,5063448,0.0,0.0
2022-07-21 00:00:00+05:30,92.72170450310958,93.65382446410183,92.2311134739926,93.21229553222656,2266998,0.0,0.0
2022-07-22 00:00:00+05:30,93.70288564019664,95.17465871307931,93.26135671266182,93.94818115234375,3064980,0.0,0.0
2022-07-25 00:00:00+05:30,94.1934750233944,94.63500394323663,92.81981868213826,93.1632308959961,3614462,0.0,0.0
2022-07-26 00:00:00+05:30,93.60476799322657,97.23513854224493,92.72170266119309,96.79360961914062,6826196,0.0,0.0
2022-07-27 00:00:00+05:30,96.89172557379196,98.36349862048247,95.91054354266495,97.38231658935547,3882752,0.0,0.0
2022-07-28 00:00:00+05:30,98.41256266805041,99.19750381702379,96.352074373161,97.87290954589844,4498422,0.0,0.0
2022-07-29 00:00:00+05:30,98.60879964196263,101.55234589993167,98.1182085989678,101.1108169555664,3924851,0.0,0.0
2022-08-01 00:00:00+05:30,101.60140567508903,103.76000322057232,101.25798596418593,102.87693786621094,3321288,0.0,0.0
2022-08-02 00:00:00+05:30,102.5335234059833,103.02411442706456,100.080568300577,102.68070220947266,2723475,0.0,0.0
2022-08-03 00:00:00+05:30,102.38634967993164,103.612827293457,100.37493088524523,102.63164520263672,2558158,0.0,0.0
2022-08-04 00:00:00+05:30,103.02411247580699,104.05435659489495,100.47304071166624,102.19010925292969,2816296,0.0,0.0
2022-08-05 00:00:00+05:30,102.72975487440334,103.71093689798245,101.84669704184195,102.19010925292969,2098867,0.0,0.0
2022-08-08 00:00:00+05:30,102.68069969976071,110.48109374996628,101.60140097692704,108.96026611328125,13647552,0.0,0.0
2022-08-10 00:00:00+05:30,110.18674662409006,111.26604537619255,109.10744038616266,110.67733764648438,5558821,0.0,0.0
2022-08-11 00:00:00+05:30,112.24722071243907,112.24722071243907,109.30367475399656,109.79426574707031,3234510,0.0,0.0
2022-08-12 00:00:00+05:30,109.59802622858405,112.44345552115138,108.91120182402364,110.72638702392578,3901600,0.0,0.0
2022-08-16 00:00:00+05:30,110.726395793506,112.49252652486051,107.58661614423707,111.80569458007812,3805826,0.0,0.0
2022-08-17 00:00:00+05:30,112.73782047764236,115.58324995603787,112.10005063985672,113.13029479980469,6226691,0.0,0.0
2022-08-18 00:00:00+05:30,113.1302867345521,114.40581883336344,112.34533814618779,113.42463684082031,2762967,0.0,0.0
2022-08-19 00:00:00+05:30,113.42464257586592,113.76805479345492,110.18674632825184,110.82450866699219,3222070,0.0,0.0
2022-08-22 00:00:00+05:30,110.3829721834211,110.3829721834211,108.27342944008417,108.7149658203125,2429109,0.0,0.0
2022-08-23 00:00:00+05:30,107.88095848543122,112.59063510507124,106.8507218713894,112.24722290039062,3556002,0.0,0.0
2022-08-24 00:00:00+05:30,112.73781600655018,115.58324537209822,112.10004619405798,114.70018005371094,5118962,0.0,0.0
2022-08-25 00:00:00+05:30,114.94547556081385,115.33794986741508,112.24722499593946,112.59063720703125,3282484,0.0,0.0
2022-08-26 00:00:00+05:30,113.7190018536564,117.15313905165225,113.52276095084733,115.68136596679688,4781736,0.0,0.0
2022-08-29 00:00:00+05:30,111.85475571268978,119.40985463930457,109.94145367509223,116.61348724365234,7985746,0.0,0.0
2022-08-30 00:00:00+05:30,117.4965553203382,118.67397083443737,115.77948666221218,116.51537322998047,3190110,0.0,0.0
2022-09-01 00:00:00+05:30,116.4172484421156,117.05501825377038,113.81711458587674,114.84735870361328,2450533,0.0,0.0
2022-09-02 00:00:00+05:30,115.33794910639764,116.2210069331429,112.59063646414101,113.1793441772461,3027945,0.0,0.0
2022-09-05 00:00:00+05:30,113.76805531174851,115.58324808666327,113.22840967760015,114.60206604003906,2647446,0.0,0.0
2022-09-06 00:00:00+05:30,114.60206201887215,117.64372475951612,114.01334682289455,115.73041534423828,4111385,0.0,0.0
2022-09-07 00:00:00+05:30,115.53419113962275,117.25125979774877,113.76806038264871,116.51537322998047,3198180,0.0,0.0
2022-09-08 00:00:00+05:30,117.44748917712832,117.88902559407992,114.89641732721068,115.68136596679688,1905202,0.0,0.0
2022-09-09 00:00:00+05:30,117.15313226677448,119.40984637469431,115.7304138756488,117.05501556396484,4472640,0.0,0.0
2022-09-12 00:00:00+05:30,118.08526133929143,118.62491447537515,117.2512580719281,117.8399658203125,2194755,0.0,0.0
2022-09-13 00:00:00+05:30,118.62490888807567,121.27409737393977,117.98713907160473,120.29291534423828,5302342,0.0,0.0
2022-09-14 00:00:00+05:30,117.98713451172311,121.32315478094505,117.20218592396812,119.90043640136719,4217581,0.0,0.0
2022-09-15 00:00:00+05:30,120.2929237652861,121.32316796292434,117.9871473312378,119.70421600341797,2007989,0.0,0.0
2022-09-16 00:00:00+05:30,119.2136233128264,120.09668868638275,113.66994303609371,114.99453735351562,3554819,0.0,0.0
2022-09-19 00:00:00+05:30,115.3870093724002,116.27007472826087,111.95287214413932,112.8359375,1999869,0.0,0.0
2022-09-20 00:00:00+05:30,113.98570310404372,117.90086118581948,113.98570310404372,115.47247314453125,3189112,1.16,0.0
2022-09-21 00:00:00+05:30,116.31497264954032,117.75218820115974,113.19275410592938,114.2830581665039,2688792,0.0,0.0
2022-09-22 00:00:00+05:30,113.58923112998714,116.6618877431464,111.75554956746497,115.67070770263672,3357513,0.0,0.0
2022-09-23 00:00:00+05:30,116.46364729494165,116.46364729494165,111.70598038060493,112.6476058959961,2684156,0.0,0.0
2022-09-26 00:00:00+05:30,110.41746338796224,110.86349140301289,103.47920276741655,104.96597290039062,4506519,0.0,0.0
2022-09-27 00:00:00+05:30,106.25449413412271,106.75008413952833,101.99242462489643,103.47919464111328,2773239,0.0,0.0
2022-09-28 00:00:00+05:30,102.09153954357195,103.52874751230522,99.31623253113841,99.76226806640625,2815671,0.0,0.0
2022-09-29 00:00:00+05:30,101.69507009875485,103.42963516034898,100.555211545858,102.14110565185547,3899023,0.0,0.0
2022-09-30 00:00:00+05:30,102.78536358915552,106.55185063649625,102.5375685876753,106.00669860839844,4487639,0.0,0.0
2022-10-03 00:00:00+05:30,106.15537926402848,106.55185278681873,102.73581119943243,103.67742919921875,1701062,0.0,0.0
2022-10-04 00:00:00+05:30,106.05626267465335,107.49347068605726,105.80846766840416,107.19612121582031,1711694,0.0,0.0
2022-10-06 00:00:00+05:30,108.23685525160444,110.6652508399406,108.03862227227648,109.97142028808594,2232014,0.0,0.0
2022-10-07 00:00:00+05:30,110.56613148560791,110.76436445979981,108.13773596018929,110.3183364868164,1820936,0.0,0.0
2022-10-10 00:00:00+05:30,108.03862207535839,109.87230359816168,107.64214855532171,109.475830078125,1347444,0.0,0.0
2022-10-11 00:00:00+05:30,109.92186770408654,110.71480719706184,106.55185406315668,106.89876556396484,1290218,0.0,0.0
2022-10-12 00:00:00+05:30,107.04744146023884,108.58377350603733,105.61023346547513,107.98905944824219,1364717,0.0,0.0
2022-10-13 00:00:00+05:30,108.03862459707041,109.62451115212963,106.35362155021443,108.13774108886719,2025576,0.0,0.0
2022-10-14 00:00:00+05:30,109.17847969143503,110.02098118811253,106.65096763929921,107.24567413330078,1372634,0.0,0.0
2022-10-17 00:00:00+05:30,107.04743765669478,107.04743765669478,104.0738977217866,106.10581970214844,2074559,0.0,0.0
2022-10-18 00:00:00+05:30,106.94832415128528,107.29523564093692,105.01551860247754,106.00669860839844,1591874,0.0,0.0
2022-10-19 00:00:00+05:30,106.10582529807522,108.13773982349531,104.37126024456602,104.9164047241211,1921557,0.0,0.0
2022-10-20 00:00:00+05:30,104.22257903300608,106.20493904290785,103.03315848980304,105.75890350341797,2158233,0.0,0.0
2022-10-21 00:00:00+05:30,105.80846766661088,107.04744269783583,102.68624907550331,103.42963409423828,1869678,0.0,0.0
2022-10-24 00:00:00+05:30,103.6278764704386,105.06508450725298,103.6278764704386,104.12346649169922,352305,0.0,0.0
2022-10-25 00:00:00+05:30,104.5694964240579,106.25449950273203,102.88449334538377,105.31288146972656,2432958,0.0,0.0
2022-10-27 00:00:00+05:30,107.04744729268909,108.03862736021398,106.20494574771368,107.29524230957031,3515708,0.0,0.0
2022-10-28 00:00:00+05:30,107.29524103496979,107.54303604890737,103.38008283959759,103.82611083984375,2233780,0.0,0.0
2022-10-31 00:00:00+05:30,104.07389742656818,104.81728240818653,101.64550951145617,102.09153747558594,2460512,0.0,0.0
2022-11-01 00:00:00+05:30,102.14110303774136,103.52874900181958,101.4472724935989,103.23139953613281,3419287,0.0,0.0
2022-11-02 00:00:00+05:30,103.47920115498687,105.56067779629588,103.28096060308364,104.76773071289062,2271698,0.0,0.0
2022-11-03 00:00:00+05:30,103.57831133354905,106.05626136545213,102.63669334626722,103.97478485107422,2725580,0.0,0.0
2022-11-04 00:00:00+05:30,104.47038198987742,107.24568167782267,104.4208199610143,106.99788665771484,2792052,0.0,0.0
2022-11-07 00:00:00+05:30,108.13773657642417,112.99452009283512,106.79964508774547,111.80510711669922,6283812,0.0,0.0
2022-11-09 00:00:00+05:30,113.0936382807227,113.19275476987357,111.06172378576787,112.25113677978516,3452797,0.0,0.0
2022-11-10 00:00:00+05:30,111.9042242565723,112.10245723304922,101.34815567395488,109.77318572998047,2342479,0.0,0.0
2022-11-11 00:00:00+05:30,111.90422091326242,114.13437586146344,110.66524594203965,112.6476058959961,3634311,0.0,0.0
2022-11-14 00:00:00+05:30,110.5165744260068,115.96806464433,109.0298043664641,115.42291259765625,7240137,0.0,0.0
2022-11-15 00:00:00+05:30,115.7698326858032,118.446015791823,114.48129559795446,118.1486587524414,5439447,0.0,0.0
2022-11-16 00:00:00+05:30,118.14865947835567,119.13983953291269,114.97688632861467,115.86894989013672,3617147,0.0,0.0
2022-11-17 00:00:00+05:30,114.53085342468279,114.72908640226437,109.57495336410982,111.25995635986328,5530857,0.0,0.0
2022-11-18 00:00:00+05:30,110.76436212657124,111.45818508373091,108.28641219085377,108.6333236694336,2699201,0.0,0.0
2022-11-21 00:00:00+05:30,109.02980158962491,109.52539159685048,107.04744156072265,108.23685455322266,2259175,0.0,0.0
2022-11-22 00:00:00+05:30,108.03862864630563,111.50775892393929,107.2952435868127,111.01216888427734,3068825,0.0,0.0
2022-11-23 00:00:00+05:30,111.85466618352717,113.29188178112716,110.71480762325231,111.90422821044922,2253002,0.0,0.0
2022-11-24 00:00:00+05:30,112.49893666566032,113.5892332178407,111.75555162161412,113.09364318847656,2278611,0.0,0.0
2022-11-25 00:00:00+05:30,113.49011690482783,114.67952995235134,113.04408890253244,113.5892333984375,1786026,0.0,0.0
2022-11-28 00:00:00+05:30,112.99452229462337,113.8865858251595,111.8051092953108,113.4901123046875,1816414,0.0,0.0
2022-11-29 00:00:00+05:30,113.49011542578376,115.27424253592137,112.89540890977243,113.6387939453125,2668670,0.0,0.0
2022-11-30 00:00:00+05:30,113.98570194265324,118.64424499720727,113.98570194265324,116.26541900634766,7581421,0.0,0.0
2022-12-01 00:00:00+05:30,117.85130331139224,120.23013681975513,117.05835628790352,118.34689331054688,8464740,0.0,0.0
2022-12-02 00:00:00+05:30,117.25660411643969,119.43719722347915,116.46365704364149,117.603515625,2927276,0.0,0.0
2022-12-05 00:00:00+05:30,118.59468761857985,121.4195490848684,118.1982141091474,120.3788070678711,5673261,0.0,0.0
2022-12-06 00:00:00+05:30,120.32926124545048,120.32926124545048,117.45483754830332,118.84249114990234,2157842,0.0,0.0
2022-12-07 00:00:00+05:30,119.73454758079791,119.73454758079791,115.81938202535687,116.5627670288086,2115223,0.0,0.0
2022-12-08 00:00:00+05:30,117.15748136283948,117.65307139832036,115.17512122091594,117.05836486816406,1608858,0.0,0.0
2022-12-09 00:00:00+05:30,117.90086579173415,119.18940290200271,113.98570755700882,115.32379913330078,2554103,0.0,0.0
2022-12-12 00:00:00+05:30,114.4812926253114,115.12556115250658,113.58922909243374,114.2334976196289,2162796,0.0,0.0
2022-12-13 00:00:00+05:30,114.97688233487992,115.67070532412833,112.94496026877557,113.4901123046875,3088743,0.0,0.0
2022-12-14 00:00:00+05:30,114.38218016591868,117.30615831116229,114.3326181381944,116.8601303100586,2967911,0.0,0.0
2022-12-15 00:00:00+05:30,116.86012730924818,117.65306679774912,112.59805014593046,113.19275665283203,2916321,0.0,0.0
2022-12-16 00:00:00+05:30,112.9449635558692,113.24232059540317,109.42627891926983,110.12010192871094,3227227,0.0,0.0
2022-12-19 00:00:00+05:30,110.56613513853429,112.20157613490792,110.02098309834076,111.95378112792969,1717094,0.0,0.0
2022-12-20 00:00:00+05:30,111.80511301477149,111.80511301477149,109.52539586779491,111.35907745361328,1623902,0.0,0.0
2022-12-21 00:00:00+05:30,111.50775513066395,112.20157813774664,108.1873034903049,109.12892150878906,2392487,0.0,0.0
2022-12-22 00:00:00+05:30,110.02098246851827,110.51657247963772,105.75890534804961,106.4527359008789,2340102,0.0,0.0
2022-12-23 00:00:00+05:30,105.61023612191784,105.95714762295538,98.52329733456426,99.11800384521484,3550370,0.0,0.0
2022-12-26 00:00:00+05:30,101.00124605787876,104.42081411921824,98.42417950535155,103.42963409423828,3711818,0.0,0.0
2022-12-27 00:00:00+05:30,104.2721315446615,108.88111999385198,104.2225770826033,108.08818054199219,4203839,0.0,0.0
2022-12-28 00:00:00+05:30,108.03862137187888,108.43509488933397,106.50228932752916,107.74126434326172,2614409,0.0,0.0
2022-12-29 00:00:00+05:30,107.79082647037939,109.42627500510928,106.35361847561569,107.98905944824219,4236130,0.0,0.0
2022-12-30 00:00:00+05:30,108.83156420155284,111.11127360515108,108.1377336822901,108.6333236694336,2757547,0.0,0.0
2023-01-02 00:00:00+05:30,108.63332953808452,116.16629623719521,108.58377507395495,115.72026824951172,8485712,0.0,0.0
2023-01-03 00:00:00+05:30,116.21586270486334,116.41409569316446,113.88659106285827,115.32379913330078,4404940,0.0,0.0
2023-01-04 00:00:00+05:30,114.97688699528409,115.17511998250343,112.49893684452366,113.5892333984375,3959214,0.0,0.0
2023-01-05 00:00:00+05:30,113.14319974395941,115.67070423420878,113.09363771857863,114.53085327148438,2875797,0.0,0.0
2023-01-06 00:00:00+05:30,115.0760024556543,118.39645411543901,114.38217944451254,114.87776947021484,9705003,0.0,0.0
2023-01-09 00:00:00+05:30,116.95923990444287,119.58586841471754,116.76100692944614,118.59468841552734,8175110,0.0,0.0
2023-01-10 00:00:00+05:30,118.49557782435397,124.59132907301486,118.39645376981994,122.1629409790039,17162947,0.0,0.0
2023-01-11 00:00:00+05:30,123.35234727549545,124.78956280460542,122.36116728111749,124.3930892944336,11527292,0.0,0.0
2023-01-12 00:00:00+05:30,125.38427383044606,125.78074735497886,123.35235174353025,124.24441528320312,6785828,0.0,0.0
2023-01-13 00:00:00+05:30,124.39309291502207,126.17721998167254,123.89750290340844,125.78074645996094,4962297,0.0,0.0
2023-01-16 00:00:00+05:30,127.31706980448405,128.357811844279,124.24441327275596,126.82147979736328,9885230,0.0,0.0
2023-01-17 00:00:00+05:30,127.86222812585663,128.25869410137008,125.3842779683788,127.11884307861328,4610744,0.0,0.0
2023-01-18 00:00:00+05:30,127.61443390243355,129.7454650014125,127.36663888514727,129.3489990234375,6708037,0.0,0.0
2023-01-19 00:00:00+05:30,128.30824945927785,131.1826805670498,127.66398850150841,129.59678649902344,6093788,0.0,0.0
2023-01-20 00:00:00+05:30,129.54723034733206,130.9348915008239,128.4073793321489,128.90296936035156,4200821,0.0,0.0
2023-01-23 00:00:00+05:30,129.8445808809085,129.89414290608605,126.67280788423143,128.11001586914062,5299106,0.0,0.0
2023-01-24 00:00:00+05:30,128.1595806582191,128.55604661977645,125.9789800591362,127.51530456542969,3115940,0.0,0.0
2023-01-25 00:00:00+05:30,126.67281167668875,128.25869066040357,125.68163164028932,126.22677612304688,3001602,0.0,0.0
2023-01-27 00:00:00+05:30,126.32588790552954,128.01089087975947,120.87439790853433,122.36116790771484,4401500,0.0,0.0
2023-01-30 00:00:00+05:30,121.91514224648654,123.35235024812815,119.13983517050563,120.5274887084961,3351781,0.0,0.0
2023-01-31 00:00:00+05:30,120.47793646199557,123.30279805361344,119.48675642549081,122.2125015258789,2755504,0.0,0.0
2023-02-01 00:00:00+05:30,122.80720912813159,123.20368265868214,114.23350022365358,117.15747833251953,3521247,0.0,0.0
2023-02-02 00:00:00+05:30,114.97688771081846,118.34690144924596,114.38218118335567,115.57159423828125,3211620,0.0,0.0
2023-02-03 00:00:00+05:30,116.06717579612769,116.46364930618641,105.11464139863763,106.55184936523438,8680426,0.0,0.0
2023-02-06 00:00:00+05:30,106.0562648360351,108.08818695352954,104.07390474564191,104.86685180664062,3556294,0.0,0.0
2023-02-07 00:00:00+05:30,104.66861126033915,105.61023684053808,102.33933966654789,104.86685180664062,3328409,0.0,0.0
2023-02-08 00:00:00+05:30,105.06508715763928,108.18730588276348,103.97479059578266,107.29524230957031,3910618,0.0,0.0
2023-02-09 00:00:00+05:30,107.59259127612857,108.2864142464591,105.3128742671513,106.3040542602539,3015848,0.0,0.0
2023-02-10 00:00:00+05:30,105.8580307757493,106.94832730196154,104.66861019634214,106.15538024902344,1645670,0.0,0.0
2023-02-13 00:00:00+05:30,106.05626948548417,107.39436109274004,104.27214230107369,104.96597290039062,2273671,0.0,0.0
2023-02-14 00:00:00+05:30,105.06508507043173,106.056265118266,103.9252265030016,105.61023712158203,1958345,0.0,0.0
2023-02-15 00:00:00+05:30,105.41199201410582,106.60141255730888,104.32169552108051,105.75890350341797,1959493,0.0,0.0
2023-02-16 00:00:00+05:30,105.85802969449539,107.6917112283187,105.85802969449539,107.19612121582031,2039279,0.0,0.0
2023-02-17 00:00:00+05:30,107.09700700378102,108.43509855356822,104.91640636514293,105.1146469116211,3148005,0.0,0.0
2023-02-20 00:00:00+05:30,105.56067575139107,105.6597922443707,102.58713558938005,103.33052062988281,4222754,0.0,0.0
2023-02-21 00:00:00+05:30,104.12347208481107,104.81729512700402,102.53757788190606,102.6862564086914,2780510,0.0,0.0
2023-02-22 00:00:00+05:30,102.68624765551384,103.38007820066731,99.71270762169335,99.96050262451172,3393069,0.0,0.0
2023-02-23 00:00:00+05:30,100.30742054480088,101.94286918063973,99.1180074798838,100.75345611572266,2769882,0.0,0.0
2023-02-24 00:00:00+05:30,101.05080189535511,101.05080189535511,98.62241382598877,99.11800384521484,3047575,0.0,0.0
2023-02-27 00:00:00+05:30,99.11800266541157,99.11800266541157,94.70725457164214,96.14446258544922,4104513,0.0,0.0
2023-02-28 00:00:00+05:30,96.64005269734595,97.28432122774896,95.35151563653994,96.39225769042969,2349065,0.0,0.0
2023-03-01 00:00:00+05:30,97.08607976212147,101.99242538968946,96.54093528934953,101.695068359375,5844138,0.0,0.0
2023-03-02 00:00:00+05:30,101.74463453590063,102.53757404558222,100.10918592665824,100.55521392822266,3144796,0.0,0.0
2023-03-03 00:00:00+05:30,101.1003575000948,102.7853604335885,99.61358753685812,102.09153747558594,3786418,0.0,0.0
2023-03-06 00:00:00+05:30,102.48801380409031,102.8844873176393,101.10036028772056,101.49683380126953,2297500,0.0,0.0
2023-03-08 00:00:00+05:30,100.20830094504109,101.10036449714248,98.37461937589599,100.60477447509766,2539378,0.0,0.0
2023-03-09 00:00:00+05:30,101.05080577312366,103.38008500255386,101.00125130656156,101.2490463256836,2625942,0.0,0.0
2023-03-10 00:00:00+05:30,100.40654269655779,100.65433771055511,98.6719775985765,99.81182861328125,1907885,0.0,0.0
2023-03-13 00:00:00+05:30,100.10918019678422,101.29859317428094,97.13564019093914,97.7303466796875,2823880,0.0,0.0
2023-03-14 00:00:00+05:30,98.27550165126404,99.21711965649727,96.64005308660842,97.38343811035156,2523727,0.0,0.0
2023-03-15 00:00:00+05:30,98.12681870957978,99.61358869002795,97.43299574354523,97.7799072265625,2316316,0.0,0.0
2023-03-16 00:00:00+05:30,96.88784790039062,97.38343791522638,93.02224427225102,96.88784790039062,4122092,0.0,0.0
2023-03-17 00:00:00+05:30,97.73035182906382,100.40654251259386,96.98696678843386,99.31623840332031,2511325,0.0,0.0
2023-03-20 00:00:00+05:30,98.62241275267613,99.01888627616286,95.59931064345622,96.39225769042969,2370224,0.0,0.0
2023-03-21 00:00:00+05:30,97.23476107122487,97.92859164119399,96.19402655942662,97.33387756347656,1566350,0.0,0.0
2023-03-22 00:00:00+05:30,98.12682627659579,99.0188898460765,96.83828916933435,97.53211975097656,1719986,0.0,0.0
2023-03-23 00:00:00+05:30,97.53211370413915,99.61359019581005,97.43299721636497,97.7303466796875,2486946,0.0,0.0
2023-03-24 00:00:00+05:30,98.62241081887723,98.62241081887723,95.1532807900725,95.45063781738281,2472874,0.0,0.0
2023-03-27 00:00:00+05:30,96.14446218808493,96.64005219936371,94.36033512263991,95.15328216552734,2577531,0.0,0.0
2023-03-28 00:00:00+05:30,95.30196325018156,95.84710774002045,93.3196031516322,93.81519317626953,2540228,0.0,0.0
2023-03-29 00:00:00+05:30,93.71607580238569,96.1444638754288,93.71607580238569,95.59931182861328,2730646,0.0,0.0
2023-03-31 00:00:00+05:30,97.28431859937116,99.21711657625734,96.4418171110388,97.48255157470703,3726947,0.0,0.0
2023-04-03 00:00:00+05:30,98.82064348399453,98.91976753418754,97.38343550143553,98.4737319946289,1246951,0.0,0.0
2023-04-05 00:00:00+05:30,97.63123460233528,98.22594111794908,96.04534803999725,97.33387756347656,2298505,0.0,0.0
2023-04-06 00:00:00+05:30,97.53211691695432,98.3746184339427,96.44182039131623,98.12682342529297,1687588,0.0,0.0
2023-04-10 00:00:00+05:30,98.77109253329898,100.40654111229722,97.87902898456326,99.61359405517578,2483479,0.0,0.0
2023-04-11 00:00:00+05:30,100.01006916174133,100.10918565491951,98.7710940917547,99.81182861328125,2275919,0.0,0.0
2023-04-12 00:00:00+05:30,100.10917811277417,100.7038845891423,99.51447163640604,100.05961608886719,2078729,0.0,0.0
2023-04-13 00:00:00+05:30,100.1091825887434,100.95168409810915,98.77109106656208,99.66315460205078,1489941,0.0,0.0
2023-04-17 00:00:00+05:30,99.66315528025592,101.74463183582499,99.16756526406789,101.39772033691406,2292398,0.0,0.0
2023-04-18 00:00:00+05:30,101.89330678493724,101.89330678493724,99.61358976546344,100.25785827636719,1716449,0.0,0.0
2023-04-19 00:00:00+05:30,100.70388938829521,102.88448998836807,100.10918288358569,100.40653991699219,3584017,0.0,0.0
2023-04-20 00:00:00+05:30,100.50565475801874,101.29859423058392,99.51447474573473,100.20829772949219,1896863,0.0,0.0
2023-04-21 00:00:00+05:30,100.30741627862663,100.45609479594378,97.33387618069774,97.63123321533203,3266434,0.0,0.0
2023-04-24 00:00:00+05:30,98.12682204610675,98.62241205644062,96.73916850475122,98.42417907714844,1576108,0.0,0.0
2023-04-25 00:00:00+05:30,98.42417742772186,99.51447391976413,97.87902540064908,98.22593688964844,1907966,0.0,0.0
2023-04-26 00:00:00+05:30,97.87902382091335,98.42417583918755,97.03652234348309,98.02770233154297,1898996,0.0,0.0
2023-04-27 00:00:00+05:30,98.02771177941598,99.51448190480014,97.63123823355943,98.96932983398438,2307626,0.0,0.0
2023-04-28 00:00:00+05:30,99.51447338264029,101.10035986815143,99.21711635818679,100.50565338134766,2867161,0.0,0.0
2023-05-02 00:00:00+05:30,100.50565754889551,103.97478768822157,100.50565754889551,103.38008117675781,6561866,0.0,0.0
2023-05-03 00:00:00+05:30,103.97478046647919,104.96596043744258,102.28976997857961,104.37125396728516,3906119,0.0,0.0
2023-05-04 00:00:00+05:30,105.06508391235073,107.49347197793628,104.37126091135588,106.65097045898438,6822136,0.0,0.0
2023-05-05 00:00:00+05:30,106.79964627021762,106.79964627021762,103.38007825438842,103.72698974609375,3249600,0.0,0.0
2023-05-08 00:00:00+05:30,104.27213511901189,106.40317367524707,103.82610713468279,105.95714569091797,2763076,0.0,0.0
2023-05-09 00:00:00+05:30,106.84921340595481,107.74126940954645,104.22258473666997,104.81729125976562,2011030,0.0,0.0
2023-05-10 00:00:00+05:30,104.8172927413924,105.51111576779412,103.47920115498687,104.76773071289062,2275047,0.0,0.0
2023-05-11 00:00:00+05:30,105.01552092038753,106.00670094818582,103.62787493115272,104.17301940917969,3483081,0.0,0.0
2023-05-12 00:00:00+05:30,103.82610670496757,103.82610670496757,101.10036166020708,101.19947814941406,3186646,0.0,0.0
2023-05-15 00:00:00+05:30,101.5463875665701,104.07389958124155,100.20829608437478,103.52874755859375,3731816,0.0,0.0
2023-05-16 00:00:00+05:30,103.57831261040596,104.61905466147631,103.08272259791599,103.42963409423828,2372949,0.0,0.0
2023-05-17 00:00:00+05:30,103.08272039900878,103.38007742500109,100.70388687738023,101.74462890625,2892348,0.0,0.0
2023-05-18 00:00:00+05:30,102.19066428663626,103.08272786713803,100.80301066831171,101.00125122070312,1842580,0.0,0.0
2023-05-19 00:00:00+05:30,101.79419215474768,101.79419215474768,99.61359898294762,100.70389556884766,2542387,0.0,0.0
2023-05-22 00:00:00+05:30,102.88449392938168,103.0827269178437,101.24904530720667,102.78536987304688,3940408,0.0,0.0
2023-05-23 00:00:00+05:30,102.09154049929457,103.47919401850174,101.5959504968708,101.99242401123047,2895692,0.0,0.0
2023-05-24 00:00:00+05:30,101.49683979269246,101.99242982335785,100.70389271878634,101.29859924316406,2038851,0.0,0.0
2023-05-25 00:00:00+05:30,101.10036196043916,102.09154197965916,100.15874396702154,101.94286346435547,2309949,0.0,0.0
2023-05-26 00:00:00+05:30,102.09154209901983,106.15537867015236,102.04198007315952,105.95714569091797,7127234,0.0,0.0
2023-05-29 00:00:00+05:30,106.05626296567942,108.43509654462004,105.16419942831376,107.93950653076172,5489963,0.0,0.0
2023-05-30 00:00:00+05:30,108.23685832323756,111.85466701441733,107.1961238090759,110.12010192871094,10315826,0.0,0.0
2023-05-31 00:00:00+05:30,110.02098174442519,112.49893178371404,108.53421172085187,112.25113677978516,10170176,0.0,0.0
2023-06-01 00:00:00+05:30,113.7379029658588,113.7379029658588,110.21921100394741,110.61568450927734,3534039,0.0,0.0
2023-06-02 00:00:00+05:30,111.35907952502133,113.63879671440327,111.11128450713649,112.79629516601562,4414157,0.0,0.0
2023-06-05 00:00:00+05:30,112.9945267850465,114.33261835297499,112.74673177016702,113.34143829345703,3137680,0.0,0.0
2023-06-06 00:00:00+05:30,113.19275034607226,114.5804038262624,111.85465888957228,112.6476058959961,5189783,0.0,0.0
2023-06-07 00:00:00+05:30,112.84584706672631,114.72909067225534,112.3998190695158,114.13438415527344,2899993,0.0,0.0
2023-06-08 00:00:00+05:30,114.67952640458209,115.12556195518248,112.20157633048046,112.44937133789062,2988963,0.0,0.0
2023-06-09 00:00:00+05:30,112.59804806923813,113.2423165907088,111.40863507737183,111.75554656982422,1604843,0.0,0.0
2023-06-12 00:00:00+05:30,112.00333728819432,113.14319577301691,111.25995230619303,112.39981079101562,1647861,0.0,0.0
2023-06-13 00:00:00+05:30,112.94495672513804,113.63878725472102,111.90422227391836,112.35025024414062,3153024,0.0,0.0
2023-06-14 00:00:00+05:30,113.44054610908695,115.27423512860578,113.09363462721421,114.38217163085938,5875926,0.0,0.0
2023-06-15 00:00:00+05:30,114.97688223340057,115.22467723821394,112.64761070057564,113.24231719970703,3415430,0.0,0.0
2023-06-16 00:00:00+05:30,113.8865875993452,115.1751171083233,113.04408608153192,114.1839370727539,3762955,0.0,0.0
2023-06-19 00:00:00+05:30,114.77864935569563,115.07599882447205,112.89540580503122,113.4901123046875,2102578,0.0,0.0
2023-06-20 00:00:00+05:30,113.39099383605085,118.19821533735053,112.94495829751585,116.06717681884766,9544830,0.0,0.0
2023-06-21 00:00:00+05:30,116.51322114158287,116.76101616097195,113.83703039491859,114.77865600585938,3086853,0.0,0.0
2023-06-22 00:00:00+05:30,115.47247264804138,116.7610097024317,113.7874696342418,114.2334976196289,4501149,0.0,0.0
2023-06-23 00:00:00+05:30,113.9857083148424,114.97688838714537,111.2599631160092,113.0440902709961,4736475,0.0,0.0
2023-06-26 00:00:00+05:30,112.99452433832849,115.22467942395339,112.00334430027297,114.92732238769531,2617876,0.0,0.0
2023-06-27 00:00:00+05:30,115.42290912820815,115.9680611584954,113.78746816155306,114.2830581665039,3680530,0.0,0.0
2023-06-28 00:00:00+05:30,114.58041390729376,118.24778468203822,114.23350239724998,114.82820892333984,12808722,0.0,0.0
2023-06-30 00:00:00+05:30,114.9768890820836,116.86013274326264,114.08482549919839,115.02645111083984,4314495,0.0,0.0
2023-07-03 00:00:00+05:30,116.46365842462123,118.39645653959256,115.76983539927353,117.30615997314453,5665026,0.0,0.0
2023-07-04 00:00:00+05:30,117.30615032913543,117.85130234859315,115.62114737061681,116.11673736572266,4006412,0.0,0.0
2023-07-05 00:00:00+05:30,116.4636592858126,117.1079278496017,114.72909414751325,115.27424621582031,2728803,0.0,0.0
2023-07-06 00:00:00+05:30,116.01762725764954,121.9151454988073,115.0264472129438,120.92396545410156,13433790,0.0,0.0
2023-07-07 00:00:00+05:30,122.01426102455791,122.01426102455791,117.45483436744084,118.44601440429688,9047425,0.0,0.0
2023-07-10 00:00:00+05:30,119.63542683593637,119.93278387037375,116.56277024919873,116.95924377441406,4656358,0.0,0.0
2023-07-11 00:00:00+05:30,117.70262606523457,118.8424845879712,117.20703606074937,117.80174255371094,2747942,0.0,0.0
2023-07-12 00:00:00+05:30,118.09910142896003,119.63542592963867,116.6123313922432,118.49557495117188,4330871,0.0,0.0
2023-07-13 00:00:00+05:30,120.5770521017158,120.82484710909206,114.82820490574483,116.21585845947266,6827904,0.0,0.0
2023-07-14 00:00:00+05:30,116.95924905920543,120.18058430871744,116.86013256394891,119.04072570800781,9645590,0.0,0.0
2023-07-17 00:00:00+05:30,119.63542557507076,122.4602946861433,119.38763056968568,121.51866912841797,8993407,0.0,0.0
2023-07-18 00:00:00+05:30,122.4107362725277,122.4107362725277,118.19822105667149,118.89204406738281,4206730,0.0,0.0
2023-07-19 00:00:00+05:30,119.28851453280697,121.22132011941008,118.19821801739425,118.74337005615234,4432296,0.0,0.0
2023-07-20 00:00:00+05:30,118.94159835373341,119.8832163158592,117.75218539503734,118.64424133300781,3320839,0.0,0.0
2023-07-21 00:00:00+05:30,118.44601606936891,119.53631261281684,116.81056747314517,118.89204406738281,5954642,0.0,0.0
2023-07-24 00:00:00+05:30,119.13983999754296,119.13983999754296,116.90968486609233,117.10792541503906,2605336,0.0,0.0
2023-07-25 00:00:00+05:30,117.90086277512277,124.04618356257221,117.45483478180545,123.45147705078125,16714759,0.0,0.0
2023-07-26 00:00:00+05:30,124.34353818020845,125.7311918065158,122.95589211600499,125.03736877441406,6306106,0.0,0.0
2023-07-27 00:00:00+05:30,125.83029821291821,127.46575429053237,125.13647523644852,126.62324523925781,6075098,0.0,0.0
2023-07-28 00:00:00+05:30,126.62324221821143,127.86221719099237,125.28515076002864,126.72235870361328,4188320,0.0,0.0
2023-07-31 00:00:00+05:30,130.34016554325504,143.12638105637103,128.90295761723905,139.85549926757812,44878185,0.0,0.0
2023-08-01 00:00:00+05:30,142.43256786613597,151.35318817246022,141.09448389471157,149.07347106933594,53135652,0.0,0.0
2023-08-02 00:00:00+05:30,149.56906135727493,151.25407951755398,142.03610215948055,145.55479431152344,20206862,0.0,0.0
2023-08-03 00:00:00+05:30,146.34771880571986,152.34436074268564,145.70345786484356,149.8168487548828,16319272,0.0,0.0
2023-08-04 00:00:00+05:30,151.74966766126454,156.0117296633347,151.74966766126454,152.6417236328125,16560157,0.0,0.0
2023-08-07 00:00:00+05:30,154.12848506080374,154.12848506080374,146.69463529902865,147.38845825195312,7702479,0.0,0.0
2023-08-08 00:00:00+05:30,146.94242788701487,147.93360783903523,144.66271097252695,145.45565795898438,4828317,0.0,0.0
2023-08-09 00:00:00+05:30,146.7937696547673,151.15495577160956,146.74420762803354,150.56024169921875,8848593,0.0,0.0
2023-08-10 00:00:00+05:30,150.65936907145868,152.9886482613912,145.85213973232456,146.94244384765625,7285415,0.0,0.0
2023-08-11 00:00:00+05:30,147.48759377479917,159.28263026493144,146.19905669098634,157.54806518554688,25624995,0.0,0.0
2023-08-14 00:00:00+05:30,157.49850216333064,157.5480641901271,149.2221579113687,151.0558319091797,12704751,0.0,0.0
2023-08-16 00:00:00+05:30,143.72110199854907,146.00081905509154,137.1297609565742,141.63961791992188,29124905,0.0,0.0
2023-08-17 00:00:00+05:30,141.8874082648061,144.21668727040233,140.54932436465603,141.29270935058594,6758674,0.0,0.0
2023-08-18 00:00:00+05:30,141.73874578933308,143.4237488333159,137.7740256273937,139.5085906982422,4655619,0.0,0.0
2023-08-21 00:00:00+05:30,140.10330473317416,140.45020867272288,133.90842948187017,135.4943084716797,5871430,0.0,0.0
2023-08-22 00:00:00+05:30,136.28725419761525,145.05920351747184,135.89078823508683,143.5724334716797,13124521,0.0,0.0
2023-08-23 00:00:00+05:30,145.20787728023976,148.57788339951802,144.4149302156427,146.99200439453125,15574745,0.0,0.0
2023-08-24 00:00:00+05:30,148.47877674419647,149.56906574104238,143.8202334640916,144.9105224609375,6140209,0.0,0.0
2023-08-25 00:00:00+05:30,144.51405147583998,146.19905450289636,142.9281573773122,143.5724334716797,3512768,0.0,0.0
2023-08-28 00:00:00+05:30,144.7122840169388,149.7673082069393,144.7122840169388,146.59552001953125,11141328,0.0,0.0
2023-08-29 00:00:00+05:30,147.28936415289942,151.05583631189285,147.28936415289942,150.4115753173828,11363693,0.0,0.0
2023-08-30 00:00:00+05:30,151.6505392820347,156.90379628200532,151.6505392820347,153.28598022460938,18305276,0.0,0.0
2023-08-31 00:00:00+05:30,155.16923894132555,161.8597042395451,152.9886458689695,157.05247497558594,25698713,0.0,0.0
2023-09-01 00:00:00+05:30,158.04365383011682,166.6669171247369,155.96218482752968,165.62619018554688,23024424,0.0,0.0
2023-09-04 00:00:00+05:30,167.31118136179066,173.20869913733364,164.0898464708245,170.03692626953125,18399015,0.0,0.0
2023-09-05 00:00:00+05:30,170.97855843690616,170.97855843690616,165.77486318013075,167.0634002685547,6791193,0.0,0.0
2023-09-06 00:00:00+05:30,167.06339212536014,167.4598580759161,161.1163121217819,162.30572509765625,5858899,0.0,0.0
2023-09-07 00:00:00+05:30,162.55353654564453,163.94118263720463,160.12514832331038,161.26499938964844,4706448,0.0,0.0
2023-09-08 00:00:00+05:30,162.15704945474596,167.45985322996,161.85969243833065,165.4774932861328,8074047,0.0,0.0
2023-09-11 00:00:00+05:30,167.11296304354204,169.29355613605816,164.28809384182767,165.03147888183594,5453052,0.0,0.0
2023-09-12 00:00:00+05:30,167.4102919320358,167.70764894973973,151.84876933039402,153.38510131835938,9680348,0.0,0.0
2023-09-13 00:00:00+05:30,154.52496138218885,157.894982575176,148.77612927947075,157.10203552246094,12125077,0.0,0.0
2023-09-14 00:00:00+05:30,158.0932183420164,160.9676344440065,155.9126252517956,160.5216064453125,6843565,0.0,0.0
2023-09-15 00:00:00+05:30,161.56233754427342,162.65264157738358,158.78703056161643,159.87733459472656,4889241,0.0,0.0
2023-09-18 00:00:00+05:30,159.87734693863587,160.07557992608676,153.6329095265848,155.96218872070312,3775471,0.0,0.0
2023-09-20 00:00:00+05:30,156.1108527485672,162.2561658319234,153.93025973501588,157.69674682617188,13281824,0.0,0.0
2023-09-21 00:00:00+05:30,157.30025897128735,157.30025897128735,150.36199914789162,152.88951110839844,4826916,0.0,0.0
2023-09-22 00:00:00+05:30,154.05616514882476,154.65444760431672,150.56621966001643,152.7100372314453,4276180,0.92,0.0
2023-09-25 00:00:00+05:30,153.3083067532456,159.44063293739399,151.06477055685664,156.94781494140625,5257493,0.0,0.0
2023-09-26 00:00:00+05:30,156.54897128700267,159.93919770023018,155.05328047852814,155.7512664794922,3469033,0.0,0.0
2023-09-27 00:00:00+05:30,155.00343064425755,160.88649064974862,152.01204884263808,158.84237670898438,10877972,0.0,0.0
2023-09-28 00:00:00+05:30,159.9391950114799,161.83374579933712,154.05615068302848,155.85098266601562,11931246,0.0,0.0
2023-09-29 00:00:00+05:30,157.5461026852651,162.78102065423752,157.5461026852651,161.93345642089844,10590492,0.0,0.0
2023-10-03 00:00:00+05:30,160.6870411978687,161.98330959282345,158.6429426225036,160.43775939941406,4960359,0.0,0.0
2023-10-04 00:00:00+05:30,158.94207216002832,161.18560839624865,152.66018287057446,155.40228271484375,8648303,0.0,0.0
2023-10-05 00:00:00+05:30,156.59883302228428,157.49624143475137,152.75988713738337,153.35816955566406,3666626,0.0,0.0
2023-10-06 00:00:00+05:30,154.45499555469559,155.2527003492198,152.75988237567753,154.4051513671875,3928257,0.0,0.0
2023-10-09 00:00:00+05:30,150.71577424856156,152.26132449313056,147.32554776333942,148.42239379882812,5632085,0.0,0.0
2023-10-10 00:00:00+05:30,150.06765069754252,155.25270933978237,149.26994585682385,154.3553009033203,5054104,0.0,0.0
2023-10-11 00:00:00+05:30,155.10314857999612,157.79538914324058,153.05903465078944,153.4080352783203,6393108,0.0,0.0
2023-10-12 00:00:00+05:30,154.55471575123946,157.79537914602352,154.15587095786287,156.94781494140625,6352909,0.0,0.0
2023-10-13 00:00:00+05:30,154.55471735583504,158.34380379206561,153.55759014708772,156.5988311767578,5132305,0.0,0.0
2023-10-16 00:00:00+05:30,156.9478261559407,160.03892677781812,155.15300924254572,159.68992614746094,6580998,0.0,0.0
2023-10-17 00:00:00+05:30,161.3351944336632,161.9334616633703,157.04754415346653,157.99481201171875,4645855,0.0,0.0
2023-10-18 00:00:00+05:30,159.04178941076523,160.2881984186866,153.1088855760503,154.30543518066406,5594172,0.0,0.0
2023-10-19 00:00:00+05:30,153.45787753074157,157.34668293070328,152.61032849808836,156.64869689941406,4604420,0.0,0.0
2023-10-20 00:00:00+05:30,157.047531821511,158.84236379960467,151.9621770860712,153.55758666992188,6661231,0.0,0.0
2023-10-23 00:00:00+05:30,154.05615948215043,156.05041397382877,140.6946604738874,141.69178771972656,8588718,0.0,0.0
2023-10-25 00:00:00+05:30,143.38690320715668,145.33129832355468,138.45112630708346,140.7445068359375,5006210,0.0,0.0
2023-10-26 00:00:00+05:30,139.44825255431377,141.09350643738992,135.2603059156574,140.49522399902344,4781118,0.0,0.0
2023-10-27 00:00:00+05:30,141.59206903113358,142.2900550608314,139.29867332073704,140.24594116210938,5520942,0.0,0.0
2023-10-30 00:00:00+05:30,141.09349889456186,143.58631689623257,140.34565349406066,143.08775329589844,3557914,0.0,0.0
2023-10-31 00:00:00+05:30,144.3840296904633,146.0292835766385,142.19035277057824,142.7886199951172,2977300,0.0,0.0
2023-11-01 00:00:00+05:30,142.788622440335,143.58632730166852,139.74738121491285,140.39552307128906,1867813,0.0,0.0
2023-11-02 00:00:00+05:30,142.48947384274092,145.92957492830865,141.79148783079745,145.28143310546875,3250941,0.0,0.0
2023-11-03 00:00:00+05:30,146.6774246539478,146.92670646660582,144.2843101234584,144.83273315429688,2518522,0.0,0.0
2023-11-06 00:00:00+05:30,145.7799934439274,148.7215156378478,145.58057104712753,147.42526245117188,3129638,0.0,0.0
2023-11-07 00:00:00+05:30,146.926703191119,147.87397101511078,145.0820117325924,145.5307159423828,2181906,0.0,0.0
2023-11-08 00:00:00+05:30,146.72726397173795,147.6745470003428,144.88258774830268,145.8797149658203,2529582,0.0,0.0
2023-11-09 00:00:00+05:30,146.37827926631726,146.97654647068273,143.2871787914235,143.83560180664062,3355110,0.0,0.0
2023-11-10 00:00:00+05:30,144.4837378179978,146.0292881560279,142.24020142197327,144.63331604003906,2398962,0.0,0.0
2023-11-13 00:00:00+05:30,150.01779055969251,163.13002292479192,148.87110031703955,161.58447265625,36133553,0.0,0.0
2023-11-15 00:00:00+05:30,163.5288695336876,163.92771434900752,159.09165629969732,159.78964233398438,7210224,0.0,0.0
2023-11-16 00:00:00+05:30,159.83949657979,161.43489100452243,158.0446645388813,158.54322814941406,3181592,0.0,0.0
2023-11-17 00:00:00+05:30,158.5432266339033,161.23546706205428,156.49911280726786,157.44638061523438,3715792,0.0,0.0
2023-11-20 00:00:00+05:30,158.34380644328488,160.73690569836566,156.05041078177598,156.49911499023438,4188790,0.0,0.0
2023-11-21 00:00:00+05:30,158.09451925954235,161.43488622218456,157.546096261212,158.14437866210938,5936436,0.0,0.0
2023-11-22 00:00:00+05:30,159.1415191594146,160.78677307701142,156.6487009721741,157.6458282470703,4058099,0.0,0.0
2023-11-23 00:00:00+05:30,157.79538348918973,163.03030142485005,156.05041084396962,161.68417358398438,6666292,0.0,0.0
2023-11-24 00:00:00+05:30,162.93058089484154,166.9190897560612,161.98331308329264,163.47900390625,13106168,0.0,0.0
2023-11-28 00:00:00+05:30,164.87499541975328,168.76378557448348,163.42914874803805,168.21536254882812,9085521,0.0,0.0
2023-11-29 00:00:00+05:30,169.7110539966157,177.48864954788465,169.66119459139227,172.80215454101562,28729507,0.0,0.0
2023-11-30 00:00:00+05:30,173.30071713314422,174.1482661570867,165.0245580087479,172.55287170410156,16318300,0.0,0.0
2023-12-01 00:00:00+05:30,174.79640301187342,178.93447484871487,173.30071219639524,175.04568481445312,13382377,0.0,0.0
2023-12-04 00:00:00+05:30,179.23361747150994,182.67370333131032,175.64395340000718,177.58836364746094,13877822,0.0,0.0
2023-12-05 00:00:00+05:30,177.9373506400302,180.3304651141371,172.7024326975485,177.23936462402344,8237136,0.0,0.0
2023-12-06 00:00:00+05:30,177.48864777426064,180.77917069171812,175.49439330488693,179.78204345703125,8894506,0.0,0.0
2023-12-07 00:00:00+05:30,180.82903504416174,183.77055742398102,177.33908962726827,182.4742889404297,16324679,0.0,0.0
2023-12-08 00:00:00+05:30,183.4714080035546,191.4484257428396,182.47428078614396,185.6650848388672,26549698,0.0,0.0
2023-12-11 00:00:00+05:30,185.81466763712248,185.96423063744436,178.2863539168517,182.32472229003906,6231502,0.0,0.0
2023-12-12 00:00:00+05:30,183.37169673034003,184.76768402104656,176.74080654808617,179.33334350585938,5245402,0.0,0.0
2023-12-13 00:00:00+05:30,178.7350586942194,183.47141310871058,176.890367204699,181.7264404296875,5989493,0.0,0.0
2023-12-14 00:00:00+05:30,182.47429140371088,186.81180113781377,182.47429140371088,183.82041931152344,4556119,0.0,0.0
2023-12-15 00:00:00+05:30,185.46566129102388,191.44842455847626,185.06681649250856,186.86163330078125,15470345,0.0,0.0
2023-12-18 00:00:00+05:30,186.96134946080062,197.9297486291676,184.76767267011795,196.48391723632812,22810170,0.0,0.0
2023-12-19 00:00:00+05:30,198.42831968084857,208.59901443054446,197.43119244627144,207.15318298339844,38212033,0.0,0.0
2023-12-20 00:00:00+05:30,209.14743412526394,212.0889563774795,193.54239923837122,196.03521728515625,29308072,0.0,0.0
2023-12-21 00:00:00+05:30,195.2873740841475,219.6671318149895,192.69483720013048,217.27401733398438,65582002,0.0,0.0
2023-12-22 00:00:00+05:30,217.37373540937256,231.33351658245152,217.22417241135688,225.94903564453125,47676684,0.0,0.0
2023-12-26 00:00:00+05:30,228.3421348252864,237.56556166866585,228.3421348252864,232.57992553710938,24458460,0.0,0.0
2023-12-27 00:00:00+05:30,233.8263427864099,238.76211968709802,228.34214284898877,234.57418823242188,18608956,0.0,0.0
2023-12-28 00:00:00+05:30,239.31053422756708,277.9990584223939,238.8618300188812,269.4736328125,109261702,0.0,0.0
2023-12-29 00:00:00+05:30,274.45927074194464,276.85237001393085,262.2444621439834,272.8638610839844,43700728,0.0,0.0
2024-01-01 00:00:00+05:30,275.00766647782723,277.60020325448824,265.3355510051587,270.72003173828125,15856420,0.0,0.0
2024-01-02 00:00:00+05:30,272.2157396919727,274.7085578210201,264.6874411142132,268.92523193359375,11463429,0.0,0.0
2024-01-03 00:00:00+05:30,268.92524249321053,269.124649693419,262.4439151031916,264.7871398925781,7874797,0.0,0.0
2024-01-04 00:00:00+05:30,266.78138453988663,282.93485822084654,265.4851312821159,277.251220703125,28522450,0.0,0.0
2024-01-05 00:00:00+05:30,279.89363844677024,285.87640210066706,275.8054105306255,282.48614501953125,22647293,0.0,0.0
2024-01-08 00:00:00+05:30,285.87639034792477,288.46889681410454,265.38540741779286,267.0805358886719,28484692,0.0,0.0
2024-01-09 00:00:00+05:30,270.7200455122738,273.51198961078694,267.42953779403274,269.6231994628906,6895418,0.0,0.0
2024-01-10 00:00:00+05:30,270.0220312020705,270.7698765954624,262.24445128275755,268.6759338378906,7033659,0.0,0.0
2024-01-11 00:00:00+05:30,270.2214850854595,270.2713292760579,264.3882845797363,265.1860046386719,3768401,0.0,0.0
2024-01-12 00:00:00+05:30,265.33557493363816,267.6788301244378,260.6490645520389,261.74591064453125,3744884,0.0,0.0
2024-01-15 00:00:00+05:30,262.6433053804797,264.28855921826295,254.91556937491754,256.21185302734375,7059095,0.0,0.0
2024-01-16 00:00:00+05:30,262.24447111136107,274.20999831035857,259.25308931161175,266.1831359863281,17876839,0.0,0.0
2024-01-17 00:00:00+05:30,262.24445450184885,267.1303717126699,257.2588184847034,258.45538330078125,5661863,0.0,0.0
2024-01-18 00:00:00+05:30,258.60495519721354,260.9482102919147,244.2961732494768,253.220458984375,8060046,0.0,0.0
2024-01-19 00:00:00+05:30,255.962561348933,265.23583202599957,255.16484134053476,264.0891418457031,7825737,0.0,0.0
2024-01-23 00:00:00+05:30,272.21572434948723,272.21572434948723,254.86571723517167,257.9568176269531,14571045,0.0,0.0
2024-01-24 00:00:00+05:30,258.00667140591526,274.20998893382296,256.6106993664156,272.8638610839844,15640330,0.0,0.0
2024-01-25 00:00:00+05:30,274.658717929054,284.6798347927002,270.72005305155204,281.1400451660156,19879601,0.0,0.0
2024-01-29 00:00:00+05:30,283.78241444229866,287.6712045354795,273.56186038167937,282.73541259765625,14765969,0.0,0.0
2024-01-30 00:00:00+05:30,284.18125859575764,291.9089945751159,283.5331319866962,284.779541015625,13178452,0.0,0.0
2024-01-31 00:00:00+05:30,285.0786599035726,294.6510870930857,284.1812515110979,288.2196044921875,8872673,0.0,0.0
2024-02-01 00:00:00+05:30,289.815033829047,292.8562902488396,280.14291760505284,291.5101623535156,8338469,0.0,0.0
2024-02-02 00:00:00+05:30,293.6539700469622,305.96849745749387,288.26948907605555,300.2350158691406,20196955,0.0,0.0
2024-02-05 00:00:00+05:30,301.3817111499729,303.97424808455656,286.2253647861828,292.55712890625,9518730,0.0,0.0
2024-02-06 00:00:00+05:30,294.7009380505423,299.337603972999,288.26948573181585,297.1937561035156,6043988,0.0,0.0
2024-02-07 00:00:00+05:30,300.23502227024835,305.4200657331871,293.7038204984972,295.0998229980469,5534031,0.0,0.0
2024-02-08 00:00:00+05:30,296.1467800185793,296.89462542266665,285.8265073561928,288.7181701660156,4610174,0.0,0.0
2024-02-09 00:00:00+05:30,288.76803717403493,289.1170377727263,263.34129410516283,269.3739013671875,12221359,0.0,0.0
2024-02-12 00:00:00+05:30,271.71716363330546,273.2626986306329,233.3277662025449,240.25779724121094,12588330,0.0,0.0
2024-02-13 00:00:00+05:30,240.05838179631354,251.82448621083708,236.31915466552985,250.0795135498047,14133581,0.0,0.0
2024-02-14 00:00:00+05:30,238.41313544263207,262.5435970275595,237.01714814093108,258.7046813964844,18172415,0.0,0.0
2024-02-15 00:00:00+05:30,263.74015846764615,263.74015846764615,251.47549021046987,255.66342163085938,6757137,0.0,0.0
2024-02-16 00:00:00+05:30,257.45826450118835,263.14187148831144,255.8628548376437,257.5579528808594,3579879,0.0,0.0
2024-02-19 00:00:00+05:30,257.906955466477,263.04215468494203,253.46974227552838,254.3173065185547,4400815,0.0,0.0
2024-02-20 00:00:00+05:30,254.26744818997577,256.9597039310096,248.48410710972271,249.38153076171875,3757137,0.0,0.0
2024-02-21 00:00:00+05:30,250.27894071253334,261.4467781274466,242.90020512013763,245.29330444335938,8668831,0.0,0.0
2024-02-22 00:00:00+05:30,248.28467738072192,264.0392752594231,246.29042294392897,262.34417724609375,15152414,0.0,0.0
2024-02-23 00:00:00+05:30,264.38828483907275,265.3854120912887,259.5522115798437,262.2943115234375,4675158,0.0,0.0
2024-02-26 00:00:00+05:30,262.8427351119934,267.030651079805,256.51097132754774,261.696044921875,5453854,0.0,0.0
2024-02-27 00:00:00+05:30,261.0977755767024,263.64043788326234,250.87722130028507,252.273193359375,9683917,0.0,0.0
2024-02-28 00:00:00+05:30,253.669163198373,260.1504902437673,251.87434634238102,253.220458984375,10882873,0.0,0.0
2024-02-29 00:00:00+05:30,253.27030499255383,271.1188755182525,250.32878283976484,269.02490234375,23977798,0.0,0.0
2024-03-01 00:00:00+05:30,271.1188912368944,274.16014758544185,266.8312562647299,271.3183288574219,7848874,0.0,0.0
2024-03-04 00:00:00+05:30,283.6827066985654,289.16690665231624,280.79104371802407,283.18414306640625,11993501,0.0,0.0
2024-03-05 00:00:00+05:30,283.58297776179444,288.4688950965375,282.3864433452761,284.4305419921875,6109772,0.0,0.0
2024-03-06 00:00:00+05:30,283.1342955764629,285.67695789888734,270.4707672951944,280.1429138183594,7799665,0.0,0.0
2024-03-07 00:00:00+05:30,281.1898720877511,285.17838091169085,277.6999268668038,279.19561767578125,4698074,0.0,0.0
2024-03-11 00:00:00+05:30,280.74115015988855,280.74115015988855,266.2828058025387,268.3269348144531,4953456,0.0,0.0
2024-03-12 00:00:00+05:30,268.2770676319188,268.3269422510983,252.92131445761498,255.36428833007812,7588996,0.0,0.0
2024-03-13 00:00:00+05:30,255.96256927881626,258.05651209470454,230.33638757959903,234.374755859375,12151483,0.0,0.0
2024-03-14 00:00:00+05:30,241.80336022101835,264.78713136078454,236.41887911032592,261.9453430175781,23144188,0.0,0.0
2024-03-15 00:00:00+05:30,261.2473249707401,274.80826090253095,255.0152800048351,270.37103271484375,39164127,0.0,0.0
2024-03-18 00:00:00+05:30,270.42091169755497,273.1131369083387,262.9424576177543,268.47650146484375,7535501,0.0,0.0
2024-03-19 00:00:00+05:30,269.22434748835224,272.0661661311553,258.50522994946414,259.8014831542969,5949736,0.0,0.0
2024-03-20 00:00:00+05:30,260.9980564273491,264.1390011637023,250.1792197311029,255.16485595703125,7715028,0.0,0.0
2024-03-21 00:00:00+05:30,261.2473485481435,274.2100032470972,260.69894071361324,272.6145935058594,12123658,0.0,0.0
2024-03-22 00:00:00+05:30,273.01342886565914,274.45927555005704,266.23297573793,268.0776672363281,11447912,0.0,0.0
2024-03-26 00:00:00+05:30,268.07765671947914,284.92910049664107,266.48224709615863,281.73828125,20516082,0.0,0.0
2024-03-27 00:00:00+05:30,283.13430294344823,290.86203935295345,282.1870198567708,284.1812744140625,20697044,0.0,0.0
2024-03-28 00:00:00+05:30,286.1755217951822,289.61562299220975,272.51486624832665,277.251220703125,14832318,0.0,0.0
2024-04-01 00:00:00+05:30,279.3451793364952,311.75181337622564,279.3451793364952,308.9598693847656,35423166,0.0,0.0
2024-04-02 00:00:00+05:30,308.1123046875,312.7988146977517,303.8246699010284,308.1123046875,21092431,0.0,0.0
2024-04-03 00:00:00+05:30,306.5667888044654,313.3970862036919,305.2206609150883,310.5552978515625,12997372,0.0,0.0
2024-04-04 00:00:00+05:30,320.07783027075345,323.0692118620689,310.60512189825454,313.048095703125,14501703,0.0,0.0
2024-04-05 00:00:00+05:30,312.00110714303844,325.46232487583416,306.11806251616866,321.47381591796875,20958999,0.0,0.0
2024-04-08 00:00:00+05:30,325.1133094206762,331.79407379221175,319.3299838676358,330.3981018066406,17356080,0.0,0.0
2024-04-09 00:00:00+05:30,333.14022079312923,365.3474188427786,330.49783966278676,357.320556640625,60120542,0.0,0.0
2024-04-10 00:00:00+05:30,358.66668245736014,362.6551914402392,350.390508059941,356.8219909667969,18813514,0.0,0.0
2024-04-12 00:00:00+05:30,356.32343668539545,375.91698149147595,353.980181510541,361.3589172363281,24343182,0.0,0.0
2024-04-15 00:00:00+05:30,358.9658099602474,364.2505722126986,348.84497445984994,352.7337646484375,15741753,0.0,0.0
2024-04-16 00:00:00+05:30,349.991673640446,366.8431185075226,348.44613853565,356.42315673828125,11856229,0.0,0.0
2024-04-18 00:00:00+05:30,359.46436538374377,365.8958481707559,351.1383469511484,354.4787292480469,10582705,0.0,0.0
2024-04-19 00:00:00+05:30,353.9801823494411,363.9514550916789,345.504600518539,363.0540466308594,13850416,0.0,0.0
2024-04-22 00:00:00+05:30,370.23332363573223,392.8681236418852,370.23332363573223,377.9610595703125,38708175,0.0,0.0
2024-04-23 00:00:00+05:30,380.4538792602624,380.6034726874408,370.03391805164506,370.9811706542969,8476391,0.0,0.0
2024-04-24 00:00:00+05:30,373.8230022230148,380.80289301566074,371.13077688951097,378.5593566894531,11212331,0.0,0.0
2024-04-25 00:00:00+05:30,379.107772196082,385.78850615318663,373.6235726165642,379.7060241699219,14965329,0.0,0.0
2024-04-26 00:00:00+05:30,383.64469443318785,395.85950276796774,382.9965678320178,389.8767395019531,29035791,0.0,0.0
2024-04-29 00:00:00+05:30,393.8652581026761,400.4961481341192,384.8911129813493,387.78277587890625,13277520,0.0,0.0
2024-04-30 00:00:00+05:30,393.8652584095693,396.25835769113945,383.6447042356501,384.89111328125,7723438,0.0,0.0
2024-05-02 00:00:00+05:30,384.8911143449062,393.8652594980258,383.69454948586025,390.3254699707031,9706243,0.0,0.0
2024-05-03 00:00:00+05:30,391.87099205826496,392.2199926664357,373.52385754915207,386.48651123046875,12628632,0.0,0.0
2024-05-06 00:00:00+05:30,389.4778946510122,391.37243026567984,368.9869122097308,376.6149597167969,14724178,0.0,0.0
2024-05-07 00:00:00+05:30,377.9112213319874,379.70603817954276,360.7606207512901,365.347412109375,10200797,0.0,0.0
2024-05-08 00:00:00+05:30,364.7491351259338,375.7175348533172,362.5554734384023,368.8872375488281,6802052,0.0,0.0
2024-05-09 00:00:00+05:30,369.93420049746516,372.0281737560739,353.9801648964963,356.5228271484375,5815664,0.0,0.0
2024-05-10 00:00:00+05:30,360.0127630610697,373.72326204861764,355.12684587148857,371.87860107421875,10615790,0.0,0.0
2024-05-13 00:00:00+05:30,369.385784977239,369.385784977239,353.4317497096336,365.7462463378906,9525604,0.0,0.0
2024-05-14 00:00:00+05:30,369.53534771870125,381.9994377629781,369.53534771870125,378.1604919433594,9772990,0.0,0.0
2024-05-15 00:00:00+05:30,383.7942696008726,387.8824973816221,376.5650970918321,382.4980163574219,10330102,0.0,0.0
2024-05-16 00:00:00+05:30,385.8383992718645,386.287088273759,372.4270256669157,376.71466064453125,6102087,0.0,0.0
2024-05-17 00:00:00+05:30,377.4126597592581,385.09055166740717,375.76740590177144,382.8470153808594,10061695,0.0,0.0
2024-05-21 00:00:00+05:30,393.8652545115593,400.2468626758916,386.4865191206155,398.0033264160156,23674398,0.0,0.0
2024-05-22 00:00:00+05:30,404.4846443291851,414.60547936662016,380.0550278243864,381.89971923828125,53472984,0.0,0.0
2024-05-23 00:00:00+05:30,379.8057648596211,379.8057648596211,368.1892384396531,373.1250305175781,11769601,0.0,0.0
2024-05-24 00:00:00+05:30,373.9227278673855,380.8028999741635,368.9869356875722,370.5325012207031,7119785,0.0,0.0
2024-05-27 00:00:00+05:30,373.9227207763327,378.40979342564873,361.1595040791308,367.3416748046875,10914259,0.0,0.0
2024-05-28 00:00:00+05:30,370.7319023572686,376.26597689718614,368.5382406475854,372.7760314941406,8670446,0.0,0.0
2024-05-29 00:00:00+05:30,371.7290062943089,379.905461469017,366.5938073236881,375.966796875,8270469,0.0,0.0
2024-05-30 00:00:00+05:30,371.9284702056208,374.1720065540461,350.58995279991285,353.38189697265625,17523289,0.0,0.0
2024-05-31 00:00:00+05:30,357.9686638745526,363.3531446546508,352.48446428873075,354.8775634765625,16814960,0.0,0.0
2024-06-03 00:00:00+05:30,372.92558373002066,375.9169654176946,357.6196746754406,369.4356384277344,13759533,0.0,0.0
2024-06-04 00:00:00+05:30,368.93706337303036,368.93706337303036,277.10164232311354,297.7421875,35052909,0.0,0.0
2024-06-05 00:00:00+05:30,304.12379372609206,325.71159135870045,285.8763782744893,320.0279846191406,16878845,0.0,0.0
2024-06-06 00:00:00+05:30,324.0663412182024,349.69252252649704,323.4182146217475,336.33099365234375,17041987,0.0,0.0
2024-06-07 00:00:00+05:30,336.7298812145113,342.5132070361718,331.24568139297145,339.3223876953125,8659828,0.0,0.0
2024-06-10 00:00:00+05:30,339.02327431092505,340.0204015883101,334.1373567377201,335.6828918457031,5430581,0.0,0.0
2024-06-11 00:00:00+05:30,336.0318670891874,344.3080106941985,327.3070040712931,328.8525390625,10963290,0.0,0.0
2024-06-12 00:00:00+05:30,328.5534179096696,336.48059145456705,328.1545731089626,334.43646240234375,5202379,0.0,0.0
2024-06-13 00:00:00+05:30,336.03187410731084,337.8266909365143,330.44795557325523,334.9350280761719,3797084,0.0,0.0
2024-06-14 00:00:00+05:30,335.0347509982074,340.6186696008259,332.24280691185237,335.9321594238281,4342044,0.0,0.0
2024-06-18 00:00:00+05:30,335.1344750269801,337.6771373441554,330.9465284023174,331.9935302734375,4235765,0.0,0.0
2024-06-19 00:00:00+05:30,332.3923773308394,336.03188573426434,324.4652034627708,325.8611755371094,5175648,0.0,0.0
2024-06-20 00:00:00+05:30,326.06060259806645,337.0290020738424,321.82281189151666,332.89093017578125,6621282,0.0,0.0
2024-06-21 00:00:00+05:30,334.0376243665022,335.88231584077647,329.1018323718099,330.1488342285156,3982390,0.0,0.0
2024-06-24 00:00:00+05:30,323.8170618493873,331.84392372788636,321.72308861980696,331.0462341308594,7153557,0.0,0.0
2024-06-25 00:00:00+05:30,334.03762714268964,342.8123347285043,327.05773642627526,328.603271484375,12994795,0.0,0.0
2024-06-26 00:00:00+05:30,329.0520003073971,330.64741003123305,321.12482630984607,321.92254638671875,5586698,0.0,0.0
2024-06-27 00:00:00+05:30,322.0721023504121,326.0606113578475,312.898519461347,318.7317199707031,7253387,0.0,0.0
2024-06-28 00:00:00+05:30,318.7317069382922,324.6147513977298,317.0864531259785,317.7844543457031,6388899,0.0,0.0
2024-07-01 00:00:00+05:30,319.08072192728633,324.8640478402548,318.2830322944317,321.2744140625,5551602,0.0,0.0
2024-07-02 00:00:00+05:30,322.57067584977835,326.45946616507655,314.693376404962,316.63775634765625,7730054,0.0,0.0
2024-07-03 00:00:00+05:30,322.0720980390133,326.6090148022745,321.423971419963,324.365478515625,8561995,0.0,0.0
2024-07-04 00:00:00+05:30,327.0577330888687,327.95514151441137,324.0663513837876,325.5620422363281,4884103,0.0,0.0
2024-07-05 00:00:00+05:30,326.06059916672615,330.7471092472018,321.8726526935391,329.84967041015625,6216734,0.0,0.0
2024-07-08 00:00:00+05:30,332.5419216560046,342.76247547001975,330.1986666468099,341.26678466796875,14693579,0.0,0.0
2024-07-09 00:00:00+05:30,344.35790410266407,347.7979748794879,340.5688022701903,346.6014404296875,14511825,0.0,0.0
2024-07-10 00:00:00+05:30,346.9005686807568,346.9005686807568,323.2686708077115,332.99066162109375,14441088,0.0,0.0
2024-07-11 00:00:00+05:30,336.5304474564631,338.8238279634621,331.44509238669474,332.841064453125,4854382,0.0,0.0
2024-07-12 00:00:00+05:30,333.0404966644587,334.53618751774223,327.5562968690859,329.30126953125,4458195,0.0,0.0
2024-07-15 00:00:00+05:30,330.0491174704941,335.48347311742486,326.7087351200829,330.64739990234375,3941525,0.0,0.0
2024-07-16 00:00:00+05:30,330.69724271784605,334.03762505437146,327.1574531914721,328.1047058105469,2662124,0.0,0.0
2024-07-18 00:00:00+05:30,327.4565763990641,327.4565763990641,317.03661509863895,319.2801513671875,3983681,0.0,0.0
2024-07-19 00:00:00+05:30,316.9867318048949,316.9867318048949,305.81892538722485,306.9157409667969,5548551,0.0,0.0
2024-07-22 00:00:00+05:30,303.9243789131357,323.76723587712047,300.7335899155947,321.4239807128906,9508278,0.0,0.0
2024-07-23 00:00:00+05:30,320.9752397817775,322.42108639458615,301.78054117054927,311.8515319824219,11044851,0.0,0.0
2024-07-24 00:00:00+05:30,309.30887412893844,315.09219980143206,307.76330868842354,309.9570007324219,3699538,0.0,0.0
2024-07-25 00:00:00+05:30,305.1209407989599,309.458450455123,304.7719401728486,308.0126037597656,3728928,0.0,0.0
2024-07-26 00:00:00+05:30,309.10944596467914,316.9867451145715,309.0596017743902,314.4939270019531,3964899,0.0,0.0
2024-07-29 00:00:00+05:30,317.3855792593037,320.0778349024085,313.8457898303211,314.89276123046875,3145736,0.0,0.0
2024-07-30 00:00:00+05:30,314.8927714895593,320.5265647621993,312.79882862104415,317.3855895996094,3831964,0.0,0.0
2024-07-31 00:00:00+05:30,318.2331431059717,324.4651881708305,318.2331431059717,320.6761169433594,3814938,0.0,0.0
2024-08-01 00:00:00+05:30,325.0634803831671,328.7528633447554,316.3386170293244,318.5821533203125,6419350,0.0,0.0
2024-08-02 00:00:00+05:30,311.4526947520687,314.6434836134819,307.3146228551329,309.2590026855469,5220719,0.0,0.0
2024-08-05 00:00:00+05:30,299.1381671586991,303.07683186491846,286.2752320568566,288.5187683105469,9200604,0.0,0.0
2024-08-06 00:00:00+05:30,294.15254464318855,296.1467991831424,281.28960894646826,282.83514404296875,5590600,0.0,0.0
2024-08-07 00:00:00+05:30,288.56860731772565,296.6453437719519,284.77953610705526,295.3490905761719,3860469,0.0,0.0
2024-08-08 00:00:00+05:30,295.1496651381539,301.78055524530976,290.6625925262563,294.60125732421875,3603263,0.0,0.0
2024-08-09 00:00:00+05:30,299.13816908017105,305.6194960769081,298.6894496545876,302.27911376953125,4487901,0.0,0.0
2024-08-12 00:00:00+05:30,300.1353068269057,304.87166133663266,297.14392503128875,301.8802795410156,2861453,0.0,0.0
2024-08-13 00:00:00+05:30,313.0481221544052,318.58216639397995,307.36448447869896,312.0509948730469,20951815,0.0,0.0
2024-08-14 00:00:00+05:30,314.2945278059257,316.3884707298641,294.2522635846563,297.79205322265625,17143764,0.0,0.0
2024-08-16 00:00:00+05:30,305.1209223141762,314.5936306866751,297.64246833588754,313.048095703125,14292228,0.0,0.0
2024-08-19 00:00:00+05:30,314.0950705789137,324.61475045332384,314.0950705789137,322.72021484375,15467529,0.0,0.0
2024-08-20 00:00:00+05:30,325.36260591545545,327.15745320361003,316.48817957429026,317.7345886230469,6166770,0.0,0.0
2024-08-21 00:00:00+05:30,317.08645215921973,319.97811497657705,314.34435233708814,316.0893249511719,3062167,0.0,0.0
2024-08-22 00:00:00+05:30,316.0893221907205,319.87839337624894,313.596504192371,317.6348571777344,4785503,0.0,0.0
2024-08-23 00:00:00+05:30,317.38558134044143,319.47955458437474,310.10656482047693,315.3913269042969,3649240,0.0,0.0
2024-08-26 00:00:00+05:30,317.5351661313652,330.34822619120257,317.08644672347293,328.7029724121094,14885334,0.0,0.0
2024-08-27 00:00:00+05:30,331.04624012331783,335.8324386519327,328.00501424595546,328.8027038574219,20065763,0.0,0.0
2024-08-28 00:00:00+05:30,327.0577449417566,331.4949734703997,325.1632092125271,327.70587158203125,6307966,0.0,0.0
2024-08-29 00:00:00+05:30,327.55628705282953,329.65026027065556,318.1832974057924,327.656005859375,12023825,0.0,0.0
2024-08-30 00:00:00+05:30,328.0548456556567,334.88517299617075,324.2158998864708,331.5946350097656,16037347,0.0,0.0
2024-09-02 00:00:00+05:30,329.05199732865304,330.04912459328534,319.08072468233024,319.7288513183594,5755825,0.0,0.0
2024-09-03 00:00:00+05:30,319.08071281397173,321.124811458473,316.3386129382267,317.58502197265625,2178217,0.0,0.0
2024-09-04 00:00:00+05:30,313.4469415893366,316.43832319108645,310.40568536961325,311.8515319824219,2993774,0.0,0.0
2024-09-05 00:00:00+05:30,312.59937355295415,316.58788230642085,308.1123012053041,314.5936279296875,4268131,0.0,0.0
2024-09-06 00:00:00+05:30,314.69335918438424,315.1919227982917,305.2206505201421,310.9541320800781,3729742,0.0,0.0
2024-09-09 00:00:00+05:30,305.1209319857593,309.4584415166365,300.1851400316735,308.0624694824219,4369700,0.0,0.0
2024-09-10 00:00:00+05:30,310.10655780926874,315.6904761902081,310.10655780926874,312.2005310058594,3180344,0.0,0.0
2024-09-11 00:00:00+05:30,313.09796341389705,313.34724523190175,305.46994586893527,306.1180725097656,2181485,0.0,0.0
2024-09-12 00:00:00+05:30,308.5610216727076,314.194784220364,307.61373866854024,313.3970642089844,3224754,0.0,0.0
2024-09-13 00:00:00+05:30,315.2916449961632,319.37984233022263,312.5993892801602,313.995361328125,3671164,0.0,0.0
2024-09-16 00:00:00+05:30,315.1919197832755,326.5591639856494,312.15066350958665,322.0222473144531,7092011,0.0,0.0
2024-09-17 00:00:00+05:30,323.0692088653183,323.9666172484072,316.4881633394878,317.48529052734375,2709883,0.0,0.0
2024-09-18 00:00:00+05:30,318.0835775692513,320.57639557527995,314.2446317539858,319.3299865722656,3410936,0.0,0.0
2024-09-19 00:00:00+05:30,323.5,327.0,311.3999938964844,324.1000061035156,10915727,0.92,0.0
2024-09-20 00:00:00+05:30,326.3500061035156,331.29998779296875,323.6499938964844,329.79998779296875,10243702,0.0,0.0
2024-09-23 00:00:00+05:30,331.8500061035156,334.1000061035156,328.0,330.70001220703125,4787749,0.0,0.0
2024-09-24 00:00:00+05:30,334.5,343.0,332.79998779296875,341.8500061035156,19664543,0.0,0.0
2024-09-25 00:00:00+05:30,346.0,347.20001220703125,338.3500061035156,340.25,8173719,0.0,0.0
2024-09-26 00:00:00+05:30,341.5,345.25,332.75,343.75,12072437,0.0,0.0
2024-09-27 00:00:00+05:30,347.3999938964844,352.29998779296875,343.0,344.5,16093723,0.0,0.0
2024-09-30 00:00:00+05:30,349.0,352.79998779296875,340.54998779296875,343.8999938964844,10972122,0.0,0.0
2024-10-01 00:00:00+05:30,343.70001220703125,353.0,337.20001220703125,349.1000061035156,7394842,0.0,0.0
2024-10-03 00:00:00+05:30,345.0,351.25,335.1000061035156,337.75,6235804,0.0,0.0
2024-10-04 00:00:00+05:30,335.0,337.70001220703125,323.29998779296875,330.3500061035156,5696244,0.0,0.0
2024-10-07 00:00:00+05:30,330.3500061035156,331.3999938964844,308.0,311.6000061035156,7511266,0.0,0.0
2024-10-08 00:00:00+05:30,309.8999938964844,320.3999938964844,304.29998779296875,314.29998779296875,4007213,0.0,0.0
2024-10-09 00:00:00+05:30,315.0,319.25,312.3999938964844,313.5,2018877,0.0,0.0
2024-10-10 00:00:00+05:30,315.0,319.20001220703125,311.1000061035156,312.1499938964844,2184501,0.0,0.0
2024-10-11 00:00:00+05:30,314.0,320.95001220703125,310.70001220703125,315.8500061035156,2796754,0.0,0.0
2024-10-14 00:00:00+05:30,318.0,333.3500061035156,310.6000061035156,325.25,6015938,0.0,0.0
2024-10-15 00:00:00+05:30,325.0,325.45001220703125,316.8999938964844,320.8999938964844,2505037,0.0,0.0
2024-10-16 00:00:00+05:30,320.0,327.3999938964844,316.20001220703125,321.8999938964844,3986771,0.0,0.0
2024-10-17 00:00:00+05:30,321.5,322.04998779296875,312.6499938964844,317.20001220703125,2882624,0.0,0.0
2024-10-18 00:00:00+05:30,313.0,326.5,306.8999938964844,323.0,5327489,0.0,0.0
2024-10-21 00:00:00+05:30,322.04998779296875,325.0,313.8500061035156,316.70001220703125,2881120,0.0,0.0
2024-10-22 00:00:00+05:30,314.3999938964844,316.3500061035156,285.1000061035156,295.04998779296875,5622805,0.0,0.0
2024-10-23 00:00:00+05:30,292.5,297.0,286.20001220703125,292.3500061035156,7845089,0.0,0.0
2024-10-24 00:00:00+05:30,292.0,295.5,286.20001220703125,290.75,3667963,0.0,0.0
2024-10-25 00:00:00+05:30,291.6000061035156,291.6000061035156,269.0,271.75,8562532,0.0,0.0
2024-10-28 00:00:00+05:30,274.70001220703125,292.8999938964844,269.29998779296875,289.95001220703125,10524921,0.0,0.0
2024-10-29 00:00:00+05:30,288.0,292.0,281.25,290.3999938964844,4149065,0.0,0.0
2024-10-30 00:00:00+05:30,289.95001220703125,296.70001220703125,287.1000061035156,291.70001220703125,5243314,0.0,0.0
2024-10-31 00:00:00+05:30,290.0,295.0,286.5,294.20001220703125,4191728,0.0,0.0
2024-11-01 00:00:00+05:30,295.0,297.79998779296875,293.0,294.3500061035156,1148722,0.0,0.0
2024-11-04 00:00:00+05:30,294.95001220703125,295.8999938964844,286.20001220703125,291.3999938964844,5734684,0.0,0.0
2024-11-05 00:00:00+05:30,290.0,300.8999938964844,288.20001220703125,298.54998779296875,5120946,0.0,0.0
2024-11-06 00:00:00+05:30,302.0,302.3500061035156,292.5,298.3999938964844,6431475,0.0,0.0
2024-11-07 00:00:00+05:30,296.5,299.0,289.6499938964844,291.20001220703125,3954670,0.0,0.0
2024-11-08 00:00:00+05:30,293.5,294.0,280.0,280.95001220703125,4299335,0.0,0.0
2024-11-11 00:00:00+05:30,278.1499938964844,280.0,272.0,273.3999938964844,3622416,0.0,0.0
2024-11-12 00:00:00+05:30,277.95001220703125,279.45001220703125,266.75,269.45001220703125,4751726,0.0,0.0
2024-11-13 00:00:00+05:30,267.0,269.75,260.0,261.70001220703125,4699363,0.0,0.0
2024-11-14 00:00:00+05:30,260.0,265.45001220703125,259.8999938964844,262.70001220703125,2669822,0.0,0.0
2024-11-18 00:00:00+05:30,262.1000061035156,267.45001220703125,259.54998779296875,264.3999938964844,4274822,0.0,0.0
2024-11-19 00:00:00+05:30,265.25,271.04998779296875,261.1000061035156,263.20001220703125,3174138,0.0,0.0
2024-11-21 00:00:00+05:30,261.3999938964844,264.29998779296875,259.04998779296875,261.5,2360035,0.0,0.0
2024-11-22 00:00:00+05:30,261.1000061035156,266.29998779296875,260.6000061035156,263.3999938964844,2174690,0.0,0.0
2024-11-25 00:00:00+05:30,269.3999938964844,280.1499938964844,266.5,278.79998779296875,6235902,0.0,0.0
2024-11-26 00:00:00+05:30,279.79998779296875,281.8999938964844,275.04998779296875,279.3999938964844,5626845,0.0,0.0
2024-11-27 00:00:00+05:30,278.75,280.8999938964844,274.1000061035156,277.3500061035156,2672277,0.0,0.0
2024-11-28 00:00:00+05:30,279.5,281.1499938964844,273.25,274.8500061035156,3095623,0.0,0.0
2024-11-29 00:00:00+05:30,275.3999938964844,278.45001220703125,271.70001220703125,276.0,3469778,0.0,0.0
2024-12-02 00:00:00+05:30,274.0,277.8999938964844,272.25,276.75,2062720,0.0,0.0
2024-12-03 00:00:00+05:30,277.0,287.0,277.0,284.70001220703125,3904565,0.0,0.0
2024-12-04 00:00:00+05:30,286.25,287.95001220703125,280.95001220703125,283.45001220703125,3424906,0.0,0.0
2024-12-05 00:00:00+05:30,284.0,286.5,281.04998779296875,284.79998779296875,2691392,0.0,0.0
2024-12-06 00:00:00+05:30,283.6000061035156,291.79998779296875,283.5,287.79998779296875,6286213,0.0,0.0
2024-12-09 00:00:00+05:30,288.5,294.79998779296875,287.3999938964844,292.5,4493360,0.0,0.0
2024-12-10 00:00:00+05:30,293.75,294.79998779296875,288.29998779296875,291.8500061035156,2769671,0.0,0.0
2024-12-11 00:00:00+05:30,292.29998779296875,295.3999938964844,289.0,290.04998779296875,3447384,0.0,0.0
2024-12-12 00:00:00+05:30,289.6000061035156,294.29998779296875,283.54998779296875,291.1499938964844,3529344,0.0,0.0
2024-12-13 00:00:00+05:30,289.70001220703125,294.79998779296875,279.25,291.95001220703125,3364902,0.0,0.0
2024-12-16 00:00:00+05:30,290.0,291.95001220703125,287.3999938964844,290.6499938964844,1546259,0.0,0.0
2024-12-17 00:00:00+05:30,288.3999938964844,289.25,280.3500061035156,284.5,2103974,0.0,0.0
2024-12-18 00:00:00+05:30,282.5,283.75,274.45001220703125,280.95001220703125,3748438,0.0,0.0
2024-12-19 00:00:00+05:30,273.1000061035156,281.1000061035156,271.25,279.6499938964844,3130458,0.0,0.0
2024-12-20 00:00:00+05:30,278.6499938964844,283.6499938964844,261.0,271.5,4006043,0.0,0.0
2024-12-23 00:00:00+05:30,271.6499938964844,273.70001220703125,265.20001220703125,271.04998779296875,3451753,0.0,0.0
2024-12-24 00:00:00+05:30,271.5,285.5,268.95001220703125,280.6499938964844,9355158,0.0,0.0
2024-12-26 00:00:00+05:30,278.5,279.3999938964844,261.79998779296875,263.20001220703125,12591431,0.0,0.0
2024-12-27 00:00:00+05:30,265.0,265.3500061035156,255.0500030517578,256.5,6036698,0.0,0.0
2024-12-30 00:00:00+05:30,257.0,257.20001220703125,245.64999389648438,247.14999389648438,5113793,0.0,0.0
2024-12-31 00:00:00+05:30,247.4499969482422,250.1999969482422,243.8000030517578,247.9499969482422,4098665,0.0,0.0
2025-01-01 00:00:00+05:30,247.89999389648438,250.14999389648438,245.13999938964844,247.38999938964844,2545914,0.0,0.0
2025-01-02 00:00:00+05:30,248.6999969482422,250.89999389648438,247.0,249.74000549316406,3055122,0.0,0.0
2025-01-03 00:00:00+05:30,249.9199981689453,256.67999267578125,248.55999755859375,250.22999572753906,3580827,0.0,0.0
2025-01-06 00:00:00+05:30,249.22999572753906,249.7899932861328,234.14999389648438,235.63999938964844,5344927,0.0,0.0
2025-01-07 00:00:00+05:30,236.39999389648438,242.4499969482422,235.0,238.1300048828125,3337163,0.0,0.0
2025-01-08 00:00:00+05:30,237.6300048828125,241.58999633789062,234.3000030517578,239.72999572753906,2357857,0.0,0.0
2025-01-09 00:00:00+05:30,239.0,239.60000610351562,233.89999389648438,235.77999877929688,2039704,0.0,0.0
2025-01-10 00:00:00+05:30,236.0,241.1699981689453,230.0,233.30999755859375,4667934,0.0,0.0
2025-01-13 00:00:00+05:30,231.0,235.85000610351562,216.75999450683594,219.35000610351562,8129687,0.0,0.0
