date,nav,dayChange
19-06-2024,20.03800,0.03539999999999921
18-06-2024,20.00260,0.03260000000000218
14-06-2024,19.97000,0.027699999999999392
13-06-2024,19.94230,0.025800000000000267
12-06-2024,19.91650,0.01670000000000016
11-06-2024,19.89980,0.012100000000000222
10-06-2024,19.88770,0.012599999999999056
07-06-2024,19.87510,0.0777000000000001
06-06-2024,19.79740,0.05269999999999797
05-06-2024,19.74470,0.1477000000000004
04-06-2024,19.59700,-0.35050000000000026
03-06-2024,19.94750,0.182500000000001
31-05-2024,19.76500,0.020400000000002194
30-05-2024,19.74460,-0.0005000000000023874
29-05-2024,19.74510,-0.06070000000000064
28-05-2024,19.80580,-0.01869999999999905
27-05-2024,19.82450,0.01389999999999958
24-05-2024,19.81060,0.07540000000000191
22-05-2024,19.73520,0.04299999999999926
21-05-2024,19.69220,0.01699999999999946
17-05-2024,19.67520,-0.006199999999999761
16-05-2024,19.68140,0.04609999999999914
15-05-2024,19.63530,0.027300000000000324
14-05-2024,19.60800,0.026299999999999102
13-05-2024,19.58170,0.038000000000000256
10-05-2024,19.54370,0.03359999999999985
09-05-2024,19.51010,-0.06550000000000011
08-05-2024,19.57560,0.008200000000002206
07-05-2024,19.56740,-0.06879999999999953
06-05-2024,19.63620,0.040399999999998215
03-05-2024,19.59580,-0.01559999999999917
02-05-2024,19.61140,0.030699999999999505
30-04-2024,19.58070,-0.02260000000000062
29-04-2024,19.60330,0.07360000000000255
26-04-2024,19.52970,-0.017800000000001148
25-04-2024,19.54750,0.04649999999999821
24-04-2024,19.50100,-0.0008999999999979025
23-04-2024,19.50190,0.020599999999998175
22-04-2024,19.48130,0.08520000000000039
19-04-2024,19.39610,-0.00549999999999784
18-04-2024,19.40160,-0.010400000000000631
16-04-2024,19.41200,-0.030300000000000438
15-04-2024,19.44230,-0.0362000000000009
12-04-2024,19.47850,-0.10689999999999955
10-04-2024,19.58540,0.04540000000000077
08-04-2024,19.54000,-0.00870000000000104
05-04-2024,19.54870,-0.026499999999998636
04-04-2024,19.57520,0.02049999999999841
03-04-2024,19.55470,0.013100000000001444
02-04-2024,19.54160,-0.03160000000000096
31-03-2024,19.57320,0.004799999999999471
28-03-2024,19.56840,0.05590000000000117
27-03-2024,19.51250,0.03930000000000078
26-03-2024,19.47320,-0.16460000000000008
22-03-2024,19.63780,-0.002600000000001046
21-03-2024,19.64040,0.05519999999999925
20-03-2024,19.58520,-0.0030999999999998806
19-03-2024,19.58830,-0.042200000000001125
18-03-2024,19.63050,-0.00019999999999953388
15-03-2024,19.63070,-0.03439999999999799
14-03-2024,19.66510,0.025199999999998113
13-03-2024,19.63990,-0.05659999999999954
12-03-2024,19.69650,-0.008199999999998653
11-03-2024,19.70470,-0.010300000000000864
07-03-2024,19.71500,0.0021999999999984254
06-03-2024,19.71280,0.04550000000000054
05-03-2024,19.66730,-0.013199999999997658
04-03-2024,19.68050,0.022399999999997533
01-03-2024,19.65810,0.08620000000000161
29-02-2024,19.57190,0.006999999999997897
28-02-2024,19.56490,-0.04679999999999751
27-02-2024,19.61170,-0.008900000000000574
26-02-2024,19.62060,0.006699999999998596
23-02-2024,19.61390,0.0005000000000023874
22-02-2024,19.61340,0.03200000000000003
21-02-2024,19.58140,0.0008999999999979025
20-02-2024,19.58050,0.08000000000000185
16-02-2024,19.50050,0.004699999999999704
15-02-2024,19.49580,0.027999999999998693
14-02-2024,19.46780,0.011300000000002086
13-02-2024,19.45650,0.030299999999996885
12-02-2024,19.42620,0.001200000000000756
09-02-2024,19.42500,0.014400000000001967
08-02-2024,19.41060,-0.03369999999999962
07-02-2024,19.44430,0.01799999999999713
06-02-2024,19.42630,0.04180000000000206
05-02-2024,19.38450,-0.029700000000001836
02-02-2024,19.41420,0.013799999999999812
01-02-2024,19.40040,0.036000000000001364
31-01-2024,19.36440,0.03579999999999828
30-01-2024,19.32860,-0.0329999999999977
29-01-2024,19.36160,0.07669999999999888
25-01-2024,19.28490,-0.013600000000000279
24-01-2024,19.29850,0.0070000000000014495
23-01-2024,19.29150,-0.002300000000001745
19-01-2024,19.29380,0.038000000000000256
18-01-2024,19.25580,-0.01419999999999888
17-01-2024,19.27000,-0.09939999999999927
16-01-2024,19.36940,-0.010899999999999466
15-01-2024,19.38030,0.06549999999999656
12-01-2024,19.31480,0.03870000000000218
11-01-2024,19.27610,0.01419999999999888
10-01-2024,19.26190,0.02289999999999992
09-01-2024,19.23900,0.03100000000000236
08-01-2024,19.20800,-0.003600000000002268
05-01-2024,19.21160,0.019200000000001438
04-01-2024,19.19240,0.035199999999999676
03-01-2024,19.15720,-0.023800000000001376
02-01-2024,19.18100,-0.03439999999999799
01-01-2024,19.21540,-0.012399999999999523
29-12-2023,19.22780,0.02009999999999934
28-12-2023,19.20770,0.00969999999999871
27-12-2023,19.19800,0.026900000000001256
26-12-2023,19.17110,0.028900000000000148
22-12-2023,19.14220,-0.0045999999999999375
21-12-2023,19.14680,0.013799999999999812
20-12-2023,19.13300,-0.02500000000000213
19-12-2023,19.15800,0.011000000000002785
18-12-2023,19.14700,0.012699999999998823
15-12-2023,19.13430,0.060199999999998255
14-12-2023,19.07410,0.08640000000000114
13-12-2023,18.98770,0.021599999999999397
12-12-2023,18.96610,-0.04219999999999757
11-12-2023,19.00830,0.021300000000000097
08-12-2023,18.98700,0.006699999999998596
07-12-2023,18.98030,-0.0032999999999994145
06-12-2023,18.98360,0.027999999999998693
05-12-2023,18.95560,0.029399999999998983
04-12-2023,18.92620,0.11070000000000135
01-12-2023,18.81550,0.023900000000001143
30-11-2023,18.79160,0.012999999999998124
29-11-2023,18.77860,0.07349999999999923
28-11-2023,18.70510,0.008600000000001273
24-11-2023,18.69650,0.0004999999999988347
23-11-2023,18.69600,-0.005299999999998306
22-11-2023,18.70130,0.01980000000000004
21-11-2023,18.68150,0.012299999999999756
20-11-2023,18.66920,-0.01699999999999946
17-11-2023,18.68620,-0.0002999999999993008
16-11-2023,18.68650,0.009000000000000341
15-11-2023,18.67750,0.08279999999999887
13-11-2023,18.59470,0.01589999999999847
10-11-2023,18.57880,-0.004799999999999471
09-11-2023,18.58360,-0.0031999999999996476
08-11-2023,18.58680,0.027200000000000557
07-11-2023,18.55960,0.03780000000000072
06-11-2023,18.52180,0.04870000000000019
03-11-2023,18.47310,0.03989999999999938
02-11-2023,18.43320,0.07160000000000011
01-11-2023,18.36160,-0.00870000000000104
31-10-2023,18.37030,-0.010500000000000398
30-10-2023,18.38080,0.020600000000001728
27-10-2023,18.36020,0.07659999999999911
26-10-2023,18.28360,-0.05910000000000082
25-10-2023,18.34270,-0.02009999999999934
23-10-2023,18.36280,-0.05819999999999936
20-10-2023,18.42100,-0.020800000000001262
19-10-2023,18.44180,-0.020699999999997942
18-10-2023,18.46250,-0.04240000000000066
17-10-2023,18.50490,0.018499999999999517
16-10-2023,18.48640,9.999999999976694e-05
13-10-2023,18.48630,-0.018599999999999284
12-10-2023,18.50490,-0.001100000000000989
11-10-2023,18.50600,0.0630999999999986
10-10-2023,18.44290,0.06360000000000099
09-10-2023,18.37930,-0.04969999999999786
06-10-2023,18.42900,-0.058600000000001984
05-10-2023,18.48760,0.04139999999999944
04-10-2023,18.44620,-0.045700000000000074
03-10-2023,18.49190,-0.020899999999997476
29-09-2023,18.51280,-0.023400000000002308
27-09-2023,18.53620,-0.0033999999999991815
26-09-2023,18.53960,0.013700000000000045
25-09-2023,18.52590,0.005099999999998772
22-09-2023,18.52080,-0.04469999999999885
21-09-2023,18.56550,-0.029299999999999216
20-09-2023,18.59480,-0.045999999999999375
18-09-2023,18.64080,-0.012700000000002376
15-09-2023,18.65350,-0.014099999999999113
14-09-2023,18.66760,0.05930000000000035
13-09-2023,18.60830,0.028999999999999915
12-09-2023,18.57930,0.01419999999999888
11-09-2023,18.56510,0.011300000000002086
08-09-2023,18.55380,0.010400000000000631
07-09-2023,18.54340,0.05479999999999663
06-09-2023,18.48860,-0.008999999999996788
05-09-2023,18.49760,0.014599999999997948
04-09-2023,18.48300,0.002400000000001512
01-09-2023,18.48060,0.017899999999997362
31-08-2023,18.46270,-0.0034999999999989484
30-08-2023,18.46620,-0.0019999999999988916
29-08-2023,18.46820,0.009599999999998943
28-08-2023,18.45860,0.03720000000000212
25-08-2023,18.42140,-0.03230000000000288
24-08-2023,18.45370,-0.014499999999998181
23-08-2023,18.46820,0.028900000000000148
22-08-2023,18.43930,0.0045000000000001705
21-08-2023,18.43480,0.02120000000000033
18-08-2023,18.41360,0.0009999999999976694
17-08-2023,18.41260,-0.017499999999998295
14-08-2023,18.43010,0.015999999999998238
11-08-2023,18.41410,-0.020599999999998175
10-08-2023,18.43470,-0.01150000000000162
09-08-2023,18.44620,0.007400000000000517
08-08-2023,18.43880,0.019600000000000506
07-08-2023,18.41920,0.01950000000000074
04-08-2023,18.39970,0.04100000000000037
03-08-2023,18.35870,-0.042200000000001125
02-08-2023,18.40090,-0.033500000000000085
01-08-2023,18.43440,0.006199999999999761
31-07-2023,18.42820,0.024200000000000443
28-07-2023,18.40400,-0.017199999999998994
27-07-2023,18.42120,-0.00730000000000075
26-07-2023,18.42850,0.04509999999999792
25-07-2023,18.38340,-0.03319999999999723
24-07-2023,18.41660,0.00829999999999842
21-07-2023,18.40830,-0.014499999999998181
20-07-2023,18.42280,0.025800000000000267
19-07-2023,18.39700,0.010099999999997777
18-07-2023,18.38690,0.02430000000000021
17-07-2023,18.36260,0.05320000000000036
14-07-2023,18.30940,0.02370000000000161
13-07-2023,18.28570,0.04019999999999868
12-07-2023,18.24550,-0.006000000000000227
11-07-2023,18.25150,0.047399999999999665
10-07-2023,18.20410,0.008600000000001273
07-07-2023,18.19550,-0.03960000000000008
06-07-2023,18.23510,-0.007200000000000983
05-07-2023,18.24230,0.012000000000000455
04-07-2023,18.23030,-0.005400000000001626
03-07-2023,18.23570,0.020700000000001495
30-06-2023,18.21500,0.010200000000001097
28-06-2023,18.20480,0.0373999999999981
27-06-2023,18.16740,0.027599999999999625
26-06-2023,18.13980,0.030000000000001137
23-06-2023,18.10980,-0.01869999999999905
22-06-2023,18.12850,-0.01880000000000237
21-06-2023,18.14730,0.012800000000002143
20-06-2023,18.13450,0.015399999999999636
19-06-2023,18.11910,-0.031100000000002126
16-06-2023,18.15020,0.037000000000002586
15-06-2023,18.11320,-0.020400000000002194
14-06-2023,18.13360,-0.005699999999997374
13-06-2023,18.13930,0.037899999999996936
12-06-2023,18.10140,0.022100000000001785
09-06-2023,18.07930,-0.0005999999999986017
08-06-2023,18.07990,-0.043600000000001415
07-06-2023,18.12350,0.01910000000000167
06-06-2023,18.10440,0.008199999999998653
05-06-2023,18.09620,0.03409999999999869
02-06-2023,18.06210,0.017800000000001148
01-06-2023,18.04430,-0.00870000000000104
31-05-2023,18.05300,0.017099999999999227
30-05-2023,18.03590,0.0018000000000029104
29-05-2023,18.03410,0.005399999999998073
26-05-2023,18.02870,0.054999999999999716
25-05-2023,17.97370,-9.999999999976694e-05
24-05-2023,17.97380,0.012000000000000455
23-05-2023,17.96180,-0.023399999999998755
22-05-2023,17.98520,0.025800000000000267
19-05-2023,17.95940,-0.003700000000002035
18-05-2023,17.96310,-0.014099999999999113
17-05-2023,17.97720,-0.013400000000000745
16-05-2023,17.99060,0.01980000000000004
15-05-2023,17.97080,0.02149999999999963
12-05-2023,17.94930,0.029400000000002535
11-05-2023,17.91990,-0.014000000000002899
10-05-2023,17.93390,0.027599999999999625
09-05-2023,17.90630,0.012000000000000455
08-05-2023,17.89430,-0.008099999999998886
04-05-2023,17.90240,0.02710000000000079
03-05-2023,17.87530,0.049099999999999255
02-05-2023,17.82620,0.019899999999999807
28-04-2023,17.80630,0.03059999999999974
27-04-2023,17.77570,0.029399999999998983
26-04-2023,17.74630,0.013300000000000978
25-04-2023,17.73300,0.011900000000000688
24-04-2023,17.72110,0.062300000000000466
21-04-2023,17.65880,0.011299999999998533
20-04-2023,17.64750,-0.0023999999999979593
19-04-2023,17.64990,-0.004100000000001103
18-04-2023,17.65400,0.011900000000000688
17-04-2023,17.64210,-0.03300000000000125
13-04-2023,17.67510,-0.00870000000000104
12-04-2023,17.68380,0.034900000000000375
11-04-2023,17.64890,0.007600000000000051
10-04-2023,17.64130,0.004699999999999704
06-04-2023,17.63660,0.02430000000000021
05-04-2023,17.61230,0.06640000000000157
03-04-2023,17.54590,0.030000000000001137
31-03-2023,17.51590,0.06619999999999848
29-03-2023,17.44970,0.022999999999999687
28-03-2023,17.42670,-0.008800000000000807
27-03-2023,17.43550,0.010699999999999932
24-03-2023,17.42480,-0.012100000000000222
23-03-2023,17.43690,0.004300000000000637
21-03-2023,17.43260,0.047800000000002285
20-03-2023,17.38480,-0.014000000000002899
17-03-2023,17.39880,0.037400000000001654
16-03-2023,17.36140,0.0030999999999998806
15-03-2023,17.35830,-0.01249999999999929
14-03-2023,17.37080,-0.00590000000000046
13-03-2023,17.37670,-0.027599999999999625
10-03-2023,17.40430,-0.042500000000000426
09-03-2023,17.44680,-0.013000000000001677
08-03-2023,17.45980,-0.00549999999999784
06-03-2023,17.46530,0.018599999999999284
03-03-2023,17.44670,0.06099999999999994
02-03-2023,17.38570,-0.016899999999999693
01-03-2023,17.40260,0.03829999999999956
28-02-2023,17.36430,-0.006199999999999761
27-02-2023,17.37050,-0.016100000000001558
24-02-2023,17.38660,-0.01799999999999713
23-02-2023,17.40460,0.006499999999999062
22-02-2023,17.39810,-0.07169999999999987
21-02-2023,17.46980,-0.0016999999999995907
20-02-2023,17.47150,-0.006500000000002615
17-02-2023,17.47800,-0.028999999999999915
16-02-2023,17.50700,0.009500000000002728
15-02-2023,17.49750,0.026499999999998636
14-02-2023,17.47100,0.01899999999999835
13-02-2023,17.45200,-0.0045999999999999375
10-02-2023,17.45660,-0.016499999999997073
09-02-2023,17.47310,-0.0010000000000012221
08-02-2023,17.47410,0.0069000000000016826
07-02-2023,17.46720,0.009799999999998477
06-02-2023,17.45740,-0.008099999999998886
03-02-2023,17.46550,0.045199999999997686
02-02-2023,17.42030,0.0071000000000012164
01-02-2023,17.41320,0.034600000000001074
31-01-2023,17.37860,0.02809999999999846
30-01-2023,17.35050,-0.006599999999998829
27-01-2023,17.35710,-0.06579999999999941
25-01-2023,17.42290,-0.060000000000002274
24-01-2023,17.48290,-0.008099999999998886
23-01-2023,17.49100,0.01899999999999835
20-01-2023,17.47200,-0.023099999999999454
19-01-2023,17.49510,0.004000000000001336
18-01-2023,17.49110,0.033200000000000784
17-01-2023,17.45790,0.03229999999999933
16-01-2023,17.42560,-0.025800000000000267
13-01-2023,17.45140,0.002500000000001279
12-01-2023,17.44890,-0.006400000000002848
11-01-2023,17.45530,0.009000000000000341
10-01-2023,17.44630,-0.03719999999999857
09-01-2023,17.48350,0.06479999999999819
06-01-2023,17.41870,-0.03369999999999962
05-01-2023,17.45240,-0.011199999999998766
04-01-2023,17.46360,-0.02500000000000213
03-01-2023,17.48860,0.00840000000000174
02-01-2023,17.48020,0.023299999999998988
30-12-2022,17.45690,-0.0376999999999974
29-12-2022,17.49460,0.021599999999999397
28-12-2022,17.47300,-0.003700000000002035
27-12-2022,17.47670,0.01710000000000278
26-12-2022,17.45960,0.05529999999999902
23-12-2022,17.40430,-0.0732999999999997
22-12-2022,17.47760,-0.018900000000002137
21-12-2022,17.49650,-0.015399999999999636
20-12-2022,17.51190,-0.012000000000000455
19-12-2022,17.52390,0.021000000000000796
16-12-2022,17.50290,-0.023800000000001376
15-12-2022,17.52670,-0.05889999999999773
14-12-2022,17.58560,0.02710000000000079
13-12-2022,17.55850,0.038999999999997925
12-12-2022,17.51950,0.008100000000002439
09-12-2022,17.51140,-0.02050000000000196
08-12-2022,17.53190,0.03089999999999904
07-12-2022,17.50100,-0.010699999999999932
06-12-2022,17.51170,-0.0326999999999984
05-12-2022,17.54440,0.014599999999997948
02-12-2022,17.52980,-0.016199999999997772
01-12-2022,17.54600,0.036300000000000665
30-11-2022,17.50970,0.04100000000000037
29-11-2022,17.46870,0.0012999999999969702
28-11-2022,17.46740,0.03669999999999973
25-11-2022,17.43070,0.003600000000002268
24-11-2022,17.42710,0.049399999999998556
23-11-2022,17.37770,0.01640000000000086
22-11-2022,17.36130,0.030100000000000904
21-11-2022,17.33120,-0.02120000000000033
18-11-2022,17.35240,-0.012800000000002143
17-11-2022,17.36520,-0.009299999999999642
16-11-2022,17.37450,0.007699999999999818
15-11-2022,17.36680,0.03059999999999974
14-11-2022,17.33620,-0.007799999999999585
11-11-2022,17.34400,0.05349999999999966
10-11-2022,17.29050,-0.0073999999999969646
09-11-2022,17.29790,0.015799999999998704
07-11-2022,17.28210,0.033500000000000085
04-11-2022,17.24860,-0.00019999999999953388
03-11-2022,17.24880,-0.017199999999998994
02-11-2022,17.26600,-0.008500000000001506
01-11-2022,17.27450,0.03569999999999851
31-10-2022,17.23880,0.0409000000000006
28-10-2022,17.19790,-0.010699999999999932
27-10-2022,17.20860,0.018499999999999517
25-10-2022,17.19010,0.08109999999999928
21-10-2022,17.10900,0.008200000000002206
20-10-2022,17.10080,-0.003700000000002035
19-10-2022,17.10450,-0.008999999999996788
18-10-2022,17.11350,0.040399999999998215
17-10-2022,17.07310,0.04340000000000188
14-10-2022,17.02970,0.03049999999999997
13-10-2022,16.99920,-0.01990000000000336
12-10-2022,17.01910,0.03540000000000276
11-10-2022,16.98370,-0.03260000000000218
10-10-2022,17.01630,-0.030400000000000205
07-10-2022,17.04670,-0.0008999999999979025
06-10-2022,17.04760,-0.001300000000000523
04-10-2022,17.04890,0.12950000000000017
03-10-2022,16.91940,-0.04919999999999902
30-09-2022,16.96860,0.043899999999997164
29-09-2022,16.92470,-0.1634999999999991
28-09-2022,17.08820,-0.0326999999999984
27-09-2022,17.12090,0.019700000000000273
26-09-2022,17.10120,-0.0730000000000004
23-09-2022,17.17420,-0.10190000000000055
22-09-2022,17.27610,-0.05969999999999942
21-09-2022,17.33580,-0.007699999999999818
20-09-2022,17.34350,0.042099999999997806
19-09-2022,17.30140,0.009700000000002262
16-09-2022,17.29170,-0.08170000000000144
15-09-2022,17.37340,-0.051300000000001234
14-09-2022,17.42470,-0.017099999999999227
13-09-2022,17.44180,0.04200000000000159
12-09-2022,17.39980,0.018499999999999517
09-09-2022,17.38130,0.008399999999998187
08-09-2022,17.37290,0.06440000000000268
07-09-2022,17.30850,0.0005999999999986017
06-09-2022,17.30790,0.027499999999999858
05-09-2022,17.28040,0.03920000000000101
02-09-2022,17.24120,0.0036999999999984823
01-09-2022,17.23750,-0.020699999999997942
30-08-2022,17.25820,0.10660000000000025
29-08-2022,17.15160,-0.05870000000000175
26-08-2022,17.21030,0.03369999999999962
25-08-2022,17.17660,-0.01980000000000004
24-08-2022,17.19640,0.022800000000000153
23-08-2022,17.17360,0.02260000000000062
22-08-2022,17.15100,-0.06180000000000163
19-08-2022,17.21280,-0.034799999999997056
18-08-2022,17.24760,-0.0032000000000032003
17-08-2022,17.25080,0.08520000000000039
12-08-2022,17.16560,0.01150000000000162
11-08-2022,17.15410,0.05729999999999791
10-08-2022,17.09680,0.040800000000000836
08-08-2022,17.05600,0.016500000000000625
05-08-2022,17.03950,-0.053999999999998494
04-08-2022,17.09350,0.03469999999999729
03-08-2022,17.05880,-0.0017999999999993577
02-08-2022,17.06060,0.0069000000000016826
01-08-2022,17.05370,0.07489999999999952
29-07-2022,16.97880,0.04420000000000002
28-07-2022,16.93460,0.04169999999999874
27-07-2022,16.89290,0.03310000000000102
26-07-2022,16.85980,-0.035599999999998744
25-07-2022,16.89540,0.014399999999998414
22-07-2022,16.88100,0.04479999999999862
21-07-2022,16.83620,0.019400000000000972
20-07-2022,16.81680,0.028000000000002245
19-07-2022,16.78880,0.018499999999999517
18-07-2022,16.77030,0.052899999999997505
15-07-2022,16.71740,0.008200000000002206
14-07-2022,16.70920,-0.023500000000002075
13-07-2022,16.73270,0.022000000000002018
12-07-2022,16.71070,-0.00420000000000087
11-07-2022,16.71490,-0.005199999999998539
08-07-2022,16.72010,0.007999999999999119
07-07-2022,16.71210,-0.003700000000002035
06-07-2022,16.71580,0.06670000000000087
05-07-2022,16.64910,-0.00420000000000087
04-07-2022,16.65330,0.043300000000002115
01-07-2022,16.61000,-0.006299999999999528
30-06-2022,16.61630,0.008699999999997488
29-06-2022,16.60760,-9.999999999976694e-05
28-06-2022,16.60770,-0.014399999999998414
27-06-2022,16.62210,0.04540000000000077
24-06-2022,16.57670,0.022399999999997533
23-06-2022,16.55430,0.0259999999999998
22-06-2022,16.52830,-0.020299999999998875
21-06-2022,16.54860,0.05280000000000129
20-06-2022,16.49580,0.03669999999999973
17-06-2022,16.45910,0.0029000000000003467
16-06-2022,16.45620,-0.059499999999999886
15-06-2022,16.51570,-0.0017999999999993577
14-06-2022,16.51750,0.0023999999999979593
13-06-2022,16.51510,-0.08940000000000126
10-06-2022,16.60450,-0.04669999999999774
09-06-2022,16.65120,0.01950000000000074
08-06-2022,16.63170,0.00409999999999755
07-06-2022,16.62760,-0.04560000000000031
06-06-2022,16.67320,-0.008899999999997021
03-06-2022,16.68210,-0.02289999999999992
02-06-2022,16.70500,0.018599999999999284
01-06-2022,16.68640,-0.007799999999999585
31-05-2022,16.69420,-0.012100000000000222
30-05-2022,16.70630,0.04079999999999728
27-05-2022,16.66550,0.03730000000000189
26-05-2022,16.62820,0.03439999999999799
25-05-2022,16.59380,-0.011499999999998067
24-05-2022,16.60530,-0.010300000000000864
23-05-2022,16.61560,0.008900000000000574
20-05-2022,16.60670,0.08759999999999835
19-05-2022,16.51910,-0.07599999999999696
18-05-2022,16.59510,-0.004900000000002791
17-05-2022,16.60000,0.08560000000000301
13-05-2022,16.51440,-0.02850000000000108
12-05-2022,16.54290,-0.05290000000000106
11-05-2022,16.59580,0.00560000000000116
10-05-2022,16.59020,0.021699999999999164
09-05-2022,16.56850,-0.03310000000000102
06-05-2022,16.60160,-0.05699999999999861
05-05-2022,16.65860,-0.018299999999999983
04-05-2022,16.67690,-0.1661999999999999
02-05-2022,16.84310,-0.005400000000001626
29-04-2022,16.84850,-0.03399999999999892
28-04-2022,16.88250,0.0254000000000012
27-04-2022,16.85710,-0.038000000000000256
26-04-2022,16.89510,0.03859999999999886
25-04-2022,16.85650,-0.0018999999999991246
22-04-2022,16.85840,-0.04540000000000077
21-04-2022,16.90380,0.026700000000001722
20-04-2022,16.87710,0.027099999999997237
19-04-2022,16.85000,-0.01559999999999917
18-04-2022,16.86560,-0.025399999999997647
13-04-2022,16.89100,-0.020800000000001262
12-04-2022,16.91180,-0.017199999999998994
11-04-2022,16.92900,-0.021500000000003183
08-04-2022,16.95050,-0.04949999999999832
07-04-2022,17.00000,-0.011199999999998766
06-04-2022,17.01120,-0.016100000000001558
05-04-2022,17.02730,-0.015100000000000335
04-04-2022,17.04240,0.08650000000000091
31-03-2022,16.95590,-0.009900000000001796
30-03-2022,16.96580,0.038000000000000256
29-03-2022,16.92780,-0.11730000000000018
28-03-2022,17.04510,0.005300000000001859
25-03-2022,17.03980,-0.004000000000001336
24-03-2022,17.04380,-0.006599999999998829
23-03-2022,17.05040,-0.022800000000000153
22-03-2022,17.07320,0.02149999999999963
21-03-2022,17.05170,-0.03399999999999892
17-03-2022,17.08570,0.07119999999999749
16-03-2022,17.01450,0.05880000000000152
15-03-2022,16.95570,-0.020299999999998875
14-03-2022,16.97600,0.06319999999999837
11-03-2022,16.91280,-0.005199999999998539
10-03-2022,16.91800,0.07069999999999865
09-03-2022,16.84730,0.07980000000000231
08-03-2022,16.76750,0.038699999999998624
07-03-2022,16.72880,-0.11639999999999873
04-03-2022,16.84520,-0.047500000000002984
03-03-2022,16.89270,-0.0411999999999999
02-03-2022,16.93390,-0.0625
28-02-2022,16.99640,0.03240000000000265
25-02-2022,16.96400,0.09059999999999846
24-02-2022,16.87340,-0.15660000000000096
23-02-2022,17.03000,0.00980000000000203
22-02-2022,17.02020,-0.03950000000000031
21-02-2022,17.05970,-0.013799999999999812
18-02-2022,17.07350,-0.008800000000000807
17-02-2022,17.08230,-0.020199999999999108
16-02-2022,17.10250,-0.013999999999999346
15-02-2022,17.11650,0.07749999999999702
14-02-2022,17.03900,-0.0910999999999973
11-02-2022,17.13010,-0.03330000000000055
10-02-2022,17.16340,0.036999999999999034
09-02-2022,17.12640,0.04660000000000153
08-02-2022,17.07980,-0.023100000000003007
04-02-2022,17.10290,0.0015000000000000568
03-02-2022,17.10140,-0.030399999999996652
02-02-2022,17.13180,0.023399999999998755
01-02-2022,17.10840,0.030000000000001137
31-01-2022,17.07840,0.08459999999999823
28-01-2022,16.99380,-0.01559999999999917
27-01-2022,17.00940,-0.04970000000000141
25-01-2022,17.05910,0.01869999999999905
24-01-2022,17.04040,-0.09329999999999927
21-01-2022,17.13370,-0.04749999999999943
20-01-2022,17.18120,-0.012199999999999989
19-01-2022,17.19340,-0.025800000000000267
18-01-2022,17.21920,-0.03219999999999956
17-01-2022,17.25140,-0.015999999999998238
14-01-2022,17.26740,-0.0030000000000001137
13-01-2022,17.27040,0.01419999999999888
12-01-2022,17.25620,0.029299999999999216
11-01-2022,17.22690,0.016100000000001558
10-01-2022,17.21080,0.018200000000000216
07-01-2022,17.19260,0.011599999999997834
06-01-2022,17.18100,-0.028299999999997993
05-01-2022,17.20930,0.024399999999999977
04-01-2022,17.18490,0.00829999999999842
03-01-2022,17.17660,0.04840000000000089
31-12-2021,17.12820,0.03219999999999956
30-12-2021,17.09600,0.006799999999998363
29-12-2021,17.08920,-0.0018999999999991246
28-12-2021,17.09110,0.028900000000000148
27-12-2021,17.06220,0.03200000000000003
24-12-2021,17.03020,-0.01729999999999876
23-12-2021,17.04750,0.018499999999999517
22-12-2021,17.02900,0.04309999999999903
21-12-2021,16.98590,0.026900000000001256
20-12-2021,16.95900,-0.08259999999999934
17-12-2021,17.04160,-0.04299999999999926
16-12-2021,17.08460,-0.005300000000001859
15-12-2021,17.08990,-0.025200000000001666
14-12-2021,17.11510,0.008200000000002206
13-12-2021,17.10690,-0.006599999999998829
10-12-2021,17.11350,0.002799999999997027
09-12-2021,17.11070,0.009400000000002962
08-12-2021,17.10130,0.06609999999999872
07-12-2021,17.03520,0.03999999999999915
06-12-2021,16.99520,-0.04019999999999868
03-12-2021,17.03540,-0.01839999999999975
02-12-2021,17.05380,0.028199999999998226
01-12-2021,17.02560,0.021699999999999164
30-11-2021,17.00390,-0.0012999999999969702
29-11-2021,17.00520,-0.012000000000000455
26-11-2021,17.01720,-0.08340000000000103
25-11-2021,17.10060,0.010200000000001097
24-11-2021,17.09040,-0.012199999999999989
23-11-2021,17.10260,0.01869999999999905
22-11-2021,17.08390,-0.048799999999999955
18-11-2021,17.13270,-0.02779999999999916
17-11-2021,17.16050,-0.015000000000000568
16-11-2021,17.17550,-0.019200000000001438
15-11-2021,17.19470,0.002300000000001745
12-11-2021,17.19240,0.03020000000000067
11-11-2021,17.16220,-0.016500000000000625
10-11-2021,17.17870,-0.009299999999999642
09-11-2021,17.18800,0.009000000000000341
08-11-2021,17.17900,0.03500000000000014
03-11-2021,17.14400,-0.0009000000000014552
02-11-2021,17.14490,-0.0057000000000009265
01-11-2021,17.15060,0.05570000000000164
29-10-2021,17.09490,0.001200000000000756
28-10-2021,17.09370,-0.06350000000000122
27-10-2021,17.15720,-0.013999999999999346
26-10-2021,17.17120,0.007699999999999818
25-10-2021,17.16350,0.01529999999999987
21-10-2021,17.14820,-0.005500000000001393
20-10-2021,17.15370,-0.021399999999999864
18-10-2021,17.17510,0.018599999999999284
14-10-2021,17.15650,0.04240000000000066
13-10-2021,17.11410,0.0406000000000013
12-10-2021,17.07350,-0.0015000000000000568
11-10-2021,17.07500,0.009899999999998244
08-10-2021,17.06510,0.004300000000000637
07-10-2021,17.06080,0.04579999999999984
06-10-2021,17.01500,-0.03579999999999828
05-10-2021,17.05080,0.006399999999999295
04-10-2021,17.04440,0.023799999999997823
01-10-2021,17.02060,-0.018799999999998818
30-09-2021,17.03940,0.40530000000000044
29-09-2021,16.63410,0.010899999999999466
28-09-2021,16.62320,-0.18400000000000105
27-09-2021,16.80720,-0.027999999999998693
24-09-2021,16.83520,-0.019999999999999574
23-09-2021,16.85520,0.03760000000000119
22-09-2021,16.81760,0.6306999999999974
21-09-2021,16.18690,0.032099999999999795
20-09-2021,16.15480,-0.023299999999998988
17-09-2021,16.17810,-0.013999999999999346
16-09-2021,16.19210,0.029299999999999216
15-09-2021,16.16280,0.052600000000001756
14-09-2021,16.11020,0.0007999999999981355
13-09-2021,16.10940,0.0032999999999994145
09-09-2021,16.10610,0.015600000000002723
08-09-2021,16.09050,0.0035999999999987153
07-09-2021,16.08690,-0.025600000000000733
06-09-2021,16.11250,0.012399999999999523
03-09-2021,16.10010,0.011600000000001387
02-09-2021,16.08850,0.02319999999999922
01-09-2021,16.06530,-0.0031999999999996476
31-08-2021,16.06850,0.030799999999999272
30-08-2021,16.03770,0.04870000000000019
27-08-2021,15.98900,0.02490000000000059
26-08-2021,15.96410,0.015000000000000568
25-08-2021,15.94910,0.004899999999999238
24-08-2021,15.94420,0.018000000000000682
23-08-2021,15.92620,0.017300000000000537
20-08-2021,15.90890,-0.03690000000000104
18-08-2021,15.94580,-0.0038000000000000256
17-08-2021,15.94960,0.019099999999999895
13-08-2021,15.93050,0.037700000000000955
12-08-2021,15.89280,0.03730000000000011
11-08-2021,15.85550,-0.01130000000000031
10-08-2021,15.86680,-0.007699999999999818
09-08-2021,15.87450,9.999999999976694e-05
06-08-2021,15.87440,-0.029899999999999594
05-08-2021,15.90430,-0.000600000000000378
04-08-2021,15.90490,0.021699999999999164
03-08-2021,15.88320,0.04349999999999987
02-08-2021,15.83970,0.038600000000000634
30-07-2021,15.80110,0.000600000000000378
29-07-2021,15.80050,0.019199999999999662
28-07-2021,15.78130,-0.002200000000000202
27-07-2021,15.78350,-0.013799999999999812
26-07-2021,15.79730,0.012000000000000455
23-07-2021,15.78530,0.023899999999999366
22-07-2021,15.76140,0.0129999999999999
20-07-2021,15.74840,-0.03619999999999912
19-07-2021,15.78460,-0.01440000000000019
16-07-2021,15.79900,-0.0058000000000006935
15-07-2021,15.80480,0.03279999999999994
14-07-2021,15.77200,0.015399999999999636
13-07-2021,15.75660,0.03270000000000017
12-07-2021,15.72390,0.004900000000001015
09-07-2021,15.71900,-0.0030000000000001137
08-07-2021,15.72200,-0.022800000000000153
07-07-2021,15.74480,0.03730000000000011
06-07-2021,15.70750,-0.014800000000001035
05-07-2021,15.72230,0.02800000000000047
02-07-2021,15.69430,0.006899999999999906
01-07-2021,15.68740,0.0004000000000008441
30-06-2021,15.68700,-0.006099999999999994
29-06-2021,15.69310,-0.01410000000000089
28-06-2021,15.70720,0.002200000000000202
25-06-2021,15.70500,0.03020000000000067
24-06-2021,15.67480,0.039199999999999235
23-06-2021,15.63560,-0.017599999999999838
22-06-2021,15.65320,0.0016999999999995907
21-06-2021,15.65150,0.010400000000000631
18-06-2021,15.64110,-0.008399999999999963
17-06-2021,15.64950,0.00140000000000029
16-06-2021,15.64810,-0.03049999999999997
15-06-2021,15.67860,0.008099999999998886
14-06-2021,15.67050,0.004300000000000637
11-06-2021,15.66620,0.0052000000000003155
10-06-2021,15.66100,0.025299999999999656
09-06-2021,15.63570,-0.013999999999999346
08-06-2021,15.64970,0.013099999999999667
07-06-2021,15.63660,0.037499999999999645
04-06-2021,15.59910,-0.014200000000000657
03-06-2021,15.61330,0.027000000000001023
02-06-2021,15.58630,0.015900000000000247
01-06-2021,15.57040,-0.017800000000001148
31-05-2021,15.58820,0.02480000000000082
28-05-2021,15.56340,-9.999999999976694e-05
27-05-2021,15.56350,0.03289999999999971
25-05-2021,15.53060,0.01929999999999943
24-05-2021,15.51130,0.013199999999999434
21-05-2021,15.49810,0.05630000000000024
20-05-2021,15.44180,-0.018299999999999983
19-05-2021,15.46010,0.009199999999999875
18-05-2021,15.45090,0.04380000000000095
17-05-2021,15.40710,0.05119999999999969
14-05-2021,15.35590,-0.011799999999999145
12-05-2021,15.36770,-0.037700000000000955
11-05-2021,15.40540,-0.005799999999998917
10-05-2021,15.41120,0.034399999999999764
07-05-2021,15.37680,0.02099999999999902
06-05-2021,15.35580,0.009199999999999875
05-05-2021,15.34660,0.03589999999999982
04-05-2021,15.31070,-0.026799999999999713
03-05-2021,15.33750,0.02059999999999995
30-04-2021,15.31690,-0.04069999999999929
29-04-2021,15.35760,0.007600000000000051
28-04-2021,15.35000,0.03859999999999886
27-04-2021,15.31140,0.02990000000000137
26-04-2021,15.28150,0.045700000000000074
23-04-2021,15.23580,-0.011400000000000077
22-04-2021,15.24720,0.04479999999999862
20-04-2021,15.20240,-0.008099999999998886
19-04-2021,15.21050,-0.05010000000000048
16-04-2021,15.26060,0.018000000000000682
15-04-2021,15.24260,0.07179999999999964
12-04-2021,15.17080,-0.11350000000000016
09-04-2021,15.28430,-0.012299999999999756
08-04-2021,15.29660,0.023299999999998988
07-04-2021,15.27330,0.049900000000000944
06-04-2021,15.22340,0.004300000000000637
05-04-2021,15.21910,0.007499999999998508
31-03-2021,15.21160,-0.024799999999999045
30-03-2021,15.23640,0.055600000000000094
26-03-2021,15.18080,-0.25640000000000107
25-03-2021,15.43720,-0.03619999999999912
24-03-2021,15.47340,-0.05339999999999989
23-03-2021,15.52680,0.03389999999999915
22-03-2021,15.49290,-9.999999999976694e-05
19-03-2021,15.49300,0.035199999999999676
18-03-2021,15.45780,-0.03509999999999991
17-03-2021,15.49290,-0.042899999999999494
16-03-2021,15.53580,-0.016199999999999548
15-03-2021,15.55200,-0.027499999999999858
12-03-2021,15.57950,-0.024499999999999744
10-03-2021,15.60400,0.01839999999999975
09-03-2021,15.58560,0.010499999999998622
08-03-2021,15.57510,0.0146000000000015
05-03-2021,15.56050,-0.01810000000000045
04-03-2021,15.57860,-0.03710000000000058
03-03-2021,15.61570,0.05790000000000006
02-03-2021,15.55780,0.03930000000000078
01-03-2021,15.51850,0.028999999999999915
26-02-2021,15.48950,-0.10989999999999966
25-02-2021,15.59940,0.020799999999999486
24-02-2021,15.57860,0.06920000000000037
23-02-2021,15.50940,0.014099999999999113
22-02-2021,15.49530,-0.11749999999999972
18-02-2021,15.61280,-0.018000000000000682
17-02-2021,15.63080,-0.0024999999999995026
16-02-2021,15.63330,-0.016199999999999548
15-02-2021,15.64950,0.0539000000000005
12-02-2021,15.59560,0.009100000000000108
11-02-2021,15.58650,0.016399999999999082
10-02-2021,15.57010,-0.014799999999999258
09-02-2021,15.58490,0.009799999999998477
08-02-2021,15.57510,0.057800000000000296
05-02-2021,15.51730,-0.031200000000000117
04-02-2021,15.54850,0.018700000000000827
03-02-2021,15.52980,0.03509999999999991
02-02-2021,15.49470,0.08869999999999933
01-02-2021,15.40600,0.16389999999999993
29-01-2021,15.24210,-0.027499999999999858
28-01-2021,15.26960,-0.01440000000000019
27-01-2021,15.28400,-0.06189999999999962
25-01-2021,15.34590,-0.013199999999999434
22-01-2021,15.35910,-0.06390000000000029
21-01-2021,15.42300,-0.022299999999999542
20-01-2021,15.44530,0.02779999999999916
19-01-2021,15.41750,0.047399999999999665
18-01-2021,15.37010,-0.046899999999999054
15-01-2021,15.41700,-0.035199999999999676
14-01-2021,15.45220,0.0037000000000002586
13-01-2021,15.44850,0.01699999999999946
12-01-2021,15.43150,0.015699999999998937
11-01-2021,15.41580,0.021500000000001407
08-01-2021,15.39430,0.040099999999998914
07-01-2021,15.35420,0.011200000000000543
06-01-2021,15.34300,-0.005499999999999616
05-01-2021,15.34850,0.017999999999998906
04-01-2021,15.33050,0.04970000000000141
01-01-2021,15.28080,0.00709999999999944
31-12-2020,15.27370,-0.0016999999999995907
30-12-2020,15.27540,0.009499999999999176
29-12-2020,15.26590,0.021800000000000708
28-12-2020,15.24410,0.03849999999999909
24-12-2020,15.20560,0.04380000000000095
23-12-2020,15.16180,0.02859999999999907
22-12-2020,15.13320,0.03920000000000101
21-12-2020,15.09400,-0.10160000000000124
18-12-2020,15.19560,0.0058000000000006935
17-12-2020,15.18980,0.0010999999999992127
16-12-2020,15.18870,0.02200000000000024
15-12-2020,15.16670,-0.010299999999999088
14-12-2020,15.17700,0.02459999999999951
11-12-2020,15.15240,-0.002200000000000202
10-12-2020,15.15460,-0.0009999999999994458
09-12-2020,15.15560,0.03330000000000055
08-12-2020,15.12230,0.004699999999999704
07-12-2020,15.11760,0.027300000000000324
04-12-2020,15.09030,0.05159999999999876
03-12-2020,15.03870,-0.011699999999999378
02-12-2020,15.05040,0.000700000000000145
01-12-2020,15.04970,0.03059999999999974
27-11-2020,15.01910,-0.01580000000000048
26-11-2020,15.03490,0.03790000000000049
25-11-2020,14.99700,-0.04690000000000083
24-11-2020,15.04390,0.03980000000000139
23-11-2020,15.00410,-0.001300000000000523
20-11-2020,15.00540,0.02519999999999989
19-11-2020,14.98020,-0.04269999999999996
18-11-2020,15.02290,0.006800000000000139
17-11-2020,15.01610,0.03389999999999915
13-11-2020,14.98220,0.020500000000000185
12-11-2020,14.96170,-0.009100000000000108
11-11-2020,14.97080,0.03570000000000029
10-11-2020,14.93510,0.035400000000000986
09-11-2020,14.89970,0.06789999999999985
06-11-2020,14.83180,0.028699999999998838
05-11-2020,14.80310,0.0536000000000012
04-11-2020,14.74950,0.013399999999998968
03-11-2020,14.73610,0.04359999999999964
02-11-2020,14.69250,0.015300000000001646
29-10-2020,14.67720,-0.01810000000000045
28-10-2020,14.69530,-0.02490000000000059
27-10-2020,14.72020,0.02740000000000009
26-10-2020,14.69280,-0.02999999999999936
23-10-2020,14.72280,0.02059999999999995
22-10-2020,14.70220,-0.010699999999999932
21-10-2020,14.71290,0.013600000000000279
20-10-2020,14.69930,0.021699999999999164
19-10-2020,14.67760,0.04209999999999958
16-10-2020,14.63550,0.018299999999999983
15-10-2020,14.61720,-0.0625
14-10-2020,14.67970,0.024399999999999977
13-10-2020,14.65530,0.006000000000000227
12-10-2020,14.64930,-0.00039999999999906777
09-10-2020,14.64970,0.05339999999999989
08-10-2020,14.59630,0.021099999999998786
07-10-2020,14.57520,0.01529999999999987
06-10-2020,14.55990,0.03020000000000067
05-10-2020,14.52970,0.015399999999999636
01-10-2020,14.51430,0.048199999999999577
30-09-2020,14.46610,0.0
29-09-2020,14.46610,-0.01389999999999958
28-09-2020,14.48000,0.04610000000000092
25-09-2020,14.43390,-0.23850000000000016
24-09-2020,14.67240,-0.06310000000000038
23-09-2020,14.73550,-0.022700000000000387
22-09-2020,14.75820,-0.006099999999999994
21-09-2020,14.76430,-0.07559999999999967
18-09-2020,14.83990,0.002000000000000668
17-09-2020,14.83790,-0.025800000000000267
16-09-2020,14.86370,0.02459999999999951
15-09-2020,14.83910,0.01839999999999975
14-09-2020,14.82070,-0.012699999999998823
11-09-2020,14.83340,0.008899999999998798
10-09-2020,14.82450,0.030700000000001282
09-09-2020,14.79380,-0.016200000000001324
08-09-2020,14.81000,-0.02519999999999989
07-09-2020,14.83520,-0.012399999999999523
04-09-2020,14.84760,-0.056400000000000006
03-09-2020,14.90400,-0.009800000000000253
02-09-2020,14.91380,0.0257000000000005
01-09-2020,14.88810,0.06419999999999959
31-08-2020,14.82390,-0.03250000000000064
28-08-2020,14.85640,0.023900000000001143
27-08-2020,14.83250,-0.007500000000000284
26-08-2020,14.84000,0.002000000000000668
25-08-2020,14.83800,0.01279999999999859
24-08-2020,14.82520,0.0052000000000003155
21-08-2020,14.82000,-0.014499999999999957
20-08-2020,14.83450,-0.013199999999999434
19-08-2020,14.84770,0.005300000000000082
18-08-2020,14.84240,0.036599999999999966
17-08-2020,14.80580,0.0038999999999997925
14-08-2020,14.80190,-0.049300000000000566
13-08-2020,14.85120,0.01950000000000074
12-08-2020,14.83170,-0.01130000000000031
11-08-2020,14.84300,0.0030999999999998806
10-08-2020,14.83990,0.012000000000000455
07-08-2020,14.82790,-0.0039999999999995595
06-08-2020,14.83190,0.019899999999999807
05-08-2020,14.81200,0.009599999999998943
04-08-2020,14.80240,0.04160000000000075
03-08-2020,14.76080,-0.032999999999999474
31-07-2020,14.79380,0.029599999999998516
30-07-2020,14.76420,-0.02909999999999968
29-07-2020,14.79330,-0.011699999999999378
28-07-2020,14.80500,0.015000000000000568
27-07-2020,14.79000,-0.03750000000000142
24-07-2020,14.82750,-0.017799999999999372
23-07-2020,14.84530,0.022299999999999542
22-07-2020,14.82300,-0.013499999999998735
21-07-2020,14.83650,0.03449999999999953
20-07-2020,14.80200,0.04239999999999888
17-07-2020,14.75960,0.060600000000000875
16-07-2020,14.69900,0.035199999999999676
15-07-2020,14.66380,0.004799999999999471
14-07-2020,14.65900,-0.04099999999999859
13-07-2020,14.70000,0.01279999999999859
10-07-2020,14.68720,-0.005599999999999383
09-07-2020,14.69280,0.02170000000000094
08-07-2020,14.67110,-0.020200000000000884
07-07-2020,14.69130,0.029899999999999594
06-07-2020,14.66140,0.057500000000000995
03-07-2020,14.60390,0.04139999999999944
02-07-2020,14.56250,0.03020000000000067
01-07-2020,14.53230,0.04439999999999955
30-06-2020,14.48790,0.01529999999999987
29-06-2020,14.47260,-0.025800000000000267
26-06-2020,14.49840,0.03080000000000105
25-06-2020,14.46760,0.013399999999998968
24-06-2020,14.45420,-0.07809999999999917
23-06-2020,14.53230,0.07719999999999949
22-06-2020,14.45510,0.019899999999999807
19-06-2020,14.43520,0.08610000000000007
18-06-2020,14.34910,0.0683000000000007
17-06-2020,14.28080,0.017699999999999605
16-06-2020,14.26310,0.03950000000000031
15-06-2020,14.22360,-0.05500000000000149
12-06-2020,14.27860,0.03270000000000017
11-06-2020,14.24590,-0.055399999999998784
10-06-2020,14.30130,0.02319999999999922
09-06-2020,14.27810,-0.05310000000000059
08-06-2020,14.33120,0.006000000000000227
05-06-2020,14.32520,0.07360000000000078
04-06-2020,14.25160,-0.0362000000000009
03-06-2020,14.28780,0.038200000000001566
02-06-2020,14.24960,0.039499999999998536
01-06-2020,14.21010,0.06720000000000148
29-05-2020,14.14290,0.029899999999999594
28-05-2020,14.11300,0.0782999999999987
27-05-2020,14.03470,0.08810000000000073
26-05-2020,13.94660,0.010699999999999932
22-05-2020,13.93590,-0.0016999999999995907
21-05-2020,13.93760,0.019999999999999574
20-05-2020,13.91760,0.07920000000000016
19-05-2020,13.83840,0.036300000000000665
18-05-2020,13.80210,-0.10970000000000013
15-05-2020,13.91180,0.0019999999999988916
14-05-2020,13.90980,-0.05089999999999861
13-05-2020,13.96070,0.07419999999999938
12-05-2020,13.88650,0.01440000000000019
11-05-2020,13.87210,-0.03599999999999959
08-05-2020,13.90810,-0.00990000000000002
06-05-2020,13.91800,0.056400000000000006
05-05-2020,13.86160,-0.015000000000000568
04-05-2020,13.87660,-0.1625999999999994
30-04-2020,14.03920,0.06329999999999991
29-04-2020,13.97590,0.03089999999999904
28-04-2020,13.94500,0.011200000000000543
27-04-2020,13.93380,0.0539000000000005
24-04-2020,13.87990,-0.10100000000000087
23-04-2020,13.98090,0.046499999999999986
22-04-2020,13.93440,0.0799000000000003
21-04-2020,13.85450,-0.07200000000000095
20-04-2020,13.92650,0.02990000000000137
17-04-2020,13.89660,0.14749999999999908
16-04-2020,13.74910,0.05109999999999992
15-04-2020,13.69800,-0.00590000000000046
13-04-2020,13.70390,-0.03939999999999877
09-04-2020,13.74330,0.09249999999999936
08-04-2020,13.65080,-0.0625
07-04-2020,13.71330,0.2522000000000002
03-04-2020,13.46110,-0.18410000000000082
31-03-2020,13.64520,0.14740000000000109
30-03-2020,13.49780,-0.08779999999999966
27-03-2020,13.58560,-0.01810000000000045
26-03-2020,13.60370,0.32540000000000013
24-03-2020,13.27830,0.03139999999999965
23-03-2020,13.24690,-0.44239999999999924
20-03-2020,13.68930,0.13679999999999914
19-03-2020,13.55250,-0.16939999999999955
18-03-2020,13.72190,-0.24910000000000032
17-03-2020,13.97100,-0.15230000000000032
16-03-2020,14.12330,-0.2507999999999999
13-03-2020,14.37410,0.047600000000000975
12-03-2020,14.32650,-0.3102999999999998
11-03-2020,14.63680,-0.0127000000000006
09-03-2020,14.64950,-0.15350000000000108
06-03-2020,14.80300,-0.06619999999999848
05-03-2020,14.86920,-0.00140000000000029
04-03-2020,14.87060,-0.027499999999999858
03-03-2020,14.89810,0.06519999999999904
02-03-2020,14.83290,-0.013700000000000045
28-02-2020,14.84660,-0.1097999999999999
27-02-2020,14.95640,-0.014599999999999724
26-02-2020,14.97100,0.010600000000000165
25-02-2020,14.96040,-0.014699999999999491
24-02-2020,14.97510,-0.04600000000000115
20-02-2020,15.02110,0.04049999999999976
18-02-2020,14.98060,-0.015399999999999636
17-02-2020,14.99600,-0.0129999999999999
14-02-2020,15.00900,-0.0038000000000000256
13-02-2020,15.01280,0.0010000000000012221
12-02-2020,15.01180,0.02779999999999916
11-02-2020,14.98400,0.006899999999999906
10-02-2020,14.97710,0.006899999999999906
07-02-2020,14.97020,0.03690000000000104
06-02-2020,14.93330,0.04139999999999944
05-02-2020,14.89190,0.032399999999999096
04-02-2020,14.85950,0.07620000000000005
03-02-2020,14.78330,-0.04069999999999929
31-01-2020,14.82400,-0.006299999999999528
30-01-2020,14.83030,-0.01750000000000007
29-01-2020,14.84780,0.010699999999999932
28-01-2020,14.83710,-0.02059999999999995
27-01-2020,14.85770,-0.01860000000000106
24-01-2020,14.87630,0.05480000000000018
23-01-2020,14.82150,0.0492000000000008
22-01-2020,14.77230,-0.0005000000000006111
21-01-2020,14.77280,-0.01699999999999946
20-01-2020,14.78980,-0.02430000000000021
17-01-2020,14.81410,-9.999999999976694e-05
16-01-2020,14.81420,0.017599999999999838
15-01-2020,14.79660,0.0038000000000000256
14-01-2020,14.79280,0.007199999999999207
13-01-2020,14.78560,0.007600000000000051
10-01-2020,14.77800,-0.0038000000000000256
09-01-2020,14.78180,0.06510000000000105
08-01-2020,14.71670,0.0030999999999998806
07-01-2020,14.71360,0.02639999999999887
06-01-2020,14.68720,-0.04929999999999879
03-01-2020,14.73650,-0.011100000000000776
02-01-2020,14.74760,0.02970000000000006
01-01-2020,14.71790,0.006000000000000227
31-12-2019,14.71190,-0.02069999999999972
30-12-2019,14.73260,-0.0016999999999995907
27-12-2019,14.73430,0.03979999999999961
26-12-2019,14.69450,-0.025500000000000966
24-12-2019,14.72000,-0.010399999999998855
23-12-2019,14.73040,-0.001700000000001367
20-12-2019,14.73210,0.027500000000001634
19-12-2019,14.70460,0.00709999999999944
18-12-2019,14.69750,0.014799999999999258
17-12-2019,14.68270,0.02000000000000135
16-12-2019,14.66270,-0.006000000000000227
13-12-2019,14.66870,0.022299999999999542
12-12-2019,14.64640,0.024100000000000676
11-12-2019,14.62230,0.0038999999999997925
10-12-2019,14.61840,-0.00990000000000002
09-12-2019,14.62830,-0.0015999999999998238
06-12-2019,14.62990,-0.019300000000001205
05-12-2019,14.64920,-0.03989999999999938
04-12-2019,14.68910,0.014099999999999113
03-12-2019,14.67500,-0.016299999999999315
02-12-2019,14.69130,0.007600000000000051
29-11-2019,14.68370,-0.011400000000000077
28-11-2019,14.69510,0.02909999999999968
27-11-2019,14.66600,0.004900000000001015
26-11-2019,14.66110,0.006999999999999673
25-11-2019,14.65410,0.04330000000000034
22-11-2019,14.61080,-0.009300000000001418
21-11-2019,14.62010,0.031200000000000117
20-11-2019,14.58890,0.02170000000000094
19-11-2019,14.56720,0.010399999999998855
18-11-2019,14.55680,-0.0033999999999991815
15-11-2019,14.56020,0.019199999999999662
14-11-2019,14.54100,0.026900000000001256
13-11-2019,14.51410,-0.011900000000000688
11-11-2019,14.52600,0.0127000000000006
08-11-2019,14.51330,-0.014000000000001123
07-11-2019,14.52730,0.009199999999999875
06-11-2019,14.51810,0.019999999999999574
05-11-2019,14.49810,-0.014699999999999491
04-11-2019,14.51280,0.002600000000001046
01-11-2019,14.51020,0.01249999999999929
31-10-2019,14.49770,-0.011499999999999844
30-10-2019,14.50920,0.0259999999999998
29-10-2019,14.48320,0.0600000000000005
25-10-2019,14.42320,0.010899999999999466
24-10-2019,14.41230,0.012800000000000367
23-10-2019,14.39950,0.010999999999999233
22-10-2019,14.38850,0.05250000000000021
18-10-2019,14.33600,0.040599999999999525
17-10-2019,14.29540,0.039100000000001245
16-10-2019,14.25630,0.018599999999999284
15-10-2019,14.23770,0.03200000000000003
14-10-2019,14.20570,0.023200000000000998
11-10-2019,14.18250,0.01789999999999914
10-10-2019,14.16460,-0.034000000000000696
09-10-2019,14.19860,0.07440000000000069
07-10-2019,14.12420,-0.0015000000000000568
04-10-2019,14.12570,-0.06119999999999948
03-10-2019,14.18690,-0.001300000000000523
01-10-2019,14.18820,-0.03389999999999915
30-09-2019,14.22210,-0.02000000000000135
27-09-2019,14.24210,-0.0007999999999999119
26-09-2019,14.24290,0.0602999999999998
25-09-2019,14.18260,-0.045999999999999375
24-09-2019,14.22860,-0.0343
23-09-2019,14.26290,0.1296999999999997
20-09-2019,14.13320,0.19570000000000043
19-09-2019,13.93750,-0.034900000000000375
18-09-2019,13.97240,0.02620000000000111
17-09-2019,13.94620,-0.060300000000001575
16-09-2019,14.00650,-0.01839999999999975
13-09-2019,14.02490,0.04659999999999975
12-09-2019,13.97830,-0.007499999999998508
11-09-2019,13.98580,-0.009100000000000108
09-09-2019,13.99490,0.018899999999998585
06-09-2019,13.97600,0.03570000000000029
05-09-2019,13.94030,-0.009299999999999642
04-09-2019,13.94960,0.017100000000001003
03-09-2019,13.93250,-0.06610000000000049
30-08-2019,13.99860,0.016799999999999926
29-08-2019,13.98180,-0.037499999999999645
28-08-2019,14.01930,-0.017400000000000304
27-08-2019,14.03670,0.031800000000000495
26-08-2019,14.00490,0.0843999999999987
23-08-2019,13.92050,0.014599999999999724
22-08-2019,13.90590,-0.03979999999999961
21-08-2019,13.94570,-0.0015999999999998238
20-08-2019,13.94730,-0.017099999999999227
19-08-2019,13.96440,0.019399999999999196
16-08-2019,13.94500,-0.33360000000000056
14-08-2019,14.27860,0.01950000000000074
13-08-2019,14.25910,-0.029799999999999827
09-08-2019,14.28890,0.015200000000000102
08-08-2019,14.27370,0.05719999999999992
07-08-2019,14.21650,-0.001900000000000901
06-08-2019,14.21840,0.04460000000000086
05-08-2019,14.17380,-0.050700000000000855
02-08-2019,14.22450,0.01770000000000138
01-08-2019,14.20680,-0.034000000000000696
31-07-2019,14.24080,0.006399999999999295
30-07-2019,14.23440,-0.026199999999999335
29-07-2019,14.26060,0.014499999999999957
26-07-2019,14.24610,0.028700000000000614
25-07-2019,14.21740,0.0037000000000002586
24-07-2019,14.21370,0.0002999999999993008
23-07-2019,14.21340,-9.999999999976694e-05
22-07-2019,14.21350,-0.03560000000000052
19-07-2019,14.24910,-0.03249999999999886
18-07-2019,14.28160,-0.02680000000000149
17-07-2019,14.30840,-0.004999999999999005
16-07-2019,14.31340,0.023899999999999366
15-07-2019,14.28950,0.0036000000000004917
12-07-2019,14.28590,0.0235000000000003
11-07-2019,14.26240,0.010600000000000165
10-07-2019,14.25180,-0.007500000000000284
09-07-2019,14.25930,-0.011400000000000077
08-07-2019,14.27070,-0.040599999999999525
05-07-2019,14.31130,0.0021999999999984254
04-07-2019,14.30910,-0.0034999999999989484
03-07-2019,14.31260,0.013700000000000045
02-07-2019,14.29890,0.012299999999999756
01-07-2019,14.28660,0.01130000000000031
28-06-2019,14.27530,-0.006299999999999528
27-06-2019,14.28160,0.007600000000000051
26-06-2019,14.27400,0.023399999999998755
25-06-2019,14.25060,0.009299999999999642
24-06-2019,14.24130,0.002000000000000668
21-06-2019,14.23930,-0.009499999999999176
20-06-2019,14.24880,0.04919999999999902
19-06-2019,14.19960,0.002700000000000813
18-06-2019,14.19690,0.031599999999999184
17-06-2019,14.16530,-0.045700000000000074
14-06-2019,14.21100,-0.022700000000000387
13-06-2019,14.23370,0.009199999999999875
12-06-2019,14.22450,-0.012599999999999056
11-06-2019,14.23710,0.00849999999999973
10-06-2019,14.22860,0.007799999999999585
07-06-2019,14.22080,-0.01130000000000031
06-06-2019,14.23210,-0.034999999999998366
04-06-2019,14.26710,-0.8844000000000012
03-06-2019,15.15150,0.05220000000000091
31-05-2019,15.09930,0.0015999999999998238
30-05-2019,15.09770,0.033500000000000085
29-05-2019,15.06420,-0.029799999999999827
28-05-2019,15.09400,0.0031999999999996476
27-05-2019,15.09080,0.08009999999999984
24-05-2019,15.01070,0.0757999999999992
23-05-2019,14.93490,-0.0008999999999996788
22-05-2019,14.93580,0.006800000000000139
21-05-2019,14.92900,-0.03089999999999904
20-05-2019,14.95990,0.14059999999999917
17-05-2019,14.81930,0.055899999999999395
16-05-2019,14.76340,0.037700000000000955
15-05-2019,14.72570,-0.03149999999999942
14-05-2019,14.75720,0.03119999999999834
13-05-2019,14.72600,-0.04639999999999844
10-05-2019,14.77240,0.011699999999999378
09-05-2019,14.76070,-0.0051000000000005485
08-05-2019,14.76580,-0.028100000000000236
07-05-2019,14.79390,-0.04069999999999929
06-05-2019,14.83460,-0.017799999999999372
03-05-2019,14.85240,0.0037000000000002586
02-05-2019,14.84870,-0.016500000000000625
30-04-2019,14.86520,0.026799999999999713
26-04-2019,14.83840,0.04049999999999976
25-04-2019,14.79790,-0.024799999999999045
24-04-2019,14.82270,0.03909999999999947
23-04-2019,14.78360,-0.021300000000000097
22-04-2019,14.80490,-0.05439999999999934
18-04-2019,14.85930,-0.013800000000001589
16-04-2019,14.87310,0.035400000000000986
15-04-2019,14.83770,-0.00140000000000029
12-04-2019,14.83910,0.03219999999999956
11-04-2019,14.80690,-0.010699999999999932
10-04-2019,14.81760,-0.0015000000000000568
09-04-2019,14.81910,0.02660000000000018
08-04-2019,14.79250,-0.023099999999999454
05-04-2019,14.81560,0.0018999999999991246
04-04-2019,14.81370,-0.017999999999998906
03-04-2019,14.83170,-0.037200000000000344
02-04-2019,14.86890,0.03669999999999973
29-03-2019,14.83220,0.045700000000000074
28-03-2019,14.78650,0.027699999999999392
27-03-2019,14.75880,-0.2986999999999984
26-03-2019,15.05750,0.03549999999999898
25-03-2019,15.02200,-0.04309999999999903
22-03-2019,15.06510,-0.019099999999999895
20-03-2019,15.08420,-0.021000000000000796
19-03-2019,15.10520,0.02009999999999934
18-03-2019,15.08510,0.029600000000000293
15-03-2019,15.05550,0.019600000000000506
14-03-2019,15.03590,0.02260000000000062
13-03-2019,15.01330,-0.0038000000000000256
12-03-2019,15.01710,0.03810000000000002
11-03-2019,14.97900,0.06239999999999846
08-03-2019,14.91660,-0.0030999999999998806
07-03-2019,14.91970,0.02800000000000047
06-03-2019,14.89170,0.035400000000000986
05-03-2019,14.85630,0.07519999999999882
01-03-2019,14.78110,0.02829999999999977
28-02-2019,14.75280,0.00020000000000131024
27-02-2019,14.75260,0.01559999999999917
26-02-2019,14.73700,-0.020199999999999108
25-02-2019,14.75720,0.032099999999999795
22-02-2019,14.72510,0.011099999999999
21-02-2019,14.71400,0.028700000000000614
20-02-2019,14.68530,0.0649999999999995
18-02-2019,14.62030,-0.030199999999998894
15-02-2019,14.65050,-0.019900000000001583
14-02-2019,14.67040,-0.010599999999998388
13-02-2019,14.68100,0.006799999999998363
12-02-2019,14.67420,-0.028200000000000003
11-02-2019,14.70240,-0.06400000000000006
08-02-2019,14.76640,-0.019799999999998263
07-02-2019,14.78620,0.02719999999999878
06-02-2019,14.75900,0.028200000000000003
05-02-2019,14.73080,0.007500000000000284
04-02-2019,14.72330,-0.006700000000000372
01-02-2019,14.73000,-0.02639999999999887
31-01-2019,14.75640,0.023099999999999454
30-01-2019,14.73330,0.05030000000000001
29-01-2019,14.68300,-0.008900000000000574
28-01-2019,14.69190,-0.0367999999999995
25-01-2019,14.72870,-0.04150000000000098
24-01-2019,14.77020,0.005400000000001626
23-01-2019,14.76480,-0.00560000000000116
22-01-2019,14.77040,-0.013600000000000279
21-01-2019,14.78400,-0.008599999999999497
18-01-2019,14.79260,0.0015999999999998238
17-01-2019,14.79100,0.000700000000000145
16-01-2019,14.79030,-0.021699999999999164
15-01-2019,14.81200,0.023999999999999133
14-01-2019,14.78800,-0.004799999999999471
11-01-2019,14.79280,-0.004300000000000637
10-01-2019,14.79710,0.013799999999999812
09-01-2019,14.78330,0.009600000000000719
08-01-2019,14.77370,0.027200000000000557
07-01-2019,14.74650,0.02689999999999948
04-01-2019,14.71960,0.020899999999999253
03-01-2019,14.69870,-0.03190000000000026
02-01-2019,14.73060,-0.027499999999999858
01-01-2019,14.75810,-0.0018999999999991246
31-12-2018,14.76000,0.0257000000000005
28-12-2018,14.73430,0.03059999999999974
27-12-2018,14.70370,0.03420000000000023
26-12-2018,14.66950,0.018599999999999284
24-12-2018,14.65090,-0.0010999999999992127
21-12-2018,14.65200,-0.0600000000000005
20-12-2018,14.71200,-9.999999999976694e-05
19-12-2018,14.71210,0.04619999999999891
18-12-2018,14.66590,0.0063000000000013046
17-12-2018,14.65960,0.04800000000000004
14-12-2018,14.61160,0.0022999999999999687
13-12-2018,14.60930,0.01789999999999914
12-12-2018,14.59140,0.11090000000000089
11-12-2018,14.48050,0.053999999999998494
10-12-2018,14.42650,-0.07369999999999877
07-12-2018,14.50020,0.006199999999999761
06-12-2018,14.49400,-0.05250000000000021
05-12-2018,14.54650,-0.02210000000000001
04-12-2018,14.56860,-0.017799999999999372
03-12-2018,14.58640,0.017099999999999227
30-11-2018,14.56930,0.006199999999999761
29-11-2018,14.56310,0.02430000000000021
28-11-2018,14.53880,-0.005499999999999616
27-11-2018,14.54430,0.013099999999999667
26-11-2018,14.53120,0.024200000000000443
22-11-2018,14.50700,-0.025100000000000122
20-11-2018,14.53210,-0.029500000000000526
19-11-2018,14.56160,0.013099999999999667
16-11-2018,14.54850,0.011499999999999844
15-11-2018,14.53700,0.02430000000000021
14-11-2018,14.51270,0.001700000000001367
13-11-2018,14.51100,0.004699999999999704
12-11-2018,14.50630,-0.0003000000000010772
09-11-2018,14.50660,0.03750000000000142
06-11-2018,14.46910,-0.015900000000000247
05-11-2018,14.48500,0.032399999999999096
02-11-2018,14.45260,0.032099999999999795
01-11-2018,14.42050,0.024600000000001288
31-10-2018,14.39590,0.06709999999999994
30-10-2018,14.32880,0.014599999999999724
29-10-2018,14.31420,0.06569999999999965
26-10-2018,14.24850,0.0030000000000001137
25-10-2018,14.24550,-0.024700000000001054
24-10-2018,14.27020,0.011600000000001387
23-10-2018,14.25860,-0.03450000000000131
22-10-2018,14.29310,-0.030199999999998894
19-10-2018,14.32330,-0.00849999999999973
17-10-2018,14.33180,-0.05280000000000129
16-10-2018,14.38460,0.050200000000000244
15-10-2018,14.33440,0.026400000000000645
12-10-2018,14.30800,0.07249999999999979
11-10-2018,14.23550,-0.048500000000000654
10-10-2018,14.28400,0.09240000000000137
09-10-2018,14.19160,-0.03270000000000017
08-10-2018,14.22430,-0.018299999999999983
05-10-2018,14.24260,-0.045900000000001384
04-10-2018,14.28850,-0.0666999999999991
03-10-2018,14.35520,-0.02480000000000082
01-10-2018,14.38000,0.008600000000001273
28-09-2018,14.37140,-0.017599999999999838
27-09-2018,14.38900,-0.32089999999999996
26-09-2018,14.70990,0.02319999999999922
25-09-2018,14.68670,-0.0024999999999995026
24-09-2018,14.68920,-0.06530000000000058
21-09-2018,14.75450,-0.05000000000000071
19-09-2018,14.80450,-0.02039999999999864
18-09-2018,14.82490,-0.041999999999999815
17-09-2018,14.86690,-0.016500000000000625
14-09-2018,14.88340,0.035199999999999676
12-09-2018,14.84820,0.010600000000000165
11-09-2018,14.83760,-0.02059999999999995
10-09-2018,14.85820,-0.059499999999999886
07-09-2018,14.91770,0.022700000000000387
06-09-2018,14.89500,0.014699999999999491
05-09-2018,14.88030,-0.01890000000000036
04-09-2018,14.89920,-0.07789999999999964
03-09-2018,14.97710,-0.0032999999999994145
31-08-2018,14.98040,-0.008399999999999963
30-08-2018,14.98880,-0.018000000000000682
29-08-2018,15.00680,0.00140000000000029
28-08-2018,15.00540,-0.006800000000000139
27-08-2018,15.01220,0.04870000000000019
24-08-2018,14.96350,0.0034999999999989484
23-08-2018,14.96000,0.0051000000000005485
21-08-2018,14.95490,0.027499999999999858
20-08-2018,14.92740,0.047900000000000276
16-08-2018,14.87950,-0.006199999999999761
14-08-2018,14.88570,0.023600000000000065
13-08-2018,14.86210,-0.028499999999999304
10-08-2018,14.89060,-0.02340000000000053
09-08-2018,14.91400,0.013399999999998968
08-08-2018,14.90060,0.033200000000000784
07-08-2018,14.86740,-0.023099999999999454
06-08-2018,14.89050,0.03219999999999956
03-08-2018,14.85830,0.010899999999999466
02-08-2018,14.84740,0.022500000000000853
01-08-2018,14.82490,0.0602999999999998
31-07-2018,14.76460,-0.0036000000000004917
30-07-2018,14.76820,0.021300000000000097
27-07-2018,14.74690,0.00990000000000002
26-07-2018,14.73700,-0.01559999999999917
25-07-2018,14.75260,0.05129999999999946
24-07-2018,14.70130,0.05429999999999957
23-07-2018,14.64700,0.05370000000000097
20-07-2018,14.59330,-0.019000000000000128
19-07-2018,14.61230,-0.011499999999999844
18-07-2018,14.62380,-0.01529999999999987
17-07-2018,14.63910,0.029399999999998983
16-07-2018,14.60970,-0.05410000000000004
13-07-2018,14.66380,-0.018800000000000594
12-07-2018,14.68260,-0.004199999999999093
11-07-2018,14.68680,-0.018000000000000682
10-07-2018,14.70480,0.011700000000001154
09-07-2018,14.69310,0.02660000000000018
06-07-2018,14.66650,0.006699999999998596
05-07-2018,14.65980,-0.024499999999999744
04-07-2018,14.68430,-0.000600000000000378
03-07-2018,14.68490,0.01640000000000086
02-07-2018,14.66850,-0.006199999999999761
29-06-2018,14.67470,0.07979999999999876
28-06-2018,14.59490,-0.04349999999999987
27-06-2018,14.63840,-0.031099999999998573
26-06-2018,14.66950,-0.006899999999999906
25-06-2018,14.67640,-0.02519999999999989
22-06-2018,14.70160,-0.009400000000001185
21-06-2018,14.71100,-0.002100000000000435
20-06-2018,14.71310,-0.025100000000000122
19-06-2018,14.73820,-0.05329999999999835
18-06-2018,14.79150,0.010099999999999554
15-06-2018,14.78140,-0.013500000000000512
14-06-2018,14.79490,-0.0058000000000006935
13-06-2018,14.80070,-0.0031999999999996476
12-06-2018,14.80390,0.046499999999999986
11-06-2018,14.75740,0.007800000000001361
08-06-2018,14.74960,0.022599999999998843
07-06-2018,14.72700,0.02850000000000108
06-06-2018,14.69850,0.031299999999999883
05-06-2018,14.66720,-0.05900000000000105
04-06-2018,14.72620,-0.05109999999999992
01-06-2018,14.77730,-0.024399999999999977
31-05-2018,14.80170,-0.027599999999999625
30-05-2018,14.82930,-0.0025999999999992696
29-05-2018,14.83190,-0.007400000000000517
28-05-2018,14.83930,0.03769999999999918
25-05-2018,14.80160,0.06500000000000128
24-05-2018,14.73660,-0.013800000000001589
23-05-2018,14.75040,-0.017599999999999838
22-05-2018,14.76800,0.011400000000000077
21-05-2018,14.75660,-0.0688999999999993
18-05-2018,14.82550,-0.04330000000000034
17-05-2018,14.86880,0.05509999999999948
16-05-2018,14.81370,-0.013299999999999201
15-05-2018,14.82700,-0.05180000000000007
14-05-2018,14.87880,-0.02289999999999992
11-05-2018,14.90170,0.002100000000000435
10-05-2018,14.89960,-0.04470000000000063
09-05-2018,14.94430,-0.018000000000000682
08-05-2018,14.96230,0.009200000000001651
07-05-2018,14.95310,0.010999999999999233
04-05-2018,14.94210,0.0058000000000006935
03-05-2018,14.93630,0.012199999999999989
02-05-2018,14.92410,0.016899999999999693
27-04-2018,14.90720,0.00990000000000002
26-04-2018,14.89730,0.00039999999999906777
25-04-2018,14.89690,-0.040300000000000225
24-04-2018,14.93720,-0.009299999999999642
23-04-2018,14.94650,0.017599999999999838
20-04-2018,14.92890,-0.014099999999999113
19-04-2018,14.94300,0.016600000000000392
18-04-2018,14.92640,-0.020400000000000418
17-04-2018,14.94680,0.005499999999999616
16-04-2018,14.94130,0.01559999999999917
13-04-2018,14.92570,0.034600000000001074
12-04-2018,14.89110,-0.0007999999999999119
11-04-2018,14.89190,-0.020500000000000185
10-04-2018,14.91240,-0.02940000000000076
09-04-2018,14.94180,0.022199999999999775
06-04-2018,14.91960,0.018000000000000682
05-04-2018,14.90160,0.07179999999999964
04-04-2018,14.82980,-0.010499999999998622
03-04-2018,14.84030,0.07179999999999964
28-03-2018,14.76850,-0.30710000000000015
27-03-2018,15.07560,0.06639999999999979
26-03-2018,15.00920,0.04669999999999952
23-03-2018,14.96250,-0.028900000000000148
22-03-2018,14.99140,-0.0015000000000000568
21-03-2018,14.99290,0.010500000000000398
20-03-2018,14.98240,-0.002000000000000668
19-03-2018,14.98440,-0.04209999999999958
16-03-2018,15.02650,-0.0011999999999989797
15-03-2018,15.02770,0.005099999999998772
14-03-2018,15.02260,0.01770000000000138
13-03-2018,15.00490,0.040599999999999525
12-03-2018,14.96430,0.01839999999999975
09-03-2018,14.94590,-0.02120000000000033
08-03-2018,14.96710,0.021300000000000097
07-03-2018,14.94580,-0.022499999999999076
06-03-2018,14.96830,-0.026000000000001577
05-03-2018,14.99430,-0.026099999999999568
01-03-2018,15.02040,-0.006700000000000372
28-02-2018,15.02710,-0.005499999999999616
27-02-2018,15.03260,-0.009399999999999409
26-02-2018,15.04200,0.043400000000000105
23-02-2018,14.99860,0.05770000000000053
22-02-2018,14.94090,-0.05259999999999998
21-02-2018,14.99350,0.0031999999999996476
20-02-2018,14.99030,-0.05940000000000012
16-02-2018,15.04970,-0.053300000000000125
15-02-2018,15.10300,-0.02200000000000024
14-02-2018,15.12500,0.0051000000000005485
12-02-2018,15.11990,0.0472999999999999
09-02-2018,15.07260,-0.000600000000000378
08-02-2018,15.07320,0.06969999999999921
07-02-2018,15.00350,0.03359999999999985
06-02-2018,14.96990,-0.05519999999999925
05-02-2018,15.02510,0.008699999999999264
02-02-2018,15.01640,-0.12009999999999899
01-02-2018,15.13650,-0.013999999999999346
31-01-2018,15.15050,-0.013000000000001677
30-01-2018,15.16350,-0.039199999999999235
29-01-2018,15.20270,-0.0365000000000002
25-01-2018,15.23920,-0.043699999999999406
24-01-2018,15.28290,-0.002600000000001046
23-01-2018,15.28550,0.005500000000001393
22-01-2018,15.28000,0.03149999999999942
19-01-2018,15.24850,0.03689999999999927
18-01-2018,15.21160,-0.06729999999999947
17-01-2018,15.27890,0.025399999999999423
16-01-2018,15.25350,-0.1042999999999985
15-01-2018,15.35780,0.02319999999999922
12-01-2018,15.33460,-0.010600000000000165
11-01-2018,15.34520,0.00280000000000058
10-01-2018,15.34240,-0.015700000000000713
09-01-2018,15.35810,-0.025599999999998957
08-01-2018,15.38370,0.017799999999999372
05-01-2018,15.36590,0.03420000000000023
04-01-2018,15.33170,0.0045000000000001705
03-01-2018,15.32720,0.025900000000000034
02-01-2018,15.30130,-0.0035000000000007248
01-01-2018,15.30480,-0.00569999999999915
29-12-2017,15.31050,0.04299999999999926
28-12-2017,15.26750,0.009999999999999787
27-12-2017,15.25750,-0.006099999999999994
26-12-2017,15.26360,0.0064000000000010715
22-12-2017,15.25720,0.02809999999999846
21-12-2017,15.22910,0.054400000000001114
20-12-2017,15.17470,0.006099999999999994
19-12-2017,15.16860,0.05010000000000048
18-12-2017,15.11850,0.00829999999999842
15-12-2017,15.11020,0.02660000000000018
14-12-2017,15.08360,-0.008199999999998653
13-12-2017,15.09180,-0.02990000000000137
12-12-2017,15.12170,-0.04039999999999999
11-12-2017,15.16210,0.05280000000000129
08-12-2017,15.10930,0.0688999999999993
07-12-2017,15.04040,0.05959999999999965
06-12-2017,14.98080,-0.03309999999999924
05-12-2017,15.01390,-0.03110000000000035
04-12-2017,15.04500,-0.03700000000000081
30-11-2017,15.08200,0.0003000000000010772
29-11-2017,15.08170,-0.01980000000000004
28-11-2017,15.10150,0.012100000000000222
27-11-2017,15.08940,0.034699999999999065
24-11-2017,15.05470,0.04190000000000005
23-11-2017,15.01280,0.0411999999999999
22-11-2017,14.97160,0.009400000000001185
21-11-2017,14.96220,0.019099999999999895
20-11-2017,14.94310,0.06049999999999933
17-11-2017,14.88260,0.03570000000000029
16-11-2017,14.84690,0.020799999999999486
15-11-2017,14.82610,-0.061799999999999855
14-11-2017,14.88790,-0.04039999999999999
13-11-2017,14.92830,-0.010600000000000165
10-11-2017,14.93890,-0.01130000000000031
09-11-2017,14.95020,0.017599999999999838
08-11-2017,14.93260,-0.018099999999998673
07-11-2017,14.95070,-0.08190000000000097
06-11-2017,15.03260,-0.0015999999999998238
03-11-2017,15.03420,0.026300000000000878
02-11-2017,15.00790,-0.001100000000000989
01-11-2017,15.00900,-0.0016999999999995907
31-10-2017,15.01070,0.013700000000000045
30-10-2017,14.99700,0.04069999999999929
27-10-2017,14.95630,0.029600000000000293
26-10-2017,14.92670,0.006800000000000139
25-10-2017,14.91990,-0.026099999999999568
24-10-2017,14.94600,0.007899999999999352
23-10-2017,14.93810,0.02909999999999968
18-10-2017,14.90900,0.027499999999999858
17-10-2017,14.88150,0.002600000000001046
16-10-2017,14.87890,0.07230000000000025
13-10-2017,14.80660,0.018299999999999983
12-10-2017,14.78830,0.035599999999998744
11-10-2017,14.75270,-0.0013999999999985135
10-10-2017,14.75410,0.03939999999999877
09-10-2017,14.71470,-0.00990000000000002
06-10-2017,14.72460,0.027499999999999858
05-10-2017,14.69710,0.013300000000000978
04-10-2017,14.68380,-0.011400000000000077
03-10-2017,14.69520,0.012299999999999756
29-09-2017,14.68290,0.058400000000000674
28-09-2017,14.62450,0.0495000000000001
27-09-2017,14.57500,-0.027900000000000702
26-09-2017,14.60290,-0.013199999999999434
25-09-2017,14.61610,-0.031200000000000117
22-09-2017,14.64730,-0.4057000000000013
21-09-2017,15.05300,-0.04190000000000005
20-09-2017,15.09490,-0.0037999999999982492
19-09-2017,15.09870,0.012399999999999523
18-09-2017,15.08630,0.02120000000000033
15-09-2017,15.06510,0.039199999999999235
14-09-2017,15.02590,0.013700000000000045
13-09-2017,15.01220,-0.03999999999999915
12-09-2017,15.05220,0.026499999999998636
11-09-2017,15.02570,0.02260000000000062
08-09-2017,15.00310,0.007199999999999207
07-09-2017,14.99590,0.018700000000000827
06-09-2017,14.97720,0.009000000000000341
05-09-2017,14.96820,0.04579999999999984
04-09-2017,14.92240,-0.0257000000000005
01-09-2017,14.94810,0.03420000000000023
31-08-2017,14.91390,0.01929999999999943
30-08-2017,14.89460,0.030100000000000904
29-08-2017,14.86450,-0.03359999999999985
28-08-2017,14.89810,0.03730000000000011
24-08-2017,14.86080,0.0012999999999987466
23-08-2017,14.85950,0.021300000000000097
22-08-2017,14.83820,-0.026499999999998636
21-08-2017,14.86470,-0.018700000000000827
18-08-2017,14.88340,-0.00019999999999953388
16-08-2017,14.88360,0.0472999999999999
14-08-2017,14.83630,0.09859999999999935
11-08-2017,14.73770,-0.01419999999999888
10-08-2017,14.75190,-0.08900000000000041
09-08-2017,14.84090,-0.06799999999999962
08-08-2017,14.90890,-0.020700000000001495
07-08-2017,14.92960,0.024700000000001054
04-08-2017,14.90490,-0.010099999999999554
03-08-2017,14.91500,-0.015700000000000713
02-08-2017,14.93070,-0.012900000000000134
01-08-2017,14.94360,0.012199999999999989
31-07-2017,14.93140,-0.014599999999999724
28-07-2017,14.94600,0.006199999999999761
27-07-2017,14.93980,-0.007699999999999818
26-07-2017,14.94750,0.0038000000000000256
25-07-2017,14.94370,0.02919999999999945
24-07-2017,14.91450,-0.012100000000000222
21-07-2017,14.92660,-0.008699999999999264
20-07-2017,14.93530,0.011699999999999378
19-07-2017,14.92360,0.036599999999999966
18-07-2017,14.88700,-0.014799999999999258
17-07-2017,14.90180,0.004799999999999471
14-07-2017,14.89700,-0.07269999999999932
13-07-2017,14.96970,0.05630000000000024
12-07-2017,14.91340,0.08419999999999916
11-07-2017,14.82920,0.03330000000000055
10-07-2017,14.79590,0.08469999999999978
07-07-2017,14.71120,0.009299999999999642
06-07-2017,14.70190,0.0129999999999999
05-07-2017,14.68890,0.03310000000000102
04-07-2017,14.65580,0.010499999999998622
03-07-2017,14.64530,0.002600000000001046
30-06-2017,14.64270,0.053599999999999426
29-06-2017,14.58910,0.02090000000000103
28-06-2017,14.56820,0.019399999999999196
27-06-2017,14.54880,-0.0475999999999992
23-06-2017,14.59640,-0.04320000000000057
22-06-2017,14.63960,-0.04540000000000077
21-06-2017,14.68500,9.999999999976694e-05
20-06-2017,14.68490,0.007600000000000051
19-06-2017,14.67730,0.0022999999999999687
16-06-2017,14.67500,0.014800000000001035
15-06-2017,14.66020,0.0018999999999991246
14-06-2017,14.65830,-0.018499999999999517
13-06-2017,14.67680,0.0127000000000006
12-06-2017,14.66410,-0.00560000000000116
09-06-2017,14.66970,0.013400000000000745
08-06-2017,14.65630,0.04550000000000054
07-06-2017,14.61080,0.010999999999999233
06-06-2017,14.59980,-0.007600000000000051
05-06-2017,14.60740,0.022299999999999542
02-06-2017,14.58510,0.022400000000001086
01-06-2017,14.56270,0.03449999999999953
31-05-2017,14.52820,0.04899999999999949
30-05-2017,14.47920,0.02660000000000018
29-05-2017,14.45260,-0.012299999999999756
26-05-2017,14.46490,0.059499999999999886
25-05-2017,14.40540,0.051400000000001
24-05-2017,14.35400,-0.018299999999999983
23-05-2017,14.37230,-0.023200000000000998
22-05-2017,14.39550,-0.03219999999999956
19-05-2017,14.42770,-0.023699999999999832
18-05-2017,14.45140,-0.0597000000000012
17-05-2017,14.51110,-0.014999999999998792
16-05-2017,14.52610,0.010699999999999932
15-05-2017,14.51540,0.04490000000000016
12-05-2017,14.47050,-0.050700000000000855
11-05-2017,14.52120,0.0519999999999996
09-05-2017,14.46920,-0.004699999999999704
08-05-2017,14.47390,0.011000000000001009
05-05-2017,14.46290,-0.0384000000000011
04-05-2017,14.50130,0.00990000000000002
03-05-2017,14.49140,-0.024499999999999744
02-05-2017,14.51590,-0.004899999999999238
28-04-2017,14.52080,0.018799999999998818
27-04-2017,14.50200,-0.0025999999999992696
26-04-2017,14.50460,0.006999999999999673
25-04-2017,14.49760,0.021599999999999397
24-04-2017,14.47600,0.028200000000000003
21-04-2017,14.44780,-0.02359999999999829
20-04-2017,14.47140,0.05129999999999946
19-04-2017,14.42010,0.04860000000000042
18-04-2017,14.37150,0.0035999999999987153
17-04-2017,14.36790,0.03750000000000142
13-04-2017,14.33040,0.03739999999999988
12-04-2017,14.29300,0.0129999999999999
11-04-2017,14.28000,0.05269999999999975
10-04-2017,14.22730,0.04860000000000042
07-04-2017,14.17870,-0.01910000000000167
06-04-2017,14.19780,-0.017999999999998906
05-04-2017,14.21580,0.006499999999999062
03-04-2017,14.20930,0.020100000000001117
31-03-2017,14.18920,0.0010999999999992127
30-03-2017,14.18810,0.021000000000000796
29-03-2017,14.16710,-0.2528000000000006
27-03-2017,14.41990,0.023699999999999832
24-03-2017,14.39620,0.008599999999999497
23-03-2017,14.38760,0.011400000000000077
22-03-2017,14.37620,-0.013799999999999812
21-03-2017,14.39000,-0.004899999999999238
20-03-2017,14.39490,0.011799999999999145
17-03-2017,14.38310,-0.011699999999999378
16-03-2017,14.39480,0.04899999999999949
15-03-2017,14.34580,0.021300000000000097
14-03-2017,14.32450,0.03279999999999994
10-03-2017,14.29170,-0.02099999999999902
09-03-2017,14.31270,-0.02400000000000091
08-03-2017,14.33670,-0.028100000000000236
07-03-2017,14.36480,-0.014099999999999113
06-03-2017,14.37890,0.007799999999999585
03-03-2017,14.37110,0.0065000000000008384
02-03-2017,14.36460,-0.050700000000000855
01-03-2017,14.41530,-0.0016999999999995907
28-02-2017,14.41700,0.010099999999999554
27-02-2017,14.40690,0.0057000000000009265
23-02-2017,14.40120,-0.001700000000001367
22-02-2017,14.40290,-0.014699999999999491
20-02-2017,14.41760,0.01929999999999943
17-02-2017,14.39830,-0.006699999999998596
16-02-2017,14.40500,0.0367999999999995
15-02-2017,14.36820,-0.021100000000000563
14-02-2017,14.38930,-0.013999999999999346
13-02-2017,14.40330,-0.025600000000000733
10-02-2017,14.42890,0.013700000000000045
09-02-2017,14.41520,-0.012299999999999756
08-02-2017,14.42750,-0.08499999999999908
07-02-2017,14.51250,0.02179999999999893
06-02-2017,14.49070,0.03599999999999959
03-02-2017,14.45470,0.039100000000001245
02-02-2017,14.41560,0.0018999999999991246
01-02-2017,14.41370,0.04840000000000089
31-01-2017,14.36530,-0.02000000000000135
30-01-2017,14.38530,0.015100000000000335
27-01-2017,14.37020,0.0022999999999999687
25-01-2017,14.36790,0.01550000000000118
24-01-2017,14.35240,0.02200000000000024
23-01-2017,14.33040,0.011699999999999378
20-01-2017,14.31870,-0.023699999999999832
19-01-2017,14.34240,-0.0045000000000001705
18-01-2017,14.34690,0.03759999999999941
17-01-2017,14.30930,0.026500000000000412
16-01-2017,14.28280,0.0036000000000004917
13-01-2017,14.27920,-0.0005000000000006111
12-01-2017,14.27970,0.008699999999999264
11-01-2017,14.27100,0.03310000000000102
10-01-2017,14.23790,0.012399999999999523
09-01-2017,14.22550,-0.0023999999999997357
06-01-2017,14.22790,-0.013299999999999201
05-01-2017,14.24120,0.017699999999999605
04-01-2017,14.22350,0.01929999999999943
03-01-2017,14.20420,0.03829999999999956
02-01-2017,14.16590,0.058699999999999974
30-12-2016,14.10720,0.04470000000000063
29-12-2016,14.06250,0.04589999999999961
28-12-2016,14.01660,0.030400000000000205
27-12-2016,13.98620,0.019600000000000506
26-12-2016,13.96660,-0.05579999999999963
23-12-2016,14.02240,-0.008900000000000574
22-12-2016,14.03130,-0.05250000000000021
21-12-2016,14.08380,-0.0010999999999992127
20-12-2016,14.08490,-0.026000000000001577
19-12-2016,14.11090,-0.0030999999999998806
16-12-2016,14.11400,0.01640000000000086
15-12-2016,14.09760,-0.000600000000000378
14-12-2016,14.09820,-0.019899999999999807
13-12-2016,14.11810,-0.03020000000000067
09-12-2016,14.14830,0.013800000000001589
08-12-2016,14.13450,0.014699999999999491
07-12-2016,14.11980,-0.08169999999999966
06-12-2016,14.20150,0.022800000000000153
05-12-2016,14.17870,0.016899999999999693
02-12-2016,14.16180,-0.03690000000000104
01-12-2016,14.19870,-0.026999999999999247
30-11-2016,14.22570,0.05379999999999896
29-11-2016,14.17190,0.00140000000000029
28-11-2016,14.17050,9.999999999976694e-05
25-11-2016,14.17040,0.05760000000000076
24-11-2016,14.11280,0.0010999999999992127
23-11-2016,14.11170,0.02940000000000076
22-11-2016,14.08230,0.04379999999999917
21-11-2016,14.03850,-0.05799999999999983
18-11-2016,14.09650,-0.0022999999999999687
17-11-2016,14.09880,-0.015099999999998559
16-11-2016,14.11390,0.07089999999999996
15-11-2016,14.04300,-0.11530000000000129
11-11-2016,14.15830,-0.11939999999999884
10-11-2016,14.27770,0.07949999999999946
09-11-2016,14.19820,-0.03340000000000032
08-11-2016,14.23160,0.024100000000000676
07-11-2016,14.20750,0.0389999999999997
04-11-2016,14.16850,-0.059800000000000963
03-11-2016,14.22830,-0.030999999999998806
02-11-2016,14.25930,-0.0708000000000002
01-11-2016,14.33010,0.036999999999999034
28-10-2016,14.29310,0.019600000000000506
27-10-2016,14.27350,-0.031200000000000117
26-10-2016,14.30470,-0.017199999999998994
25-10-2016,14.32190,-0.01180000000000092
24-10-2016,14.33370,0.009600000000000719
21-10-2016,14.32410,0.025399999999999423
20-10-2016,14.29870,-0.013199999999999434
19-10-2016,14.31190,0.07249999999999979
18-10-2016,14.23940,0.02779999999999916
17-10-2016,14.21160,-0.01159999999999961
14-10-2016,14.22320,0.032300000000001106
13-10-2016,14.19090,-0.046200000000000685
10-10-2016,14.23710,0.02859999999999907
07-10-2016,14.20850,0.002200000000000202
06-10-2016,14.20630,0.02120000000000033
05-10-2016,14.18510,0.03190000000000026
04-10-2016,14.15320,0.05889999999999951
03-10-2016,14.09430,0.07779999999999987
30-09-2016,14.01650,0.06240000000000023
29-09-2016,13.95410,-0.09689999999999976
28-09-2016,14.05100,0.0470000000000006
27-09-2016,14.00400,0.013700000000000045
26-09-2016,13.99030,-0.29460000000000086
23-09-2016,14.28490,0.007400000000000517
22-09-2016,14.27750,0.0647000000000002
21-09-2016,14.21280,0.000600000000000378
20-09-2016,14.21220,-0.004000000000001336
19-09-2016,14.21620,0.004900000000001015
16-09-2016,14.21130,0.014999999999998792
15-09-2016,14.19630,0.002400000000001512
14-09-2016,14.19390,0.044599999999999085
12-09-2016,14.14930,-0.07729999999999926
09-09-2016,14.22660,-0.017800000000001148
08-09-2016,14.24440,0.033200000000000784
07-09-2016,14.21120,0.013999999999999346
06-09-2016,14.19720,0.0409000000000006
02-09-2016,14.15630,0.01440000000000019
01-09-2016,14.14190,-0.016899999999999693
31-08-2016,14.15880,0.08150000000000013
30-08-2016,14.07730,0.034699999999999065
29-08-2016,14.04260,-0.004899999999999238
26-08-2016,14.04750,0.006499999999999062
25-08-2016,14.04100,-0.0011999999999989797
24-08-2016,14.04220,0.023999999999999133
23-08-2016,14.01820,0.013799999999999812
22-08-2016,14.00440,0.007600000000000051
19-08-2016,13.99680,0.012399999999999523
18-08-2016,13.98440,0.06840000000000046
16-08-2016,13.91600,0.013600000000000279
12-08-2016,13.90240,0.02740000000000009
11-08-2016,13.87500,-0.006700000000000372
10-08-2016,13.88170,-0.010500000000000398
09-08-2016,13.89220,-0.0030000000000001137
08-08-2016,13.89520,0.009000000000000341
05-08-2016,13.88620,0.057000000000000384
04-08-2016,13.82920,0.0058000000000006935
03-08-2016,13.82340,-0.046700000000001296
02-08-2016,13.87010,-0.025399999999999423
01-08-2016,13.89550,0.02210000000000001
29-07-2016,13.87340,0.006700000000000372
28-07-2016,13.86670,0.05569999999999986
27-07-2016,13.81100,0.03449999999999953
26-07-2016,13.77650,0.022800000000000153
25-07-2016,13.75370,0.03599999999999959
22-07-2016,13.71770,0.036300000000000665
21-07-2016,13.68140,-0.021900000000000475
20-07-2016,13.70330,0.02490000000000059
19-07-2016,13.67840,0.0033999999999991815
18-07-2016,13.67500,0.002400000000001512
15-07-2016,13.67260,-0.016799999999999926
14-07-2016,13.68940,0.02319999999999922
13-07-2016,13.66620,-0.015100000000000335
12-07-2016,13.68130,0.0065000000000008384
11-07-2016,13.67480,0.04379999999999917
08-07-2016,13.63100,0.0035000000000007248
07-07-2016,13.62750,-0.014499999999999957
05-07-2016,13.64200,0.006699999999998596
04-07-2016,13.63530,0.057500000000000995
01-07-2016,13.57780,2.5836000000000006
31-10-2013,10.99420,0.012599999999999056
30-10-2013,10.98160,0.009000000000000341
29-10-2013,10.97260,0.06170000000000009
28-10-2013,10.91090,-0.022299999999999542
25-10-2013,10.93320,-0.0035000000000007248
24-10-2013,10.93670,0.0052000000000003155
23-10-2013,10.93150,-0.0051000000000005485
22-10-2013,10.93660,0.014599999999999724
21-10-2013,10.92200,0.0035000000000007248
18-10-2013,10.91850,0.025900000000000034
17-10-2013,10.89260,0.036599999999999966
15-10-2013,10.85600,-0.06799999999999962
14-10-2013,10.92400,-0.03980000000000139
11-10-2013,10.96380,-0.007899999999999352
10-10-2013,10.97170,0.014300000000000423
09-10-2013,10.95740,0.02800000000000047
08-10-2013,10.92940,0.0995999999999988
07-10-2013,10.82980,-0.0011999999999989797
04-10-2013,10.83100,0.03989999999999938
03-10-2013,10.79110,0.05969999999999942
01-10-2013,10.73140,0.03739999999999988
30-09-2013,10.69400,0.000700000000000145
27-09-2013,10.69330,-0.0045999999999999375
26-09-2013,10.69790,0.03950000000000031
25-09-2013,10.65840,0.0015000000000000568
24-09-2013,10.65690,-0.0007999999999999119
23-09-2013,10.65770,-0.10849999999999937
20-09-2013,10.76620,-0.13119999999999976
19-09-2013,10.89740,0.11899999999999977
18-09-2013,10.77840,0.06219999999999892
17-09-2013,10.71620,0.005300000000000082
16-09-2013,10.71090,0.024200000000000443
13-09-2013,10.68670,0.004400000000000404
12-09-2013,10.68230,-0.029300000000000992
11-09-2013,10.71160,0.02940000000000076
10-09-2013,10.68220,0.040300000000000225
06-09-2013,10.64190,-0.05269999999999975
05-09-2013,10.69460,0.027899999999998926
04-09-2013,10.66670,0.06370000000000076
03-09-2013,10.60300,-0.06520000000000081
02-09-2013,10.66820,0.09520000000000017
30-08-2013,10.57300,0.04640000000000022
29-08-2013,10.52660,0.10500000000000043
28-08-2013,10.42160,-0.10449999999999982
27-08-2013,10.52610,-0.17220000000000013
26-08-2013,10.69830,-0.018200000000000216
23-08-2013,10.71650,0.002000000000000668
22-08-2013,10.71450,0.06739999999999924
21-08-2013,10.64710,0.21160000000000068
20-08-2013,10.43550,0.10799999999999876
19-08-2013,10.32750,-0.15589999999999904
16-08-2013,10.48340,-0.15130000000000088
14-08-2013,10.63470,-0.02200000000000024
13-08-2013,10.65670,-0.034699999999999065
12-08-2013,10.69140,-0.07089999999999996
08-08-2013,10.76230,0.05269999999999975
07-08-2013,10.70960,-0.005300000000000082
06-08-2013,10.71490,-0.049099999999999255
05-08-2013,10.76400,0.019499999999998963
02-08-2013,10.74450,-0.08259999999999934
01-08-2013,10.82710,0.048199999999999577
31-07-2013,10.77890,-0.030699999999999505
30-07-2013,10.80960,-0.10740000000000016
29-07-2013,10.91700,0.00879999999999903
26-07-2013,10.90820,-0.0002999999999993008
25-07-2013,10.90850,0.09110000000000085
24-07-2013,10.81740,-0.13840000000000074
23-07-2013,10.95580,-0.05910000000000082
22-07-2013,11.01490,-0.07879999999999932
19-07-2013,11.09370,0.010699999999999932
18-07-2013,11.08300,0.020799999999999486
17-07-2013,11.06220,0.0051000000000005485
16-07-2013,11.05710,-0.25820000000000043
15-07-2013,11.31530,-0.0038999999999997925
12-07-2013,11.31920,-0.013700000000000045
11-07-2013,11.33290,0.03930000000000078
10-07-2013,11.29360,0.001300000000000523
09-07-2013,11.29230,0.026199999999999335
08-07-2013,11.26610,-0.019899999999999807
05-07-2013,11.28600,-0.010300000000000864
04-07-2013,11.29630,0.053000000000000824
03-07-2013,11.24330,-0.04190000000000005
02-07-2013,11.28520,0.03389999999999915
28-06-2013,11.25130,0.0965000000000007
27-06-2013,11.15480,0.021900000000000475
26-06-2013,11.13290,-0.04680000000000106
25-06-2013,11.17970,-0.0038999999999997925
24-06-2013,11.18360,-0.08479999999999954
21-06-2013,11.26840,-0.0257000000000005
20-06-2013,11.29410,-0.10270000000000046
19-06-2013,11.39680,0.017000000000001236
18-06-2013,11.37980,0.006099999999999994
17-06-2013,11.37370,0.031599999999999184
14-06-2013,11.34210,0.03200000000000003
13-06-2013,11.31010,-0.043400000000000105
12-06-2013,11.35350,-0.014099999999999113
11-06-2013,11.36760,-0.03950000000000031
10-06-2013,11.40710,-0.03420000000000023
07-06-2013,11.44130,-0.008599999999999497
06-06-2013,11.44990,0.008199999999998653
05-06-2013,11.44170,0.002700000000000813
04-06-2013,11.43900,0.02549999999999919
03-06-2013,11.41350,0.0037000000000002586
31-05-2013,11.40980,-0.05649999999999977
30-05-2013,11.46630,-0.012399999999999523
29-05-2013,11.47870,-0.6717999999999993
28-05-2013,12.15050,0.016799999999999926
27-05-2013,12.13370,0.04159999999999897
24-05-2013,12.09210,0.025299999999999656
23-05-2013,12.06680,-0.061299999999999244
22-05-2013,12.12810,-0.037499999999999645
21-05-2013,12.16560,-0.01890000000000036
20-05-2013,12.18450,0.027300000000000324
17-05-2013,12.15720,0.05320000000000036
16-05-2013,12.10400,0.018799999999998818
15-05-2013,12.08520,0.08670000000000044
14-05-2013,11.99850,0.020799999999999486
13-05-2013,11.97770,-0.05710000000000015
10-05-2013,12.03480,-0.0037000000000002586
09-05-2013,12.03850,0.016800000000001702
08-05-2013,12.02170,0.042299999999999116
07-05-2013,11.97940,0.057800000000000296
06-05-2013,11.92160,0.0365000000000002
03-05-2013,11.88510,-0.006700000000000372
02-05-2013,11.89180,0.07360000000000078
30-04-2013,11.81820,0.011799999999999145
29-04-2013,11.80640,0.023999999999999133
26-04-2013,11.78240,0.000700000000000145
25-04-2013,11.78170,0.012400000000001299
23-04-2013,11.76930,0.009299999999999642
22-04-2013,11.76000,0.05109999999999992
18-04-2013,11.70890,0.05030000000000001
17-04-2013,11.65860,0.016600000000000392
16-04-2013,11.64200,0.023299999999998988
15-04-2013,11.61870,0.04190000000000005
12-04-2013,11.57680,-0.0011999999999989797
10-04-2013,11.57800,-0.003300000000001191
09-04-2013,11.58130,-0.038399999999999324
08-04-2013,11.61970,0.009999999999999787
05-04-2013,11.60970,0.002000000000000668
04-04-2013,11.60770,-0.0688000000000013
03-04-2013,11.67650,-0.038399999999999324
02-04-2013,11.71490,0.08009999999999984
28-03-2013,11.63480,0.08549999999999969
26-03-2013,11.54930,0.00730000000000075
25-03-2013,11.54200,-0.007500000000000284
22-03-2013,11.54950,-0.02660000000000018
21-03-2013,11.57610,-0.01649999999999885
20-03-2013,11.59260,-0.07430000000000092
19-03-2013,11.66690,-0.03769999999999918
18-03-2013,11.70460,-0.011400000000000077
15-03-2013,11.71600,-0.016500000000000625
14-03-2013,11.73250,0.02069999999999972
13-03-2013,11.71180,-0.04069999999999929
12-03-2013,11.75250,-0.023800000000001376
11-03-2013,11.77630,0.02850000000000108
08-03-2013,11.74780,0.049999999999998934
07-03-2013,11.69780,0.02230000000000132
06-03-2013,11.67550,0.037799999999998946
05-03-2013,11.63770,0.05600000000000094
04-03-2013,11.58170,-0.03310000000000102
01-03-2013,11.61480,0.011499999999999844
28-02-2013,11.60330,-0.07269999999999932
27-02-2013,11.67600,0.03780000000000072
26-02-2013,11.63820,-0.06280000000000108
25-02-2013,11.70100,-0.007199999999999207
22-02-2013,11.70820,-0.015600000000000946
21-02-2013,11.72380,-0.06519999999999904
20-02-2013,11.78900,0.08179999999999943
18-02-2013,11.70720,0.027699999999999392
15-02-2013,11.67950,-0.0007999999999999119
14-02-2013,11.68030,-0.04659999999999975
13-02-2013,11.72690,0.002200000000000202
12-02-2013,11.72470,-0.01419999999999888
11-02-2013,11.73890,-0.0036000000000004917
08-02-2013,11.74250,-0.032300000000001106
07-02-2013,11.77480,-0.008699999999999264
06-02-2013,11.78350,-0.0015000000000000568
05-02-2013,11.78500,-0.024200000000000443
04-02-2013,11.80920,-0.04389999999999894
01-02-2013,11.85310,-0.006899999999999906
31-01-2013,11.86000,-0.0005000000000006111
30-01-2013,11.86050,-0.03509999999999991
29-01-2013,11.89560,-0.021100000000000563
28-01-2013,11.91670,0.05740000000000123
24-01-2013,11.85930,-0.08070000000000022
23-01-2013,11.94000,-0.04579999999999984
22-01-2013,11.98580,-0.03310000000000102
21-01-2013,12.01890,-0.00879999999999903
18-01-2013,12.02770,-0.015400000000001413
17-01-2013,12.04310,0.019000000000000128
16-01-2013,12.02410,-0.06819999999999915
15-01-2013,12.09230,0.006800000000000139
14-01-2013,12.08550,0.07099999999999973
11-01-2013,12.01450,-0.06140000000000079
10-01-2013,12.07590,0.0037000000000002586
09-01-2013,12.07220,0.009999999999999787
08-01-2013,12.06220,12.0622
07-01-2013,0.00000,0.0
04-01-2013,0.00000,0.0
03-01-2013,0.00000,
