date,nav,dayChange
19-06-2024,11.74490,0.0028999999999985704
18-06-2024,11.74200,0.008000000000000895
14-06-2024,11.73400,0.0018999999999991246
13-06-2024,11.73210,0.002700000000000813
12-06-2024,11.72940,0.0016999999999995907
11-06-2024,11.72770,0.0029000000000003467
10-06-2024,11.72480,0.00590000000000046
07-06-2024,11.71890,0.0018999999999991246
06-06-2024,11.71700,0.002700000000000813
05-06-2024,11.71430,0.002100000000000435
04-06-2024,11.71220,0.0013999999999985135
03-06-2024,11.71080,0.006700000000000372
31-05-2024,11.70410,0.001900000000000901
30-05-2024,11.70220,0.002200000000000202
29-05-2024,11.70000,0.0020999999999986585
28-05-2024,11.69790,0.001700000000001367
27-05-2024,11.69620,0.005599999999999383
24-05-2024,11.69060,0.004099999999999326
22-05-2024,11.68650,0.002100000000000435
21-05-2024,11.68440,0.010400000000000631
17-05-2024,11.67400,-9.999999999976694e-05
16-05-2024,11.67410,0.0016999999999995907
15-05-2024,11.67240,0.0018999999999991246
14-05-2024,11.67050,0.0022999999999999687
13-05-2024,11.66820,0.0063000000000013046
10-05-2024,11.66190,0.0015000000000000568
09-05-2024,11.66040,0.0020999999999986585
08-05-2024,11.65830,0.001700000000001367
07-05-2024,11.65660,0.0015000000000000568
06-05-2024,11.65510,0.006399999999999295
03-05-2024,11.64870,0.0016999999999995907
02-05-2024,11.64700,0.0045000000000001705
30-04-2024,11.64250,0.001900000000000901
29-04-2024,11.64060,0.005499999999999616
26-04-2024,11.63510,0.0015999999999998238
25-04-2024,11.63350,0.0010999999999992127
24-04-2024,11.63240,0.0015999999999998238
23-04-2024,11.63080,0.002100000000000435
22-04-2024,11.62870,0.006000000000000227
19-04-2024,11.62270,0.0015999999999998238
18-04-2024,11.62110,0.0035000000000007248
16-04-2024,11.61760,0.002200000000000202
15-04-2024,11.61540,0.006199999999999761
12-04-2024,11.60920,0.0038999999999997925
10-04-2024,11.60530,0.00429999999999886
08-04-2024,11.60100,0.00590000000000046
05-04-2024,11.59510,0.002600000000001046
04-04-2024,11.59250,0.0018999999999991246
03-04-2024,11.59060,0.0016999999999995907
02-04-2024,11.58890,0.007900000000001128
31-03-2024,11.58100,0.006099999999999994
28-03-2024,11.57490,0.004999999999999005
27-03-2024,11.56990,0.0023999999999997357
26-03-2024,11.56750,0.0071000000000012164
22-03-2024,11.56040,0.00140000000000029
21-03-2024,11.55900,0.0015000000000000568
20-03-2024,11.55750,0.0021999999999984254
19-03-2024,11.55530,0.002200000000000202
18-03-2024,11.55310,0.006099999999999994
15-03-2024,11.54700,0.001700000000001367
14-03-2024,11.54530,0.0017999999999993577
13-03-2024,11.54350,0.0017999999999993577
12-03-2024,11.54170,0.002600000000001046
11-03-2024,11.53910,0.00990000000000002
07-03-2024,11.52920,9.999999999976694e-05
06-03-2024,11.52910,0.0029000000000003467
05-03-2024,11.52620,0.0019999999999988916
04-03-2024,11.52420,0.0065000000000008384
01-03-2024,11.51770,0.0015999999999998238
29-02-2024,11.51610,0.0023999999999997357
28-02-2024,11.51370,0.002000000000000668
27-02-2024,11.51170,0.0022999999999999687
26-02-2024,11.50940,0.006299999999999528
23-02-2024,11.50310,0.0018999999999991246
22-02-2024,11.50120,0.002400000000001512
21-02-2024,11.49880,0.0017999999999993577
20-02-2024,11.49700,0.00849999999999973
16-02-2024,11.48850,0.001900000000000901
15-02-2024,11.48660,0.0022999999999999687
14-02-2024,11.48430,0.0020999999999986585
13-02-2024,11.48220,0.002600000000001046
12-02-2024,11.47960,0.005499999999999616
09-02-2024,11.47410,0.0016999999999995907
08-02-2024,11.47240,0.002000000000000668
07-02-2024,11.47040,0.0015000000000000568
06-02-2024,11.46890,0.002200000000000202
05-02-2024,11.46670,0.006499999999999062
02-02-2024,11.46020,0.002000000000000668
01-02-2024,11.45820,0.0024999999999995026
31-01-2024,11.45570,0.002100000000000435
30-01-2024,11.45360,0.002000000000000668
29-01-2024,11.45160,0.007599999999998275
25-01-2024,11.44400,0.001100000000000989
24-01-2024,11.44290,0.0015999999999998238
23-01-2024,11.44130,0.008100000000000662
19-01-2024,11.43320,0.0018999999999991246
18-01-2024,11.43130,0.0016999999999995907
17-01-2024,11.42960,0.00140000000000029
16-01-2024,11.42820,0.002100000000000435
15-01-2024,11.42610,0.00590000000000046
12-01-2024,11.42020,0.002200000000000202
11-01-2024,11.41800,0.0018999999999991246
10-01-2024,11.41610,0.001900000000000901
09-01-2024,11.41420,0.0019999999999988916
08-01-2024,11.41220,0.005499999999999616
05-01-2024,11.40670,0.002100000000000435
04-01-2024,11.40460,0.002000000000000668
03-01-2024,11.40260,0.002100000000000435
02-01-2024,11.40050,0.0022999999999999687
01-01-2024,11.39820,0.005999999999998451
29-12-2023,11.39220,0.0030000000000001137
28-12-2023,11.38920,0.002000000000000668
27-12-2023,11.38720,0.0018999999999991246
26-12-2023,11.38530,0.008100000000000662
22-12-2023,11.37720,0.001900000000000901
21-12-2023,11.37530,0.0021999999999984254
20-12-2023,11.37310,0.0016000000000016001
19-12-2023,11.37150,0.0022999999999999687
18-12-2023,11.36920,0.005499999999999616
15-12-2023,11.36370,0.002100000000000435
14-12-2023,11.36160,0.0021999999999984254
13-12-2023,11.35940,0.002000000000000668
12-12-2023,11.35740,0.0016999999999995907
11-12-2023,11.35570,0.00560000000000116
08-12-2023,11.35010,0.0018999999999991246
07-12-2023,11.34820,0.002000000000000668
06-12-2023,11.34620,0.0019999999999988916
05-12-2023,11.34420,0.001900000000000901
04-12-2023,11.34230,0.006399999999999295
01-12-2023,11.33590,0.001800000000001134
30-11-2023,11.33410,0.0017999999999993577
29-11-2023,11.33230,0.0015999999999998238
28-11-2023,11.33070,0.00730000000000075
24-11-2023,11.32340,0.0017999999999993577
23-11-2023,11.32160,0.001300000000000523
22-11-2023,11.32030,0.002100000000000435
21-11-2023,11.31820,0.0019999999999988916
20-11-2023,11.31620,0.006000000000000227
17-11-2023,11.31020,0.0022999999999999687
16-11-2023,11.30790,0.0016999999999995907
15-11-2023,11.30620,0.004100000000001103
13-11-2023,11.30210,0.00569999999999915
10-11-2023,11.29640,0.001900000000000901
09-11-2023,11.29450,0.0015999999999998238
08-11-2023,11.29290,0.0017999999999993577
07-11-2023,11.29110,0.002000000000000668
06-11-2023,11.28910,0.006099999999999994
03-11-2023,11.28300,0.0018999999999991246
02-11-2023,11.28110,0.002000000000000668
01-11-2023,11.27910,0.002100000000000435
31-10-2023,11.27700,0.0020999999999986585
30-10-2023,11.27490,0.005500000000001393
27-10-2023,11.26940,0.0022999999999999687
26-10-2023,11.26710,0.0018999999999991246
25-10-2023,11.26520,0.00420000000000087
23-10-2023,11.26100,0.005799999999998917
20-10-2023,11.25520,0.001900000000000901
19-10-2023,11.25330,0.0009999999999994458
18-10-2023,11.25230,0.002100000000000435
17-10-2023,11.25020,0.0015999999999998238
16-10-2023,11.24860,0.006099999999999994
13-10-2023,11.24250,0.0015999999999998238
12-10-2023,11.24090,0.002000000000000668
11-10-2023,11.23890,0.0012999999999987466
10-10-2023,11.23760,0.002200000000000202
09-10-2023,11.23540,0.0057000000000009265
06-10-2023,11.22970,0.0017999999999993577
05-10-2023,11.22790,0.00140000000000029
04-10-2023,11.22650,0.0022999999999999687
03-10-2023,11.22420,0.00820000000000043
29-09-2023,11.21600,0.005799999999998917
27-09-2023,11.21020,0.0015999999999998238
26-09-2023,11.20860,0.0008999999999996788
25-09-2023,11.20770,0.0057000000000009265
22-09-2023,11.20200,0.0022999999999999687
21-09-2023,11.19970,0.002200000000000202
20-09-2023,11.19750,0.0030000000000001137
18-09-2023,11.19450,0.00569999999999915
15-09-2023,11.18880,0.002200000000000202
14-09-2023,11.18660,0.001800000000001134
13-09-2023,11.18480,0.0022999999999999687
12-09-2023,11.18250,0.0016999999999995907
11-09-2023,11.18080,0.0045999999999999375
08-09-2023,11.17620,0.0018999999999991246
07-09-2023,11.17430,0.0015999999999998238
06-09-2023,11.17270,0.001700000000001367
05-09-2023,11.17100,0.0016999999999995907
04-09-2023,11.16930,0.07290000000000063
01-09-2023,11.09640,0.0022999999999999687
31-08-2023,11.09410,0.0015999999999998238
30-08-2023,11.09250,0.0023999999999997357
29-08-2023,11.09010,0.002100000000000435
28-08-2023,11.08800,0.005599999999999383
25-08-2023,11.08240,0.0018999999999991246
24-08-2023,11.08050,0.002000000000000668
23-08-2023,11.07850,0.0023999999999997357
22-08-2023,11.07610,0.0016999999999995907
21-08-2023,11.07440,0.005300000000000082
18-08-2023,11.06910,0.001700000000001367
17-08-2023,11.06740,0.005399999999999849
14-08-2023,11.06200,0.005300000000000082
11-08-2023,11.05670,0.0010999999999992127
10-08-2023,11.05560,0.0016999999999995907
09-08-2023,11.05390,0.001700000000001367
08-08-2023,11.05220,0.0017999999999993577
07-08-2023,11.05040,0.0051000000000005485
04-08-2023,11.04530,0.0020999999999986585
03-08-2023,11.04320,0.001100000000000989
02-08-2023,11.04210,0.0018999999999991246
01-08-2023,11.04020,0.002000000000000668
31-07-2023,11.03820,0.00569999999999915
28-07-2023,11.03250,0.0015000000000000568
27-07-2023,11.03100,0.002000000000000668
26-07-2023,11.02900,0.0017999999999993577
25-07-2023,11.02720,0.001700000000001367
24-07-2023,11.02550,0.005499999999999616
21-07-2023,11.02000,0.0017999999999993577
20-07-2023,11.01820,0.0015999999999998238
19-07-2023,11.01660,0.0016999999999995907
18-07-2023,11.01490,0.001900000000000901
17-07-2023,11.01300,0.0058000000000006935
14-07-2023,11.00720,0.0018999999999991246
13-07-2023,11.00530,0.002000000000000668
12-07-2023,11.00330,0.0020999999999986585
11-07-2023,11.00120,0.001800000000001134
10-07-2023,10.99940,0.005399999999999849
07-07-2023,10.99400,0.0017999999999993577
06-07-2023,10.99220,0.0015999999999998238
05-07-2023,10.99060,0.001800000000001134
04-07-2023,10.98880,0.002200000000000202
03-07-2023,10.98660,0.006199999999999761
30-06-2023,10.98040,0.0037000000000002586
28-06-2023,10.97670,0.0021999999999984254
27-06-2023,10.97450,0.00140000000000029
26-06-2023,10.97310,0.0051000000000005485
23-06-2023,10.96800,0.0017999999999993577
22-06-2023,10.96620,0.002000000000000668
21-06-2023,10.96420,0.002200000000000202
20-06-2023,10.96200,0.0015999999999998238
19-06-2023,10.96040,0.005499999999999616
16-06-2023,10.95490,0.002100000000000435
15-06-2023,10.95280,0.0017999999999993577
14-06-2023,10.95100,0.002000000000000668
13-06-2023,10.94900,0.002000000000000668
12-06-2023,10.94700,0.004999999999999005
09-06-2023,10.94200,0.0016999999999995907
08-06-2023,10.94030,0.001700000000001367
07-06-2023,10.93860,0.0015000000000000568
06-06-2023,10.93710,0.0015999999999998238
05-06-2023,10.93550,0.005999999999998451
02-06-2023,10.92950,0.002000000000000668
01-06-2023,10.92750,0.0022999999999999687
31-05-2023,10.92520,0.0016999999999995907
30-05-2023,10.92350,0.002100000000000435
29-05-2023,10.92140,0.0045000000000001705
26-05-2023,10.91690,0.0023999999999997357
25-05-2023,10.91450,0.001900000000000901
24-05-2023,10.91260,0.0011999999999989797
23-05-2023,10.91140,0.001300000000000523
22-05-2023,10.91010,0.00709999999999944
19-05-2023,10.90300,0.0016999999999995907
18-05-2023,10.90130,0.002400000000001512
17-05-2023,10.89890,0.0025999999999992696
16-05-2023,10.89630,0.0030000000000001137
15-05-2023,10.89330,0.0052000000000003155
12-05-2023,10.88810,0.002100000000000435
11-05-2023,10.88600,0.0017999999999993577
10-05-2023,10.88420,0.0016999999999995907
09-05-2023,10.88250,0.001300000000000523
08-05-2023,10.88120,0.008399999999999963
04-05-2023,10.87280,0.0015999999999998238
03-05-2023,10.87120,0.0017999999999993577
02-05-2023,10.86940,0.006800000000000139
28-04-2023,10.86260,0.0016999999999995907
27-04-2023,10.86090,0.0015000000000000568
26-04-2023,10.85940,0.00140000000000029
25-04-2023,10.85800,0.001700000000001367
24-04-2023,10.85630,0.005899999999998684
21-04-2023,10.85040,0.001800000000001134
20-04-2023,10.84860,0.0015999999999998238
19-04-2023,10.84700,0.0018999999999991246
18-04-2023,10.84510,0.0015000000000000568
17-04-2023,10.84360,0.007699999999999818
13-04-2023,10.83590,0.002000000000000668
12-04-2023,10.83390,0.00280000000000058
11-04-2023,10.83110,0.0022999999999999687
10-04-2023,10.82880,0.007799999999999585
06-04-2023,10.82100,0.004899999999999238
05-04-2023,10.81610,0.0031999999999996476
03-04-2023,10.81290,0.005400000000001626
31-03-2023,10.80750,0.00829999999999842
29-03-2023,10.79920,0.0057000000000009265
28-03-2023,10.79350,-0.0009999999999994458
27-03-2023,10.79450,0.0045000000000001705
24-03-2023,10.79000,0.0018999999999991246
23-03-2023,10.78810,0.0045999999999999375
21-03-2023,10.78350,0.0036000000000004917
20-03-2023,10.77990,0.006700000000000372
17-03-2023,10.77320,0.0017999999999993577
16-03-2023,10.77140,0.0017999999999993577
15-03-2023,10.76960,0.001300000000000523
14-03-2023,10.76830,0.0017999999999993577
13-03-2023,10.76650,0.007900000000001128
10-03-2023,10.75860,0.004099999999999326
09-03-2023,10.75450,0.002100000000000435
08-03-2023,10.75240,0.0025999999999992696
06-03-2023,10.74980,0.005399999999999849
03-03-2023,10.74440,0.001900000000000901
02-03-2023,10.74250,0.0007999999999999119
01-03-2023,10.74170,0.0015000000000000568
28-02-2023,10.74020,0.0011999999999989797
27-02-2023,10.73900,0.0045999999999999375
24-02-2023,10.73440,0.0010000000000012221
23-02-2023,10.73340,0.002100000000000435
22-02-2023,10.73130,0.0005999999999986017
21-02-2023,10.73070,0.0015999999999998238
20-02-2023,10.72910,0.005000000000000782
17-02-2023,10.72410,0.0016999999999995907
16-02-2023,10.72240,0.001900000000000901
15-02-2023,10.72050,0.0007999999999999119
14-02-2023,10.71970,0.0011999999999989797
13-02-2023,10.71850,0.0036000000000004917
10-02-2023,10.71490,0.0010999999999992127
09-02-2023,10.71380,-0.00039999999999906777
08-02-2023,10.71420,9.999999999976694e-05
07-02-2023,10.71410,0.0009999999999994458
06-02-2023,10.71310,0.00560000000000116
03-02-2023,10.70750,0.0010999999999992127
02-02-2023,10.70640,0.002100000000000435
01-02-2023,10.70430,0.00140000000000029
31-01-2023,10.70290,0.000700000000000145
30-01-2023,10.70220,0.004699999999999704
27-01-2023,10.69750,0.0026999999999990365
25-01-2023,10.69480,0.001100000000000989
24-01-2023,10.69370,0.0005000000000006111
23-01-2023,10.69320,0.005099999999998772
20-01-2023,10.68810,0.0015000000000000568
19-01-2023,10.68660,0.0016999999999995907
18-01-2023,10.68490,0.0015000000000000568
17-01-2023,10.68340,0.00140000000000029
16-01-2023,10.68200,0.0039999999999995595
13-01-2023,10.67800,0.0015000000000000568
12-01-2023,10.67650,0.003200000000001424
11-01-2023,10.67330,0.0023999999999997357
10-01-2023,10.67090,0.0015000000000000568
09-01-2023,10.66940,0.004099999999999326
06-01-2023,10.66530,0.0007999999999999119
05-01-2023,10.66450,0.00140000000000029
04-01-2023,10.66310,0.0015999999999998238
03-01-2023,10.66150,0.0016999999999995907
02-01-2023,10.65980,0.005399999999999849
30-12-2022,10.65440,0.0016000000000016001
29-12-2022,10.65280,0.0016999999999995907
28-12-2022,10.65110,0.0017999999999993577
27-12-2022,10.64930,0.002100000000000435
26-12-2022,10.64720,0.0052000000000003155
23-12-2022,10.64200,0.0012999999999987466
22-12-2022,10.64070,0.002200000000000202
21-12-2022,10.63850,0.001900000000000901
20-12-2022,10.63660,0.0015999999999998238
19-12-2022,10.63500,0.004699999999999704
16-12-2022,10.63030,0.001300000000000523
15-12-2022,10.62900,0.0015000000000000568
14-12-2022,10.62750,0.0015999999999998238
13-12-2022,10.62590,0.0019999999999988916
12-12-2022,10.62390,0.0051000000000005485
09-12-2022,10.61880,0.00140000000000029
08-12-2022,10.61740,0.0018999999999991246
07-12-2022,10.61550,0.0001000000000015433
06-12-2022,10.61540,0.0015000000000000568
05-12-2022,10.61390,0.005099999999998772
02-12-2022,10.60880,0.002100000000000435
01-12-2022,10.60670,0.0016999999999995907
30-11-2022,10.60500,0.002700000000000813
29-11-2022,10.60230,0.0015000000000000568
28-11-2022,10.60080,0.004999999999999005
25-11-2022,10.59580,0.001200000000000756
24-11-2022,10.59460,0.002000000000000668
23-11-2022,10.59260,0.0013999999999985135
22-11-2022,10.59120,0.001200000000000756
21-11-2022,10.59000,0.0051000000000005485
18-11-2022,10.58490,0.0015000000000000568
17-11-2022,10.58340,0.0027999999999988034
16-11-2022,10.58060,0.0029000000000003467
15-11-2022,10.57770,0.0022999999999999687
14-11-2022,10.57540,0.005000000000000782
11-11-2022,10.57040,0.0025999999999992696
10-11-2022,10.56780,0.00140000000000029
09-11-2022,10.56640,0.0030000000000001137
07-11-2022,10.56340,0.006000000000000227
04-11-2022,10.55740,0.0015000000000000568
03-11-2022,10.55590,0.0007999999999999119
02-11-2022,10.55510,0.0015000000000000568
01-11-2022,10.55360,0.0018999999999991246
31-10-2022,10.55170,0.005399999999999849
28-10-2022,10.54630,0.0003000000000010772
27-10-2022,10.54600,0.0028999999999985704
25-10-2022,10.54310,0.007900000000001128
21-10-2022,10.53520,0.00140000000000029
20-10-2022,10.53380,0.0010999999999992127
19-10-2022,10.53270,0.0
18-10-2022,10.53270,0.004900000000001015
17-10-2022,10.52780,0.004799999999999471
14-10-2022,10.52300,0.0017999999999993577
13-10-2022,10.52120,0.001900000000000901
12-10-2022,10.51930,0.0002999999999993008
11-10-2022,10.51900,-0.0005000000000006111
10-10-2022,10.51950,0.001900000000000901
07-10-2022,10.51760,0.0009999999999994458
06-10-2022,10.51660,0.0023999999999997357
04-10-2022,10.51420,0.002100000000000435
03-10-2022,10.51210,0.004300000000000637
30-09-2022,10.50780,0.0052000000000003155
29-09-2022,10.50260,0.0020999999999986585
28-09-2022,10.50050,0.003400000000000958
27-09-2022,10.49710,-0.0007999999999999119
26-09-2022,10.49790,0.0012999999999987466
23-09-2022,10.49660,0.0016000000000016001
22-09-2022,10.49500,0.0011999999999989797
21-09-2022,10.49380,-0.0016999999999995907
20-09-2022,10.49550,0.0008999999999996788
19-09-2022,10.49460,0.0045999999999999375
16-09-2022,10.49000,0.0015000000000000568
15-09-2022,10.48850,0.001100000000000989
14-09-2022,10.48740,0.0
13-09-2022,10.48740,0.0007999999999999119
12-09-2022,10.48660,0.0039999999999995595
09-09-2022,10.48260,0.0011999999999989797
08-09-2022,10.48140,0.002700000000000813
07-09-2022,10.47870,0.001300000000000523
06-09-2022,10.47740,0.0011999999999989797
05-09-2022,10.47620,0.0045000000000001705
02-09-2022,10.47170,0.001200000000000756
01-09-2022,10.47050,0.0032999999999994145
30-08-2022,10.46720,-0.0009999999999994458
29-08-2022,10.46820,0.00429999999999886
26-08-2022,10.46390,0.001100000000000989
25-08-2022,10.46280,0.0016999999999995907
24-08-2022,10.46110,0.00140000000000029
23-08-2022,10.45970,0.00140000000000029
22-08-2022,10.45830,0.004099999999999326
19-08-2022,10.45420,0.0009999999999994458
18-08-2022,10.45320,0.0010000000000012221
17-08-2022,10.45220,0.007899999999999352
12-08-2022,10.44430,0.0016999999999995907
11-08-2022,10.44260,0.0015999999999998238
10-08-2022,10.44100,0.00280000000000058
08-08-2022,10.43820,0.0030999999999998806
05-08-2022,10.43510,0.001300000000000523
04-08-2022,10.43380,0.0015999999999998238
03-08-2022,10.43220,0.00140000000000029
02-08-2022,10.43080,0.0031999999999996476
01-08-2022,10.42760,0.004699999999999704
29-07-2022,10.42290,0.0015000000000000568
28-07-2022,10.42140,0.002100000000000435
27-07-2022,10.41930,-0.001200000000000756
26-07-2022,10.42050,0.0003000000000010772
25-07-2022,10.42020,0.0038000000000000256
22-07-2022,10.41640,0.0011999999999989797
21-07-2022,10.41520,0.0015000000000000568
20-07-2022,10.41370,-9.999999999976694e-05
19-07-2022,10.41380,0.001300000000000523
18-07-2022,10.41250,0.0037000000000002586
15-07-2022,10.40880,0.0010999999999992127
14-07-2022,10.40770,0.0002999999999993008
13-07-2022,10.40740,0.001100000000000989
12-07-2022,10.40630,0.0010999999999992127
11-07-2022,10.40520,0.00280000000000058
08-07-2022,10.40240,0.0016999999999995907
07-07-2022,10.40070,0.001100000000000989
06-07-2022,10.39960,0.0016999999999995907
05-07-2022,10.39790,0.0015999999999998238
04-07-2022,10.39630,0.0039999999999995595
01-07-2022,10.39230,0.001200000000000756
30-06-2022,10.39110,0.002100000000000435
29-06-2022,10.38900,0.0013999999999985135
28-06-2022,10.38760,0.001200000000000756
27-06-2022,10.38640,0.0038999999999997925
24-06-2022,10.38250,0.00140000000000029
23-06-2022,10.38110,0.002200000000000202
22-06-2022,10.37890,0.0009999999999994458
21-06-2022,10.37790,0.001300000000000523
20-06-2022,10.37660,0.004199999999999093
17-06-2022,10.37240,0.001900000000000901
16-06-2022,10.37050,0.001300000000000523
15-06-2022,10.36920,9.999999999976694e-05
14-06-2022,10.36910,0.0015000000000000568
13-06-2022,10.36760,0.0030999999999998806
10-06-2022,10.36450,0.00039999999999906777
09-06-2022,10.36410,0.002700000000000813
08-06-2022,10.36140,0.004099999999999326
07-06-2022,10.35730,-0.000700000000000145
06-06-2022,10.35800,0.0030000000000001137
03-06-2022,10.35500,0.0004000000000008441
02-06-2022,10.35460,0.0011999999999989797
01-06-2022,10.35340,0.001100000000000989
31-05-2022,10.35230,0.0008999999999996788
30-05-2022,10.35140,0.0036000000000004917
27-05-2022,10.34780,0.0010999999999992127
26-05-2022,10.34670,0.0009999999999994458
25-05-2022,10.34570,0.0005000000000006111
24-05-2022,10.34520,0.00140000000000029
23-05-2022,10.34380,0.0038000000000000256
20-05-2022,10.34000,0.0008999999999996788
19-05-2022,10.33910,0.002200000000000202
18-05-2022,10.33690,0.0018999999999991246
17-05-2022,10.33500,0.004900000000001015
13-05-2022,10.33010,9.999999999976694e-05
12-05-2022,10.33000,0.0004000000000008441
11-05-2022,10.32960,-0.003300000000001191
10-05-2022,10.33290,0.0005000000000006111
09-05-2022,10.33240,0.0017999999999993577
06-05-2022,10.33060,-0.0024999999999995026
05-05-2022,10.33310,-0.004699999999999704
04-05-2022,10.33780,-0.010600000000000165
02-05-2022,10.34840,0.0036000000000004917
29-04-2022,10.34480,-0.0005000000000006111
28-04-2022,10.34530,0.0005000000000006111
27-04-2022,10.34480,0.00019999999999953388
26-04-2022,10.34460,0.0025999999999992696
25-04-2022,10.34200,0.0029000000000003467
22-04-2022,10.33910,0.001100000000000989
21-04-2022,10.33800,0.0019999999999988916
20-04-2022,10.33600,0.0015999999999998238
19-04-2022,10.33440,0.004400000000000404
18-04-2022,10.33000,0.00730000000000075
13-04-2022,10.32270,-0.002000000000000668
12-04-2022,10.32470,0.0010999999999992127
11-04-2022,10.32360,0.0016000000000016001
08-04-2022,10.32200,-0.004100000000001103
07-04-2022,10.32610,0.002000000000000668
06-04-2022,10.32410,9.999999999976694e-05
05-04-2022,10.32400,0.0007999999999999119
04-04-2022,10.32320,0.004799999999999471
31-03-2022,10.31840,0.002700000000000813
30-03-2022,10.31570,0.0016999999999995907
29-03-2022,10.31400,0.00140000000000029
28-03-2022,10.31260,0.0034999999999989484
25-03-2022,10.30910,0.001700000000001367
24-03-2022,10.30740,0.0019999999999988916
23-03-2022,10.30540,0.001800000000001134
22-03-2022,10.30360,9.999999999976694e-05
21-03-2022,10.30350,0.004699999999999704
17-03-2022,10.29880,0.000700000000000145
16-03-2022,10.29810,0.001300000000000523
15-03-2022,10.29680,0.0021999999999984254
14-03-2022,10.29460,0.003200000000001424
11-03-2022,10.29140,0.00140000000000029
10-03-2022,10.29000,0.0022999999999999687
09-03-2022,10.28770,0.0010999999999992127
08-03-2022,10.28660,-0.0015999999999998238
07-03-2022,10.28820,0.002000000000000668
04-03-2022,10.28620,0.00019999999999953388
03-03-2022,10.28600,0.0009999999999994458
02-03-2022,10.28500,0.00019999999999953388
28-02-2022,10.28480,0.003400000000000958
25-02-2022,10.28140,9.999999999976694e-05
24-02-2022,10.28130,0.001200000000000756
23-02-2022,10.28010,0.0007999999999999119
22-02-2022,10.27930,0.0007999999999999119
21-02-2022,10.27850,0.0028999999999985704
18-02-2022,10.27560,0.0003000000000010772
17-02-2022,10.27530,0.0017999999999993577
16-02-2022,10.27350,0.0016999999999995907
15-02-2022,10.27180,0.001100000000000989
14-02-2022,10.27070,0.0031999999999996476
11-02-2022,10.26750,0.000600000000000378
10-02-2022,10.26690,0.007600000000000051
09-02-2022,10.25930,-0.0015999999999998238
08-02-2022,10.26090,0.004199999999999093
04-02-2022,10.25670,0.001200000000000756
03-02-2022,10.25550,0.0017999999999993577
02-02-2022,10.25370,-0.004199999999999093
01-02-2022,10.25790,0.0007999999999999119
31-01-2022,10.25710,0.0024999999999995026
28-01-2022,10.25460,0.0015000000000000568
27-01-2022,10.25310,0.00019999999999953388
25-01-2022,10.25290,0.0003000000000010772
24-01-2022,10.25260,0.0025999999999992696
21-01-2022,10.25000,0.0009999999999994458
20-01-2022,10.24900,0.000600000000000378
19-01-2022,10.24840,-0.002000000000000668
18-01-2022,10.25040,0.001300000000000523
17-01-2022,10.24910,0.002100000000000435
14-01-2022,10.24700,0.0009999999999994458
13-01-2022,10.24600,0.001100000000000989
12-01-2022,10.24490,0.0009999999999994458
11-01-2022,10.24390,0.001200000000000756
10-01-2022,10.24270,0.0030000000000001137
07-01-2022,10.23970,0.0006999999999983686
06-01-2022,10.23900,0.002000000000000668
05-01-2022,10.23700,0.0
04-01-2022,10.23700,0.001200000000000756
03-01-2022,10.23580,0.0028999999999985704
31-12-2021,10.23290,0.0009000000000014552
30-12-2021,10.23200,0.0011999999999989797
29-12-2021,10.23080,0.001200000000000756
28-12-2021,10.22960,-0.00019999999999953388
27-12-2021,10.22980,0.0032999999999994145
24-12-2021,10.22650,0.0011999999999989797
23-12-2021,10.22530,0.0009000000000014552
22-12-2021,10.22440,-0.00020000000000131024
21-12-2021,10.22460,-0.00019999999999953388
20-12-2021,10.22480,0.001900000000000901
17-12-2021,10.22290,0.0013999999999985135
16-12-2021,10.22150,0.0003000000000010772
15-12-2021,10.22120,0.00039999999999906777
14-12-2021,10.22080,0.0007999999999999119
13-12-2021,10.22000,0.002700000000000813
10-12-2021,10.21730,0.0011999999999989797
09-12-2021,10.21610,0.0
08-12-2021,10.21610,0.003100000000001657
07-12-2021,10.21300,-0.00020000000000131024
06-12-2021,10.21320,0.002600000000001046
03-12-2021,10.21060,0.0007999999999999119
02-12-2021,10.20980,0.0009999999999994458
01-12-2021,10.20880,-0.0007999999999999119
30-11-2021,10.20960,0.001200000000000756
29-11-2021,10.20840,0.0022999999999999687
26-11-2021,10.20610,0.0012999999999987466
25-11-2021,10.20480,0.001300000000000523
24-11-2021,10.20350,-0.000700000000000145
23-11-2021,10.20420,0.0
22-11-2021,10.20420,0.0038000000000000256
18-11-2021,10.20040,0.001100000000000989
17-11-2021,10.19930,0.00039999999999906777
16-11-2021,10.19890,0.0017999999999993577
15-11-2021,10.19710,0.002100000000000435
12-11-2021,10.19500,0.001100000000000989
11-11-2021,10.19390,0.0009999999999994458
10-11-2021,10.19290,0.0007999999999999119
09-11-2021,10.19210,0.0017999999999993577
08-11-2021,10.19030,0.0051000000000005485
03-11-2021,10.18520,0.0015000000000000568
02-11-2021,10.18370,0.0015000000000000568
01-11-2021,10.18220,0.002100000000000435
29-10-2021,10.18010,0.0020999999999986585
28-10-2021,10.17800,-9.999999999976694e-05
27-10-2021,10.17810,0.0010000000000012221
26-10-2021,10.17710,-0.0015000000000000568
25-10-2021,10.17860,0.0025999999999992696
22-10-2021,10.17600,0.000600000000000378
21-10-2021,10.17540,0.001300000000000523
20-10-2021,10.17410,0.0
18-10-2021,10.17410,0.0024999999999995026
14-10-2021,10.17160,0.0008999999999996788
13-10-2021,10.17070,0.0002999999999993008
12-10-2021,10.17040,0.002700000000000813
11-10-2021,10.16770,0.005399999999999849
08-10-2021,10.16230,0.0015999999999998238
07-10-2021,10.16070,0.0007999999999999119
06-10-2021,10.15990,-0.0007999999999999119
05-10-2021,10.16070,0.0005000000000006111
04-10-2021,10.16020,0.0033999999999991815
01-10-2021,10.15680,0.0008999999999996788
30-09-2021,10.15590,0.001100000000000989
29-09-2021,10.15480,-0.0023999999999997357
28-09-2021,10.15720,0.0008999999999996788
27-09-2021,10.15630,0.002200000000000202
24-09-2021,10.15410,0.00019999999999953388
23-09-2021,10.15390,0.001100000000000989
22-09-2021,10.15280,9.999999999976694e-05
21-09-2021,10.15270,0.0005999999999986017
20-09-2021,10.15210,0.002400000000001512
17-09-2021,10.14970,0.0007999999999999119
16-09-2021,10.14890,0.0008999999999996788
15-09-2021,10.14800,0.0007999999999999119
14-09-2021,10.14720,0.0010999999999992127
13-09-2021,10.14610,0.0030999999999998806
09-09-2021,10.14300,0.000600000000000378
08-09-2021,10.14240,0.0005000000000006111
07-09-2021,10.14190,0.0008999999999996788
06-09-2021,10.14100,0.0024999999999995026
03-09-2021,10.13850,0.001100000000000989
02-09-2021,10.13740,0.0010999999999992127
01-09-2021,10.13630,0.00140000000000029
31-08-2021,10.13490,0.001300000000000523
30-08-2021,10.13360,0.0034999999999989484
27-08-2021,10.13010,0.0010000000000012221
26-08-2021,10.12910,0.0004999999999988347
25-08-2021,10.12860,0.001100000000000989
24-08-2021,10.12750,0.00140000000000029
23-08-2021,10.12610,0.0029999999999983373
20-08-2021,10.12310,0.002000000000000668
18-08-2021,10.12110,0.001200000000000756
17-08-2021,10.11990,0.00429999999999886
13-08-2021,10.11560,0.0015999999999998238
12-08-2021,10.11400,0.001300000000000523
11-08-2021,10.11270,0.001100000000000989
10-08-2021,10.11160,0.0011999999999989797
09-08-2021,10.11040,0.0030999999999998806
06-08-2021,10.10730,0.0003000000000010772
05-08-2021,10.10700,0.0009999999999994458
04-08-2021,10.10600,0.000700000000000145
03-08-2021,10.10530,0.0010999999999992127
02-08-2021,10.10420,0.0030999999999998806
30-07-2021,10.10110,0.0004000000000008441
29-07-2021,10.10070,0.0009999999999994458
28-07-2021,10.09970,0.0010000000000012221
27-07-2021,10.09870,0.0016999999999995907
26-07-2021,10.09700,0.0027999999999988034
23-07-2021,10.09420,0.000600000000000378
22-07-2021,10.09360,0.002200000000000202
20-07-2021,10.09140,0.0015999999999998238
19-07-2021,10.08980,0.0024999999999995026
16-07-2021,10.08730,0.001200000000000756
15-07-2021,10.08610,0.0010999999999992127
14-07-2021,10.08500,0.001100000000000989
13-07-2021,10.08390,0.0017999999999993577
12-07-2021,10.08210,0.0029000000000003467
09-07-2021,10.07920,0.000600000000000378
08-07-2021,10.07860,0.0015999999999998238
07-07-2021,10.07700,0.0015999999999998238
06-07-2021,10.07540,0.00019999999999953388
05-07-2021,10.07520,0.0038999999999997925
02-07-2021,10.07130,0.000700000000000145
01-07-2021,10.07060,0.003300000000001191
30-06-2021,10.06730,0.0007999999999999119
29-06-2021,10.06650,0.0010999999999992127
28-06-2021,10.06540,0.003300000000001191
25-06-2021,10.06210,-0.0005000000000006111
24-06-2021,10.06260,0.000700000000000145
23-06-2021,10.06190,0.0008999999999996788
22-06-2021,10.06100,-0.002100000000000435
21-06-2021,10.06310,0.002700000000000813
18-06-2021,10.06040,0.0010999999999992127
17-06-2021,10.05930,0.0003000000000010772
16-06-2021,10.05900,-0.0016000000000016001
15-06-2021,10.06060,0.0008000000000016882
14-06-2021,10.05980,0.0025999999999992696
11-06-2021,10.05720,0.001200000000000756
10-06-2021,10.05600,0.0008999999999996788
09-06-2021,10.05510,0.0009999999999994458
08-06-2021,10.05410,0.0009999999999994458
07-06-2021,10.05310,0.002600000000001046
04-06-2021,10.05050,0.0016999999999995907
03-06-2021,10.04880,0.000700000000000145
02-06-2021,10.04810,0.0005000000000006111
01-06-2021,10.04760,0.0006999999999983686
31-05-2021,10.04690,0.002700000000000813
28-05-2021,10.04420,0.0007999999999999119
27-05-2021,10.04340,0.0016999999999995907
25-05-2021,10.04170,0.0004000000000008441
24-05-2021,10.04130,0.0027999999999988034
21-05-2021,10.03850,0.001100000000000989
20-05-2021,10.03740,0.0008999999999996788
19-05-2021,10.03650,0.0004000000000008441
18-05-2021,10.03610,0.0013999999999985135
17-05-2021,10.03470,0.002700000000000813
14-05-2021,10.03200,0.002000000000000668
12-05-2021,10.03000,0.0010999999999992127
11-05-2021,10.02890,0.0004000000000008441
10-05-2021,10.02850,0.0022999999999999687
07-05-2021,10.02620,0.0009999999999994458
06-05-2021,10.02520,0.002100000000000435
05-05-2021,10.02310,0.0
04-05-2021,10.02310,0.0015000000000000568
03-05-2021,10.02160,0.0020999999999986585
30-04-2021,10.01950,0.0001000000000015433
29-04-2021,10.01940,0.0007999999999999119
28-04-2021,10.01860,0.0008999999999996788
27-04-2021,10.01770,0.0008999999999996788
26-04-2021,10.01680,0.0029000000000003467
23-04-2021,10.01390,0.0008999999999996788
22-04-2021,10.01300,0.0024999999999995026
20-04-2021,10.01050,0.001200000000000756
19-04-2021,10.00930,0.002100000000000435
16-04-2021,10.00720,0.0006999999999983686
15-04-2021,10.00650,0.0029000000000003467
12-04-2021,10.00360,0.002500000000001279
09-04-2021,10.00110,-0.0001000000000015433
08-04-2021,10.00120,0.001100000000000989
07-04-2021,10.00010,0.00019999999999953388
06-04-2021,9.99990,0.002000000000000668
05-04-2021,9.99790,0.004199999999999093
31-03-2021,9.99370,0.0010000000000012221
30-03-2021,9.99270,0.0030999999999998806
26-03-2021,9.98960,0.0016999999999995907
25-03-2021,9.98790,0.000600000000000378
24-03-2021,9.98730,0.0016999999999995907
23-03-2021,9.98560,0.0010999999999992127
22-03-2021,9.98450,0.002600000000001046
19-03-2021,9.98190,0.0008999999999996788
18-03-2021,9.98100,0.0008999999999996788
17-03-2021,9.98010,0.0008999999999996788
16-03-2021,9.97920,0.00020000000000131024
15-03-2021,9.97900,0.0022999999999999687
12-03-2021,9.97670,0.0019999999999988916
10-03-2021,9.97470,0.0003000000000010772
09-03-2021,9.97440,0.0015000000000000568
08-03-2021,9.97290,0.0023999999999997357
05-03-2021,9.97050,0.0004999999999988347
04-03-2021,9.97000,0.0010000000000012221
03-03-2021,9.96900,0.0008999999999996788
02-03-2021,9.96810,0.0005000000000006111
01-03-2021,9.96760,0.0030999999999998806
26-02-2021,9.96450,0.0004999999999988347
25-02-2021,9.96400,0.0015999999999998238
24-02-2021,9.96240,0.0015999999999998238
23-02-2021,9.96080,0.0003000000000010772
22-02-2021,9.96050,0.0045999999999999375
18-02-2021,9.95590,9.999999999976694e-05
17-02-2021,9.95580,0.002000000000000668
16-02-2021,9.95380,0.0005999999999986017
15-02-2021,9.95320,0.00280000000000058
12-02-2021,9.95040,-9.999999999976694e-05
11-02-2021,9.95050,0.0015000000000000568
10-02-2021,9.94900,0.0016999999999995907
09-02-2021,9.94730,0.0007999999999999119
08-02-2021,9.94650,0.002700000000000813
05-02-2021,9.94380,0.0012999999999987466
04-02-2021,9.94250,0.002100000000000435
03-02-2021,9.94040,9.999999999976694e-05
02-02-2021,9.94030,0.0005000000000006111
01-02-2021,9.93980,0.002100000000000435
29-01-2021,9.93770,0.0015000000000000568
28-01-2021,9.93620,9.999999999976694e-05
27-01-2021,9.93610,0.0004999999999988347
25-01-2021,9.93560,0.002400000000001512
22-01-2021,9.93320,0.0007999999999999119
21-01-2021,9.93240,0.000700000000000145
20-01-2021,9.93170,0.0004999999999988347
19-01-2021,9.93120,0.001100000000000989
18-01-2021,9.93010,0.0023999999999997357
15-01-2021,9.92770,0.00019999999999953388
14-01-2021,9.92750,0.0007999999999999119
13-01-2021,9.92670,0.00140000000000029
12-01-2021,9.92530,0.000700000000000145
11-01-2021,9.92460,9.999999999976694e-05
08-01-2021,9.92450,0.0008999999999996788
07-01-2021,9.92360,-0.00039999999999906777
06-01-2021,9.92400,0.0005999999999986017
05-01-2021,9.92340,0.001100000000000989
04-01-2021,9.92230,0.002100000000000435
01-01-2021,9.92020,0.0007999999999999119
31-12-2020,9.91940,0.0010999999999992127
30-12-2020,9.91830,0.00140000000000029
29-12-2020,9.91690,0.0010999999999992127
28-12-2020,9.91580,0.003300000000001191
24-12-2020,9.91250,0.000700000000000145
23-12-2020,9.91180,0.0009999999999994458
22-12-2020,9.91080,0.0010999999999992127
21-12-2020,9.90970,0.001800000000001134
18-12-2020,9.90790,0.0009999999999994458
17-12-2020,9.90690,0.001200000000000756
16-12-2020,9.90570,0.0004999999999988347
15-12-2020,9.90520,0.0004000000000008441
14-12-2020,9.90480,0.0025999999999992696
11-12-2020,9.90220,0.0008999999999996788
10-12-2020,9.90130,0.001900000000000901
09-12-2020,9.89940,0.0017999999999993577
08-12-2020,9.89760,-0.0016999999999995907
07-12-2020,9.89930,0.0029000000000003467
04-12-2020,9.89640,0.002000000000000668
03-12-2020,9.89440,-0.0005000000000006111
02-12-2020,9.89490,0.0007999999999999119
01-12-2020,9.89410,0.002100000000000435
27-11-2020,9.89200,-0.0008999999999996788
26-11-2020,9.89290,0.0035999999999987153
25-11-2020,9.88930,0.0010000000000012221
24-11-2020,9.88830,0.0005999999999986017
23-11-2020,9.88770,0.002500000000001279
20-11-2020,9.88520,-0.0009000000000014552
19-11-2020,9.88610,0.0036000000000004917
18-11-2020,9.88250,0.0015999999999998238
17-11-2020,9.88090,0.0030999999999998806
13-11-2020,9.87780,0.0003000000000010772
12-11-2020,9.87750,0.0012999999999987466
11-11-2020,9.87620,0.0010000000000012221
10-11-2020,9.87520,0.0015000000000000568
09-11-2020,9.87370,0.0033999999999991815
06-11-2020,9.87030,0.00019999999999953388
05-11-2020,9.87010,0.002100000000000435
04-11-2020,9.86800,0.0004000000000008441
03-11-2020,9.86760,0.0009999999999994458
02-11-2020,9.86660,0.0037000000000002586
29-10-2020,9.86290,0.000600000000000378
28-10-2020,9.86230,0.0002999999999993008
27-10-2020,9.86200,0.00140000000000029
26-10-2020,9.86060,0.0011999999999989797
23-10-2020,9.85940,0.002100000000000435
22-10-2020,9.85730,0.0008999999999996788
21-10-2020,9.85640,0.001200000000000756
20-10-2020,9.85520,0.0008999999999996788
19-10-2020,9.85430,0.002700000000000813
16-10-2020,9.85160,0.0007999999999999119
15-10-2020,9.85080,0.0012999999999987466
14-10-2020,9.84950,0.0010000000000012221
13-10-2020,9.84850,0.0015999999999998238
12-10-2020,9.84690,0.002100000000000435
09-10-2020,9.84480,0.0011999999999989797
08-10-2020,9.84360,0.0007999999999999119
07-10-2020,9.84280,0.0016999999999995907
06-10-2020,9.84110,0.0010000000000012221
05-10-2020,9.84010,0.0034999999999989484
01-10-2020,9.83660,0.002500000000001279
30-09-2020,9.83410,0.0023999999999997357
29-09-2020,9.83170,0.0018999999999991246
28-09-2020,9.82980,0.0029000000000003467
25-09-2020,9.82690,0.0004000000000008441
24-09-2020,9.82650,0.00039999999999906777
23-09-2020,9.82610,0.000600000000000378
22-09-2020,9.82550,0.001200000000000756
21-09-2020,9.82430,0.0021999999999984254
18-09-2020,9.82210,0.000700000000000145
17-09-2020,9.82140,0.0007999999999999119
16-09-2020,9.82060,0.0007999999999999119
15-09-2020,9.81980,0.0007999999999999119
14-09-2020,9.81900,0.002500000000001279
11-09-2020,9.81650,0.0008999999999996788
10-09-2020,9.81560,0.0007999999999999119
09-09-2020,9.81480,0.0007999999999999119
08-09-2020,9.81400,0.0008999999999996788
07-09-2020,9.81310,0.002200000000000202
04-09-2020,9.81090,0.0007999999999999119
03-09-2020,9.81010,0.0008999999999996788
02-09-2020,9.80920,0.0009000000000014552
01-09-2020,9.80830,0.0006999999999983686
31-08-2020,9.80760,0.002500000000001279
28-08-2020,9.80510,0.000700000000000145
27-08-2020,9.80440,0.0008999999999996788
26-08-2020,9.80350,0.0007999999999999119
25-08-2020,9.80270,0.000600000000000378
24-08-2020,9.80210,0.0024999999999995026
21-08-2020,9.79960,0.0008999999999996788
20-08-2020,9.79870,0.0008999999999996788
19-08-2020,9.79780,0.0008999999999996788
18-08-2020,9.79690,0.0008000000000016882
17-08-2020,9.79610,0.0026999999999990365
14-08-2020,9.79340,0.0008999999999996788
13-08-2020,9.79250,0.0008999999999996788
12-08-2020,9.79160,0.0007999999999999119
11-08-2020,9.79080,0.001100000000000989
10-08-2020,9.78970,0.0026999999999990365
07-08-2020,9.78700,0.0004000000000008441
06-08-2020,9.78660,0.0007999999999999119
05-08-2020,9.78580,0.0009999999999994458
04-08-2020,9.78480,0.0010000000000012221
03-08-2020,9.78380,0.0023999999999997357
31-07-2020,9.78140,0.0010999999999992127
30-07-2020,9.78030,0.0008999999999996788
29-07-2020,9.77940,0.0003000000000010772
28-07-2020,9.77910,0.0007999999999999119
27-07-2020,9.77830,0.002200000000000202
24-07-2020,9.77610,0.0007999999999999119
23-07-2020,9.77530,0.000600000000000378
22-07-2020,9.77470,0.0010999999999992127
21-07-2020,9.77360,0.000600000000000378
20-07-2020,9.77300,0.0025999999999992696
17-07-2020,9.77040,0.000600000000000378
16-07-2020,9.76980,0.000600000000000378
15-07-2020,9.76920,0.0009999999999994458
14-07-2020,9.76820,0.0005000000000006111
13-07-2020,9.76770,0.0023999999999997357
10-07-2020,9.76530,0.0005000000000006111
09-07-2020,9.76480,0.0010999999999992127
08-07-2020,9.76370,0.0007999999999999119
07-07-2020,9.76290,0.000600000000000378
06-07-2020,9.76230,0.0022999999999999687
03-07-2020,9.76000,0.00039999999999906777
02-07-2020,9.75960,0.000700000000000145
01-07-2020,9.75890,0.0009000000000014552
30-06-2020,9.75800,0.0013999999999985135
29-06-2020,9.75660,0.0022999999999999687
26-06-2020,9.75430,0.000600000000000378
25-06-2020,9.75370,0.001300000000000523
24-06-2020,9.75240,0.0015999999999998238
23-06-2020,9.75080,0.0007999999999999119
22-06-2020,9.75000,0.0023999999999997357
19-06-2020,9.74760,0.000700000000000145
18-06-2020,9.74690,0.001200000000000756
17-06-2020,9.74570,0.0011999999999989797
16-06-2020,9.74450,0.0008999999999996788
15-06-2020,9.74360,0.00280000000000058
12-06-2020,9.74080,0.001300000000000523
11-06-2020,9.73950,0.0017999999999993577
10-06-2020,9.73770,0.001100000000000989
09-06-2020,9.73660,0.0010999999999992127
08-06-2020,9.73550,0.0023999999999997357
05-06-2020,9.73310,0.0004000000000008441
04-06-2020,9.73270,0.0004999999999988347
03-06-2020,9.73220,-0.00039999999999906777
02-06-2020,9.73260,0.0
01-06-2020,9.73260,0.0026999999999990365
29-05-2020,9.72990,0.0005000000000006111
28-05-2020,9.72940,0.0
27-05-2020,9.72940,-0.0007999999999999119
26-05-2020,9.73020,0.0036000000000004917
22-05-2020,9.72660,0.00569999999999915
21-05-2020,9.72090,0.001900000000000901
20-05-2020,9.71900,0.0009999999999994458
19-05-2020,9.71800,0.0005000000000006111
18-05-2020,9.71750,0.0038000000000000256
15-05-2020,9.71370,0.0015000000000000568
14-05-2020,9.71220,0.00039999999999906777
13-05-2020,9.71180,0.000700000000000145
12-05-2020,9.71110,0.0024999999999995026
11-05-2020,9.70860,0.0008999999999996788
08-05-2020,9.70770,0.001700000000001367
06-05-2020,9.70600,0.0026999999999990365
05-05-2020,9.70330,0.000700000000000145
04-05-2020,9.70260,0.004100000000001103
30-04-2020,9.69850,0.0021999999999984254
29-04-2020,9.69630,0.00420000000000087
28-04-2020,9.69210,-0.000700000000000145
27-04-2020,9.69280,0.001200000000000756
24-04-2020,9.69160,-0.000600000000000378
23-04-2020,9.69220,0.00140000000000029
22-04-2020,9.69080,0.006699999999998596
21-04-2020,9.68410,0.0009000000000014552
20-04-2020,9.68320,0.004399999999998627
17-04-2020,9.67880,0.0058000000000006935
16-04-2020,9.67300,0.004300000000000637
15-04-2020,9.66870,0.009399999999999409
13-04-2020,9.65930,0.0052000000000003155
09-04-2020,9.65410,0.001300000000000523
08-04-2020,9.65280,0.0007999999999999119
07-04-2020,9.65200,0.005399999999999849
03-04-2020,9.64660,0.005899999999998684
31-03-2020,9.64070,0.0058000000000006935
30-03-2020,9.63490,0.001200000000000756
27-03-2020,9.63370,0.018299999999999983
26-03-2020,9.61540,0.011199999999998766
24-03-2020,9.60420,-0.017099999999999227
23-03-2020,9.62130,0.006199999999999761
20-03-2020,9.61510,0.007999999999999119
19-03-2020,9.60710,0.0001000000000015433
18-03-2020,9.60700,-0.00560000000000116
17-03-2020,9.61260,0.0
16-03-2020,9.61260,0.006800000000000139
13-03-2020,9.60580,0.002100000000000435
12-03-2020,9.60370,0.001300000000000523
11-03-2020,9.60240,0.00039999999999906777
09-03-2020,9.60200,0.0065000000000008384
06-03-2020,9.59550,0.0009999999999994458
05-03-2020,9.59450,0.0033999999999991815
04-03-2020,9.59110,0.00560000000000116
03-03-2020,9.58550,0.0008999999999996788
02-03-2020,9.58460,0.0038000000000000256
28-02-2020,9.58080,0.0008999999999996788
27-02-2020,9.57990,0.0004000000000008441
26-02-2020,9.57950,0.0015999999999998238
25-02-2020,9.57790,0.00140000000000029
24-02-2020,9.57650,0.004999999999999005
20-02-2020,9.57150,0.0031999999999996476
18-02-2020,9.56830,0.0010000000000012221
17-02-2020,9.56730,0.00429999999999886
14-02-2020,9.56300,0.00140000000000029
13-02-2020,9.56160,0.0024999999999995026
12-02-2020,9.55910,0.0009000000000014552
11-02-2020,9.55820,0.0011999999999989797
10-02-2020,9.55700,0.0038000000000000256
07-02-2020,9.55320,0.002100000000000435
06-02-2020,9.55110,0.0022999999999999687
05-02-2020,9.54880,0.0007999999999999119
04-02-2020,9.54800,0.000700000000000145
03-02-2020,9.54730,0.004099999999999326
31-01-2020,9.54320,0.001200000000000756
30-01-2020,9.54200,0.0015000000000000568
29-01-2020,9.54050,9.999999999976694e-05
28-01-2020,9.54040,0.001300000000000523
27-01-2020,9.53910,0.0037000000000002586
24-01-2020,9.53540,0.0012999999999987466
23-01-2020,9.53410,0.00140000000000029
22-01-2020,9.53270,0.0016999999999995907
21-01-2020,9.53100,0.001200000000000756
20-01-2020,9.52980,0.0038000000000000256
17-01-2020,9.52600,0.0011999999999989797
16-01-2020,9.52480,0.002500000000001279
15-01-2020,9.52230,-0.0004000000000008441
14-01-2020,9.52270,0.001100000000000989
13-01-2020,9.52160,0.004899999999999238
10-01-2020,9.51670,-0.000600000000000378
09-01-2020,9.51730,0.001200000000000756
08-01-2020,9.51610,0.0009999999999994458
07-01-2020,9.51510,0.001300000000000523
06-01-2020,9.51380,0.0033999999999991815
03-01-2020,9.51040,0.00140000000000029
02-01-2020,9.50900,0.001800000000001134
01-01-2020,9.50720,0.0012999999999987466
31-12-2019,9.50590,0.001300000000000523
30-12-2019,9.50460,0.0029000000000003467
27-12-2019,9.50170,0.0017999999999993577
26-12-2019,9.49990,0.002700000000000813
24-12-2019,9.49720,0.0009999999999994458
23-12-2019,9.49620,0.0037000000000002586
20-12-2019,9.49250,0.001300000000000523
19-12-2019,9.49120,0.0015000000000000568
18-12-2019,9.48970,0.0011999999999989797
17-12-2019,9.48850,0.001300000000000523
16-12-2019,9.48720,0.0036000000000004917
13-12-2019,9.48360,0.0004999999999988347
12-12-2019,9.48310,0.0015999999999998238
11-12-2019,9.48150,0.0015999999999998238
10-12-2019,9.47990,0.0015999999999998238
09-12-2019,9.47830,0.004100000000001103
06-12-2019,9.47420,0.002100000000000435
05-12-2019,9.47210,-0.00280000000000058
04-12-2019,9.47490,0.0015999999999998238
03-12-2019,9.47330,0.0015000000000000568
02-12-2019,9.47180,0.004899999999999238
29-11-2019,9.46690,0.002200000000000202
28-11-2019,9.46470,0.0007999999999999119
27-11-2019,9.46390,0.002100000000000435
26-11-2019,9.46180,0.000700000000000145
25-11-2019,9.46110,0.0038999999999997925
22-11-2019,9.45720,0.001100000000000989
21-11-2019,9.45610,0.0012999999999987466
20-11-2019,9.45480,0.001800000000001134
19-11-2019,9.45300,0.0015000000000000568
18-11-2019,9.45150,0.00429999999999886
15-11-2019,9.44720,0.0010000000000012221
14-11-2019,9.44620,0.0023999999999997357
13-11-2019,9.44380,0.0018999999999991246
11-11-2019,9.44190,0.0037000000000002586
08-11-2019,9.43820,0.0008999999999996788
07-11-2019,9.43730,0.0015000000000000568
06-11-2019,9.43580,0.000700000000000145
05-11-2019,9.43510,0.001200000000000756
04-11-2019,9.43390,0.0038999999999997925
01-11-2019,9.43000,0.00140000000000029
31-10-2019,9.42860,0.0015999999999998238
30-10-2019,9.42700,0.0023999999999997357
29-10-2019,9.42460,0.004400000000000404
25-10-2019,9.42020,0.0015000000000000568
24-10-2019,9.41870,0.0007999999999999119
23-10-2019,9.41790,0.0024999999999995026
22-10-2019,9.41540,0.004300000000000637
18-10-2019,9.41110,0.0019999999999988916
17-10-2019,9.40910,0.0030000000000001137
16-10-2019,9.40610,0.0015999999999998238
15-10-2019,9.40450,0.001300000000000523
14-10-2019,9.40320,0.004400000000000404
11-10-2019,9.39880,0.00140000000000029
10-10-2019,9.39740,0.0024999999999995026
09-10-2019,9.39490,0.0022999999999999687
07-10-2019,9.39260,0.0039999999999995595
04-10-2019,9.38860,0.002700000000000813
03-10-2019,9.38590,0.0032999999999994145
01-10-2019,9.38260,0.0051000000000005485
30-09-2019,9.37750,0.00429999999999886
27-09-2019,9.37320,0.001200000000000756
26-09-2019,9.37200,0.0029000000000003467
25-09-2019,9.36910,0.00019999999999953388
24-09-2019,9.36890,0.0008999999999996788
23-09-2019,9.36800,0.004400000000000404
20-09-2019,9.36360,-0.000600000000000378
19-09-2019,9.36420,0.002600000000001046
18-09-2019,9.36160,0.0016999999999995907
17-09-2019,9.35990,0.0009999999999994458
16-09-2019,9.35890,0.0031999999999996476
13-09-2019,9.35570,0.002000000000000668
12-09-2019,9.35370,0.004099999999999326
11-09-2019,9.34960,0.002600000000001046
09-09-2019,9.34700,0.00429999999999886
06-09-2019,9.34270,0.001700000000001367
05-09-2019,9.34100,0.0026999999999990365
04-09-2019,9.33830,0.002000000000000668
03-09-2019,9.33630,0.005499999999999616
30-08-2019,9.33080,0.0005000000000006111
29-08-2019,9.33030,0.0010999999999992127
28-08-2019,9.32920,0.00140000000000029
27-08-2019,9.32780,0.0015000000000000568
26-08-2019,9.32630,0.0039999999999995595
23-08-2019,9.32230,0.00140000000000029
22-08-2019,9.32090,0.00140000000000029
21-08-2019,9.31950,0.00140000000000029
20-08-2019,9.31810,0.0013999999999985135
19-08-2019,9.31670,0.004100000000001103
16-08-2019,9.31260,0.00280000000000058
14-08-2019,9.30980,0.0012999999999987466
13-08-2019,9.30850,0.0052000000000003155
09-08-2019,9.30330,0.0015000000000000568
08-08-2019,9.30180,0.0016999999999995907
07-08-2019,9.30010,0.001900000000000901
06-08-2019,9.29820,0.0010999999999992127
05-08-2019,9.29710,0.004400000000000404
02-08-2019,9.29270,0.00140000000000029
01-08-2019,9.29130,0.0018999999999991246
31-07-2019,9.28940,0.001900000000000901
30-07-2019,9.28750,0.0015999999999998238
29-07-2019,9.28590,0.004799999999999471
26-07-2019,9.28110,0.0015000000000000568
25-07-2019,9.27960,0.00140000000000029
24-07-2019,9.27820,0.001300000000000523
23-07-2019,9.27690,0.0011999999999989797
22-07-2019,9.27570,0.00420000000000087
19-07-2019,9.27150,0.00140000000000029
18-07-2019,9.27010,0.0011999999999989797
17-07-2019,9.26890,0.00280000000000058
16-07-2019,9.26610,0.0025999999999992696
15-07-2019,9.26350,0.0045999999999999375
12-07-2019,9.25890,0.001300000000000523
11-07-2019,9.25760,0.0017999999999993577
10-07-2019,9.25580,0.001700000000001367
09-07-2019,9.25410,0.0017999999999993577
08-07-2019,9.25230,0.004099999999999326
05-07-2019,9.24820,0.0022999999999999687
04-07-2019,9.24590,0.002100000000000435
03-07-2019,9.24380,0.002700000000000813
02-07-2019,9.24110,0.0011999999999989797
01-07-2019,9.23990,0.0045999999999999375
28-06-2019,9.23530,0.0015000000000000568
27-06-2019,9.23380,0.0015999999999998238
26-06-2019,9.23220,0.0010000000000012221
25-06-2019,9.23120,0.0010999999999992127
24-06-2019,9.23010,0.00420000000000087
21-06-2019,9.22590,0.0015999999999998238
20-06-2019,9.22430,0.0011999999999989797
19-06-2019,9.22310,0.001900000000000901
18-06-2019,9.22120,0.00140000000000029
17-06-2019,9.21980,0.004799999999999471
14-06-2019,9.21500,0.0015000000000000568
13-06-2019,9.21350,0.001300000000000523
12-06-2019,9.21220,0.0005999999999986017
11-06-2019,9.21160,0.001200000000000756
10-06-2019,9.21040,0.0045000000000001705
07-06-2019,9.20590,0.001300000000000523
06-06-2019,9.20460,0.005799999999998917
04-06-2019,9.19880,0.00140000000000029
03-06-2019,9.19740,0.006199999999999761
31-05-2019,9.19120,0.00280000000000058
30-05-2019,9.18840,0.002200000000000202
29-05-2019,9.18620,0.0018999999999991246
28-05-2019,9.18430,0.0015999999999998238
27-05-2019,9.18270,0.0051000000000005485
24-05-2019,9.17760,0.0017999999999993577
23-05-2019,9.17580,0.002700000000000813
22-05-2019,9.17310,0.00140000000000029
21-05-2019,9.17170,0.00140000000000029
20-05-2019,9.17030,0.004399999999998627
17-05-2019,9.16590,0.002200000000000202
16-05-2019,9.16370,0.0015000000000000568
15-05-2019,9.16220,0.0015000000000000568
14-05-2019,9.16070,0.0024999999999995026
13-05-2019,9.15820,0.0045000000000001705
10-05-2019,9.15370,0.0015000000000000568
09-05-2019,9.15220,0.0015999999999998238
08-05-2019,9.15060,0.001100000000000989
07-05-2019,9.14950,0.0015999999999998238
06-05-2019,9.14790,0.0045000000000001705
03-05-2019,9.14340,0.0010999999999992127
02-05-2019,9.14230,0.002600000000001046
30-04-2019,9.13970,0.004399999999998627
26-04-2019,9.13530,0.001300000000000523
25-04-2019,9.13400,-0.0009999999999994458
24-04-2019,9.13500,0.0010999999999992127
23-04-2019,9.13390,0.001700000000001367
22-04-2019,9.13220,0.004899999999999238
18-04-2019,9.12730,0.00280000000000058
16-04-2019,9.12450,0.0009999999999994458
15-04-2019,9.12350,0.004099999999999326
12-04-2019,9.11940,0.0010000000000012221
11-04-2019,9.11840,0.0011999999999989797
10-04-2019,9.11720,0.0005000000000006111
09-04-2019,9.11670,0.0009999999999994458
08-04-2019,9.11570,0.00420000000000087
05-04-2019,9.11150,0.0016999999999995907
04-04-2019,9.10980,0.0016999999999995907
03-04-2019,9.10810,0.000700000000000145
02-04-2019,9.10740,0.007699999999999818
29-03-2019,9.09970,0.006199999999999761
28-03-2019,9.09350,0.00140000000000029
27-03-2019,9.09210,0.001300000000000523
26-03-2019,9.09080,0.0016999999999995907
25-03-2019,9.08910,0.004699999999999704
22-03-2019,9.08440,0.002600000000001046
20-03-2019,9.08180,0.0012999999999987466
19-03-2019,9.08050,0.0015999999999998238
18-03-2019,9.07890,0.004400000000000404
15-03-2019,9.07450,0.001100000000000989
14-03-2019,9.07340,0.0032999999999994145
13-03-2019,9.07010,0.0023999999999997357
12-03-2019,9.06770,0.001900000000000901
11-03-2019,9.06580,0.0045000000000001705
08-03-2019,9.06130,0.0016999999999995907
07-03-2019,9.05960,0.0015000000000000568
06-03-2019,9.05810,0.0016999999999995907
05-03-2019,9.05640,0.006099999999999994
01-03-2019,9.05030,0.0015999999999998238
28-02-2019,9.04870,0.0015999999999998238
27-02-2019,9.04710,0.0015000000000000568
26-02-2019,9.04560,0.0015000000000000568
25-02-2019,9.04410,0.0045000000000001705
22-02-2019,9.03960,0.0015000000000000568
21-02-2019,9.03810,0.0015999999999998238
20-02-2019,9.03650,0.0029000000000003467
18-02-2019,9.03360,0.004099999999999326
15-02-2019,9.02950,0.000600000000000378
14-02-2019,9.02890,0.00140000000000029
13-02-2019,9.02750,0.0024999999999995026
12-02-2019,9.02500,0.001200000000000756
11-02-2019,9.02380,0.004699999999999704
08-02-2019,9.01910,0.0015000000000000568
07-02-2019,9.01760,0.006299999999999528
06-02-2019,9.01130,0.0015000000000000568
05-02-2019,9.00980,0.0008999999999996788
04-02-2019,9.00890,0.0037000000000002586
01-02-2019,9.00520,0.0016999999999995907
31-01-2019,9.00350,0.001700000000001367
30-01-2019,9.00180,0.0017999999999993577
29-01-2019,9.00000,0.0018999999999991246
28-01-2019,8.99810,0.004900000000001015
25-01-2019,8.99320,0.0016999999999995907
24-01-2019,8.99150,0.0023999999999997357
23-01-2019,8.98910,0.0015000000000000568
22-01-2019,8.98760,0.001800000000001134
21-01-2019,8.98580,0.004699999999999704
18-01-2019,8.98110,0.0016999999999995907
17-01-2019,8.97940,0.0015999999999998238
16-01-2019,8.97780,0.00140000000000029
15-01-2019,8.97640,0.0016999999999995907
14-01-2019,8.97470,0.004900000000001015
11-01-2019,8.96980,0.0016999999999995907
10-01-2019,8.96810,0.0015999999999998238
09-01-2019,8.96650,0.0023999999999997357
08-01-2019,8.96410,0.0022999999999999687
07-01-2019,8.96180,0.004400000000000404
04-01-2019,8.95740,0.002000000000000668
03-01-2019,8.95540,0.00039999999999906777
02-01-2019,8.95500,0.002100000000000435
01-01-2019,8.95290,0.002100000000000435
31-12-2018,8.95080,0.005099999999998772
28-12-2018,8.94570,0.002500000000001279
27-12-2018,8.94320,0.0029999999999983373
26-12-2018,8.94020,0.003100000000001657
24-12-2018,8.93710,-0.763300000000001
21-12-2018,9.70040,0.001200000000000756
20-12-2018,9.69920,0.0015999999999998238
19-12-2018,9.69760,0.0031999999999996476
18-12-2018,9.69440,0.002000000000000668
17-12-2018,9.69240,0.004399999999998627
14-12-2018,9.68800,0.0015000000000000568
13-12-2018,9.68650,0.0030999999999998806
12-12-2018,9.68340,0.002200000000000202
11-12-2018,9.68120,0.001200000000000756
10-12-2018,9.68000,0.004400000000000404
07-12-2018,9.67560,0.0016999999999995907
06-12-2018,9.67390,0.002200000000000202
05-12-2018,9.67170,0.0045000000000001705
04-12-2018,9.66720,0.0017999999999993577
03-12-2018,9.66540,0.00569999999999915
30-11-2018,9.65970,0.0015000000000000568
29-11-2018,9.65820,0.002000000000000668
28-11-2018,9.65620,0.0022999999999999687
27-11-2018,9.65390,0.002200000000000202
26-11-2018,9.65170,0.006999999999999673
22-11-2018,9.64470,0.0035000000000007248
20-11-2018,9.64120,0.0017999999999993577
19-11-2018,9.63940,0.005300000000000082
16-11-2018,9.63410,0.0032999999999994145
15-11-2018,9.63080,0.002500000000001279
14-11-2018,9.62830,0.0033999999999991815
13-11-2018,9.62490,0.002100000000000435
12-11-2018,9.62280,0.006399999999999295
09-11-2018,9.61640,0.005499999999999616
06-11-2018,9.61090,0.002000000000000668
05-11-2018,9.60890,0.0052000000000003155
02-11-2018,9.60370,0.002000000000000668
01-11-2018,9.60170,0.0024999999999995026
31-10-2018,9.59920,0.0018999999999991246
30-10-2018,9.59730,0.0015999999999998238
29-10-2018,9.59570,0.0051000000000005485
26-10-2018,9.59060,0.0016999999999995907
25-10-2018,9.58890,0.002000000000000668
24-10-2018,9.58690,0.00140000000000029
23-10-2018,9.58550,0.0011999999999989797
22-10-2018,9.58430,0.00560000000000116
19-10-2018,9.57870,0.0038000000000000256
17-10-2018,9.57490,0.0030000000000001137
16-10-2018,9.57190,0.002200000000000202
15-10-2018,9.56970,0.00429999999999886
12-10-2018,9.56540,0.001900000000000901
11-10-2018,9.56350,0.0015000000000000568
10-10-2018,9.56200,0.0019999999999988916
09-10-2018,9.56000,-9.999999999976694e-05
08-10-2018,9.56010,0.006000000000000227
05-10-2018,9.55410,0.010400000000000631
04-10-2018,9.54370,0.0005999999999986017
03-10-2018,9.54310,0.002200000000000202
01-10-2018,9.54090,0.006000000000000227
28-09-2018,9.53490,0.0038999999999997925
27-09-2018,9.53100,0.01010000000000133
26-09-2018,9.52090,-0.4494000000000007
25-09-2018,9.97030,-0.006700000000000372
24-09-2018,9.97700,-0.000700000000000145
21-09-2018,9.97770,0.0037000000000002586
19-09-2018,9.97400,0.0003000000000010772
18-09-2018,9.97370,0.0014999999999982805
17-09-2018,9.97220,0.0052000000000003155
14-09-2018,9.96700,0.002600000000001046
12-09-2018,9.96440,0.00140000000000029
11-09-2018,9.96300,-0.0005000000000006111
10-09-2018,9.96350,-0.18810000000000038
07-09-2018,10.15160,0.001900000000000901
06-09-2018,10.14970,0.0020999999999986585
05-09-2018,10.14760,0.00140000000000029
04-09-2018,10.14620,0.002000000000000668
03-09-2018,10.14420,0.005799999999998917
31-08-2018,10.13840,0.002000000000000668
30-08-2018,10.13640,0.002000000000000668
29-08-2018,10.13440,0.0019999999999988916
28-08-2018,10.13240,0.0003000000000010772
27-08-2018,10.13210,0.005099999999998772
24-08-2018,10.12700,0.001300000000000523
23-08-2018,10.12570,0.0030999999999998806
21-08-2018,10.12260,0.0015999999999998238
20-08-2018,10.12100,0.007699999999999818
16-08-2018,10.11330,0.0036000000000004917
14-08-2018,10.10970,0.0015999999999998238
13-08-2018,10.10810,0.0052000000000003155
10-08-2018,10.10290,0.0016999999999995907
09-08-2018,10.10120,0.002600000000001046
08-08-2018,10.09860,0.0018999999999991246
07-08-2018,10.09670,0.0016999999999995907
06-08-2018,10.09500,0.005500000000001393
03-08-2018,10.08950,0.0027999999999988034
02-08-2018,10.08670,0.0035000000000007248
01-08-2018,10.08320,0.0022999999999999687
31-07-2018,10.08090,0.0024999999999995026
30-07-2018,10.07840,0.005399999999999849
27-07-2018,10.07300,0.0030999999999998806
26-07-2018,10.06990,0.0015000000000000568
25-07-2018,10.06840,0.0015000000000000568
24-07-2018,10.06690,-0.0004999999999988347
23-07-2018,10.06740,0.00429999999999886
20-07-2018,10.06310,0.0015000000000000568
19-07-2018,10.06160,0.001200000000000756
18-07-2018,10.06040,0.0023999999999997357
17-07-2018,10.05800,0.0018999999999991246
16-07-2018,10.05610,0.005000000000000782
13-07-2018,10.05110,0.0022999999999999687
12-07-2018,10.04880,0.0024999999999995026
11-07-2018,10.04630,0.001900000000000901
10-07-2018,10.04440,0.002100000000000435
09-07-2018,10.04230,0.006299999999999528
06-07-2018,10.03600,0.0022999999999999687
05-07-2018,10.03370,0.0022999999999999687
04-07-2018,10.03140,0.0038999999999997925
03-07-2018,10.02750,0.0018999999999991246
02-07-2018,10.02560,-0.15499999999999936
29-06-2018,10.18060,0.002700000000000813
28-06-2018,10.17790,0.0015999999999998238
27-06-2018,10.17630,0.0018999999999991246
26-06-2018,10.17440,0.001100000000000989
25-06-2018,10.17330,0.00569999999999915
22-06-2018,10.16760,0.0016999999999995907
21-06-2018,10.16590,0.001800000000001134
20-06-2018,10.16410,0.0025999999999992696
19-06-2018,10.16150,0.0029000000000003467
18-06-2018,10.15860,0.006999999999999673
15-06-2018,10.15160,0.002000000000000668
14-06-2018,10.14960,0.006099999999999994
13-06-2018,10.14350,0.0033999999999991815
12-06-2018,10.14010,0.002100000000000435
11-06-2018,10.13800,0.006099999999999994
08-06-2018,10.13190,0.0016999999999995907
07-06-2018,10.13020,0.0031999999999996476
06-06-2018,10.12700,0.00820000000000043
05-06-2018,10.11880,0.003400000000000958
04-06-2018,10.11540,0.0031999999999996476
01-06-2018,10.11220,9.999999999976694e-05
31-05-2018,10.11210,0.0
30-05-2018,10.11210,0.004300000000000637
29-05-2018,10.10780,0.005599999999999383
28-05-2018,10.10220,0.007699999999999818
25-05-2018,10.09450,0.002200000000000202
24-05-2018,10.09230,0.0008999999999996788
23-05-2018,10.09140,0.0029000000000003467
22-05-2018,10.08850,0.0002999999999993008
21-05-2018,10.08820,0.0045000000000001705
18-05-2018,10.08370,0.001200000000000756
17-05-2018,10.08250,0.0011999999999989797
16-05-2018,10.08130,-0.0016999999999995907
15-05-2018,10.08300,-0.0005000000000006111
14-05-2018,10.08350,0.005400000000001626
11-05-2018,10.07810,0.0008999999999996788
10-05-2018,10.07720,-0.002200000000000202
09-05-2018,10.07940,0.000700000000000145
08-05-2018,10.07870,0.0
07-05-2018,10.07870,0.005499999999999616
04-05-2018,10.07320,0.0010999999999992127
03-05-2018,10.07210,-0.00039999999999906777
02-05-2018,10.07250,0.009199999999999875
27-04-2018,10.06330,0.00019999999999953388
26-04-2018,10.06310,0.0008999999999996788
25-04-2018,10.06220,0.0010000000000012221
24-04-2018,10.06120,0.000700000000000145
23-04-2018,10.06050,0.0030000000000001137
20-04-2018,10.05750,-0.0004000000000008441
19-04-2018,10.05790,0.0008999999999996788
18-04-2018,10.05700,0.001100000000000989
17-04-2018,10.05590,0.0009999999999994458
16-04-2018,10.05490,0.0051000000000005485
13-04-2018,10.04980,0.0016999999999995907
12-04-2018,10.04810,9.999999999976694e-05
11-04-2018,10.04800,0.00019999999999953388
10-04-2018,10.04780,0.001200000000000756
09-04-2018,10.04660,0.005399999999999849
06-04-2018,10.04120,0.0026999999999990365
05-04-2018,10.03850,0.002400000000001512
04-04-2018,10.03610,-0.15520000000000067
03-04-2018,10.19130,0.01130000000000031
28-03-2018,10.18000,0.014899999999999025
27-03-2018,10.16510,0.0030999999999998806
26-03-2018,10.16200,0.004000000000001336
23-03-2018,10.15800,0.0009999999999994458
22-03-2018,10.15700,0.00140000000000029
21-03-2018,10.15560,0.0005000000000006111
20-03-2018,10.15510,0.0
19-03-2018,10.15510,0.005499999999999616
16-03-2018,10.14960,0.005899999999998684
15-03-2018,10.14370,0.002400000000001512
14-03-2018,10.14130,0.0017999999999993577
13-03-2018,10.13950,0.0022999999999999687
12-03-2018,10.13720,0.007199999999999207
09-03-2018,10.13000,0.0016000000000016001
08-03-2018,10.12840,0.0015000000000000568
07-03-2018,10.12690,0.004799999999999471
06-03-2018,10.12210,0.0032999999999994145
05-03-2018,10.11880,0.007500000000000284
01-03-2018,10.11130,0.0017999999999993577
28-02-2018,10.10950,0.001800000000001134
27-02-2018,10.10770,0.0015999999999998238
26-02-2018,10.10610,0.005099999999998772
23-02-2018,10.10100,0.001700000000001367
22-02-2018,10.09930,0.0
21-02-2018,10.09930,0.0016999999999995907
20-02-2018,10.09760,0.006999999999999673
16-02-2018,10.09060,0.00140000000000029
15-02-2018,10.08920,0.002200000000000202
14-02-2018,10.08700,0.0037000000000002586
12-02-2018,10.08330,0.006299999999999528
09-02-2018,10.07700,0.0022999999999999687
08-02-2018,10.07470,0.0022999999999999687
07-02-2018,10.07240,0.001300000000000523
06-02-2018,10.07110,0.0018999999999991246
05-02-2018,10.06920,0.005499999999999616
02-02-2018,10.06370,0.00140000000000029
01-02-2018,10.06230,0.0008999999999996788
31-01-2018,10.06140,0.002200000000000202
30-01-2018,10.05920,0.002500000000001279
29-01-2018,10.05670,0.006999999999999673
25-01-2018,10.04970,0.0022999999999999687
24-01-2018,10.04740,0.0011999999999989797
23-01-2018,10.04620,0.001700000000001367
22-01-2018,10.04450,0.0038000000000000256
19-01-2018,10.04070,0.0007999999999999119
18-01-2018,10.03990,0.0012999999999987466
17-01-2018,10.03860,0.0007999999999999119
16-01-2018,10.03780,0.0
15-01-2018,10.03780,0.005000000000000782
12-01-2018,10.03280,-0.0009999999999994458
11-01-2018,10.03380,0.0007999999999999119
10-01-2018,10.03300,0.0017999999999993577
09-01-2018,10.03120,0.0017999999999993577
08-01-2018,10.02940,0.0052000000000003155
05-01-2018,10.02420,0.00280000000000058
04-01-2018,10.02140,0.000700000000000145
03-01-2018,10.02070,-9.999999999976694e-05
02-01-2018,10.02080,0.0
01-01-2018,10.02080,-0.13440000000000119
29-12-2017,10.15520,0.0022999999999999687
28-12-2017,10.15290,0.0015999999999998238
27-12-2017,10.15130,0.00140000000000029
26-12-2017,10.14990,0.0052000000000003155
22-12-2017,10.14470,0.0015000000000000568
21-12-2017,10.14320,0.000600000000000378
20-12-2017,10.14260,-0.000600000000000378
19-12-2017,10.14320,0.000700000000000145
18-12-2017,10.14250,0.0045999999999999375
15-12-2017,10.13790,0.0015999999999998238
14-12-2017,10.13630,-0.00019999999999953388
13-12-2017,10.13650,0.0015000000000000568
12-12-2017,10.13500,0.0011999999999989797
11-12-2017,10.13380,0.004800000000001248
08-12-2017,10.12900,0.0015999999999998238
07-12-2017,10.12740,0.000700000000000145
06-12-2017,10.12670,0.00140000000000029
05-12-2017,10.12530,0.0013999999999985135
04-12-2017,10.12390,0.006200000000001538
30-11-2017,10.11770,0.0015000000000000568
29-11-2017,10.11620,0.0015000000000000568
28-11-2017,10.11470,0.0015999999999998238
27-11-2017,10.11310,0.0045000000000001705
24-11-2017,10.10860,0.0015999999999998238
23-11-2017,10.10700,0.0015999999999998238
22-11-2017,10.10540,0.0016999999999995907
21-11-2017,10.10370,0.0016999999999995907
20-11-2017,10.10200,0.005000000000000782
17-11-2017,10.09700,0.0015000000000000568
16-11-2017,10.09550,0.0015000000000000568
15-11-2017,10.09400,0.0015999999999998238
14-11-2017,10.09240,0.0015999999999998238
13-11-2017,10.09080,0.004699999999999704
10-11-2017,10.08610,0.0015000000000000568
09-11-2017,10.08460,0.0015999999999998238
08-11-2017,10.08300,0.0015999999999998238
07-11-2017,10.08140,0.0016999999999995907
06-11-2017,10.07970,0.004800000000001248
03-11-2017,10.07490,0.0020999999999986585
02-11-2017,10.07280,0.001900000000000901
01-11-2017,10.07090,0.0016999999999995907
31-10-2017,10.06920,0.0015999999999998238
30-10-2017,10.06760,0.005000000000000782
27-10-2017,10.06260,0.0015999999999998238
26-10-2017,10.06100,0.0010999999999992127
25-10-2017,10.05990,0.0015000000000000568
24-10-2017,10.05840,0.001200000000000756
23-10-2017,10.05720,0.007899999999999352
18-10-2017,10.04930,0.001800000000001134
17-10-2017,10.04750,0.0015999999999998238
16-10-2017,10.04590,0.004799999999999471
13-10-2017,10.04110,0.0015999999999998238
12-10-2017,10.03950,0.0015999999999998238
11-10-2017,10.03790,0.0015999999999998238
10-10-2017,10.03630,0.0015999999999998238
09-10-2017,10.03470,0.005000000000000782
06-10-2017,10.02970,0.0015000000000000568
05-10-2017,10.02820,0.002100000000000435
04-10-2017,10.02610,0.0019999999999988916
03-10-2017,10.02410,-0.1426999999999996
29-09-2017,10.16680,0.0022999999999999687
28-09-2017,10.16450,0.001100000000000989
27-09-2017,10.16340,0.0010999999999992127
26-09-2017,10.16230,0.002000000000000668
25-09-2017,10.16030,0.005099999999998772
22-09-2017,10.15520,0.0001000000000015433
21-09-2017,10.15510,0.0008999999999996788
20-09-2017,10.15420,0.0010999999999992127
19-09-2017,10.15310,0.001100000000000989
18-09-2017,10.15200,0.004699999999999704
15-09-2017,10.14730,0.00140000000000029
14-09-2017,10.14590,0.0015999999999998238
13-09-2017,10.14430,0.0015999999999998238
12-09-2017,10.14270,0.0015999999999998238
11-09-2017,10.14110,0.004699999999999704
08-09-2017,10.13640,0.0015000000000000568
07-09-2017,10.13490,0.001300000000000523
06-09-2017,10.13360,0.0012999999999987466
05-09-2017,10.13230,0.002000000000000668
04-09-2017,10.13030,0.004699999999999704
01-09-2017,10.12560,0.002100000000000435
31-08-2017,10.12350,0.0017999999999993577
30-08-2017,10.12170,0.001200000000000756
29-08-2017,10.12050,0.0015999999999998238
28-08-2017,10.11890,0.006199999999999761
24-08-2017,10.11270,0.00140000000000029
23-08-2017,10.11130,0.0015999999999998238
22-08-2017,10.10970,0.0016999999999995907
21-08-2017,10.10800,0.004900000000001015
18-08-2017,10.10310,0.0030000000000001137
16-08-2017,10.10010,0.0030999999999998806
14-08-2017,10.09700,0.004899999999999238
11-08-2017,10.09210,0.0015999999999998238
10-08-2017,10.09050,0.0015999999999998238
09-08-2017,10.08890,0.001300000000000523
08-08-2017,10.08760,0.0015999999999998238
07-08-2017,10.08600,0.004699999999999704
04-08-2017,10.08130,0.002200000000000202
03-08-2017,10.07910,0.002100000000000435
02-08-2017,10.07700,0.0016999999999995907
01-08-2017,10.07530,0.0016999999999995907
31-07-2017,10.07360,0.005000000000000782
28-07-2017,10.06860,0.0015999999999998238
27-07-2017,10.06700,0.0015999999999998238
26-07-2017,10.06540,0.001300000000000523
25-07-2017,10.06410,0.0016999999999995907
24-07-2017,10.06240,0.004900000000001015
21-07-2017,10.05750,0.0019999999999988916
20-07-2017,10.05550,0.001800000000001134
19-07-2017,10.05370,0.0023999999999997357
18-07-2017,10.05130,0.0020999999999986585
17-07-2017,10.04920,0.006099999999999994
14-07-2017,10.04310,0.001800000000001134
13-07-2017,10.04130,0.0027999999999988034
12-07-2017,10.03850,0.002000000000000668
11-07-2017,10.03650,0.0022999999999999687
10-07-2017,10.03420,0.004900000000001015
07-07-2017,10.02930,0.0018999999999991246
06-07-2017,10.02740,0.0024999999999995026
05-07-2017,10.02490,0.0022999999999999687
04-07-2017,10.02260,0.00140000000000029
03-07-2017,10.02120,-0.15189999999999948
30-06-2017,10.17310,0.0016999999999995907
29-06-2017,10.17140,0.0015999999999998238
28-06-2017,10.16980,0.0015999999999998238
27-06-2017,10.16820,0.0065000000000008384
23-06-2017,10.16170,0.0009999999999994458
22-06-2017,10.16070,0.001800000000001134
21-06-2017,10.15890,0.0015999999999998238
20-06-2017,10.15730,0.0015999999999998238
19-06-2017,10.15570,0.004799999999999471
16-06-2017,10.15090,0.001300000000000523
15-06-2017,10.14960,0.0030999999999998806
14-06-2017,10.14650,0.002200000000000202
13-06-2017,10.14430,0.0024999999999995026
12-06-2017,10.14180,0.004799999999999471
09-06-2017,10.13700,0.0022999999999999687
08-06-2017,10.13470,0.002000000000000668
07-06-2017,10.13270,0.0015999999999998238
06-06-2017,10.13110,0.0015000000000000568
05-06-2017,10.12960,0.004799999999999471
02-06-2017,10.12480,0.002200000000000202
01-06-2017,10.12260,0.002200000000000202
31-05-2017,10.12040,0.0024999999999995026
30-05-2017,10.11790,0.002000000000000668
29-05-2017,10.11590,0.004799999999999471
26-05-2017,10.11110,0.0016999999999995907
25-05-2017,10.10940,0.002200000000000202
24-05-2017,10.10720,0.002400000000001512
23-05-2017,10.10480,0.0022999999999999687
22-05-2017,10.10250,0.004999999999999005
19-05-2017,10.09750,0.0016999999999995907
18-05-2017,10.09580,0.001800000000001134
17-05-2017,10.09400,0.0017999999999993577
16-05-2017,10.09220,0.0016999999999995907
15-05-2017,10.09050,0.004699999999999704
12-05-2017,10.08580,0.0009000000000014552
11-05-2017,10.08490,0.0027999999999988034
09-05-2017,10.08210,0.00140000000000029
08-05-2017,10.08070,0.004900000000001015
05-05-2017,10.07580,0.0006999999999983686
04-05-2017,10.07510,0.001300000000000523
03-05-2017,10.07380,0.0016999999999995907
02-05-2017,10.07210,0.0065000000000008384
28-04-2017,10.06560,0.001200000000000756
27-04-2017,10.06440,0.0017999999999993577
26-04-2017,10.06260,0.000700000000000145
25-04-2017,10.06190,0.00140000000000029
24-04-2017,10.06050,0.0045999999999999375
21-04-2017,10.05590,0.0015000000000000568
20-04-2017,10.05440,0.0019999999999988916
19-04-2017,10.05240,0.0015999999999998238
18-04-2017,10.05080,0.0015999999999998238
17-04-2017,10.04920,0.006600000000000605
13-04-2017,10.04260,0.002700000000000813
12-04-2017,10.03990,0.0016999999999995907
11-04-2017,10.03820,0.0017999999999993577
10-04-2017,10.03640,0.004800000000001248
07-04-2017,10.03160,0.0006999999999983686
06-04-2017,10.03090,0.0001000000000015433
05-04-2017,10.03080,0.0033999999999991815
03-04-2017,10.02740,-0.14760000000000062
31-03-2017,10.17500,0.006700000000000372
30-03-2017,10.16830,0.0016999999999995907
29-03-2017,10.16660,0.003400000000000958
27-03-2017,10.16320,0.005399999999999849
24-03-2017,10.15780,-0.0002999999999993008
23-03-2017,10.15810,0.0033999999999991815
22-03-2017,10.15470,0.0015000000000000568
21-03-2017,10.15320,0.0010999999999992127
20-03-2017,10.15210,0.006000000000000227
17-03-2017,10.14610,0.001200000000000756
16-03-2017,10.14490,0.000600000000000378
15-03-2017,10.14430,0.0011999999999989797
14-03-2017,10.14310,0.005499999999999616
10-03-2017,10.13760,0.0005000000000006111
09-03-2017,10.13710,0.0004000000000008441
08-03-2017,10.13670,0.0017999999999993577
07-03-2017,10.13490,0.0016999999999995907
06-03-2017,10.13320,0.00420000000000087
03-03-2017,10.12900,0.0017999999999993577
02-03-2017,10.12720,0.0022999999999999687
01-03-2017,10.12490,0.002600000000001046
28-02-2017,10.12230,0.0018999999999991246
27-02-2017,10.12040,0.006700000000000372
23-02-2017,10.11370,0.0016999999999995907
22-02-2017,10.11200,0.0036000000000004917
20-02-2017,10.10840,0.00429999999999886
17-02-2017,10.10410,0.0016000000000016001
16-02-2017,10.10250,0.0021999999999984254
15-02-2017,10.10030,0.0015000000000000568
14-02-2017,10.09880,0.001900000000000901
13-02-2017,10.09690,0.005300000000000082
10-02-2017,10.09160,0.0023999999999997357
09-02-2017,10.08920,0.0018999999999991246
08-02-2017,10.08730,-0.0016999999999995907
07-02-2017,10.08900,0.0015999999999998238
06-02-2017,10.08740,0.0051000000000005485
03-02-2017,10.08230,0.002000000000000668
02-02-2017,10.08030,0.0017999999999993577
01-02-2017,10.07850,0.002000000000000668
31-01-2017,10.07650,0.0015999999999998238
30-01-2017,10.07490,0.00429999999999886
27-01-2017,10.07060,0.0030000000000001137
25-01-2017,10.06760,0.0015999999999998238
24-01-2017,10.06600,0.0015000000000000568
23-01-2017,10.06450,0.004800000000001248
20-01-2017,10.05970,0.0016999999999995907
19-01-2017,10.05800,0.0015999999999998238
18-01-2017,10.05640,0.0017999999999993577
17-01-2017,10.05460,0.0015999999999998238
16-01-2017,10.05300,0.0045999999999999375
13-01-2017,10.04840,0.001100000000000989
12-01-2017,10.04730,0.0015999999999998238
11-01-2017,10.04570,0.000700000000000145
10-01-2017,10.04500,0.00039999999999906777
09-01-2017,10.04460,0.004300000000000637
06-01-2017,10.04030,0.00140000000000029
05-01-2017,10.03890,0.0016999999999995907
04-01-2017,10.03720,0.0015000000000000568
03-01-2017,10.03570,0.001800000000001134
02-01-2017,10.03390,-0.15630000000000166
30-12-2016,10.19020,0.0022999999999999687
29-12-2016,10.18790,0.0016000000000016001
28-12-2016,10.18630,0.0015999999999998238
27-12-2016,10.18470,0.0015999999999998238
26-12-2016,10.18310,0.00429999999999886
23-12-2016,10.17880,0.0015000000000000568
22-12-2016,10.17730,0.00140000000000029
21-12-2016,10.17590,0.0015999999999998238
20-12-2016,10.17430,0.0015000000000000568
19-12-2016,10.17280,0.004900000000001015
16-12-2016,10.16790,0.0
15-12-2016,10.16790,0.0020999999999986585
14-12-2016,10.16580,0.002500000000001279
13-12-2016,10.16330,0.007399999999998741
09-12-2016,10.15590,0.0029000000000003467
08-12-2016,10.15300,0.00020000000000131024
07-12-2016,10.15280,-0.00560000000000116
06-12-2016,10.15840,0.0023999999999997357
05-12-2016,10.15600,0.0051000000000005485
02-12-2016,10.15090,0.00019999999999953388
01-12-2016,10.15070,0.0015999999999998238
30-11-2016,10.14910,0.001800000000001134
29-11-2016,10.14730,0.0018999999999991246
28-11-2016,10.14540,-0.0009999999999994458
25-11-2016,10.14640,0.0018999999999991246
24-11-2016,10.14450,0.0038000000000000256
23-11-2016,10.14070,0.004000000000001336
22-11-2016,10.13670,0.0026999999999990365
21-11-2016,10.13400,0.006800000000000139
18-11-2016,10.12720,0.0037000000000002586
17-11-2016,10.12350,0.0025999999999992696
16-11-2016,10.12090,0.0022999999999999687
15-11-2016,10.11860,0.012600000000000833
11-11-2016,10.10600,0.002100000000000435
10-11-2016,10.10390,0.004099999999999326
09-11-2016,10.09980,0.004699999999999704
08-11-2016,10.09510,0.0016999999999995907
07-11-2016,10.09340,0.0045999999999999375
04-11-2016,10.08880,0.001700000000001367
03-11-2016,10.08710,0.0019999999999988916
02-11-2016,10.08510,0.001800000000001134
01-11-2016,10.08330,0.006299999999999528
28-10-2016,10.07700,0.0018999999999991246
27-10-2016,10.07510,0.00140000000000029
26-10-2016,10.07370,0.001100000000000989
25-10-2016,10.07260,0.0010999999999992127
24-10-2016,10.07150,0.004799999999999471
21-10-2016,10.06670,0.001800000000001134
20-10-2016,10.06490,0.000600000000000378
19-10-2016,10.06430,0.0016999999999995907
18-10-2016,10.06260,0.0010999999999992127
17-10-2016,10.06150,0.0051000000000005485
14-10-2016,10.05640,0.000700000000000145
13-10-2016,10.05570,0.0035000000000007248
10-10-2016,10.05220,0.004199999999999093
07-10-2016,10.04800,0.001200000000000756
06-10-2016,10.04680,0.0038000000000000256
05-10-2016,10.04300,0.005199999999998539
04-10-2016,10.03780,0.002600000000001046
03-10-2016,10.03520,-0.16360000000000063
30-09-2016,10.19880,0.004400000000000404
29-09-2016,10.19440,0.0002999999999993008
28-09-2016,10.19410,0.001900000000000901
27-09-2016,10.19220,0.0030999999999998806
26-09-2016,10.18910,0.007299999999998974
23-09-2016,10.18180,0.0030000000000001137
22-09-2016,10.17880,0.002400000000001512
21-09-2016,10.17640,0.0018999999999991246
20-09-2016,10.17450,0.0017999999999993577
19-09-2016,10.17270,0.005000000000000782
16-09-2016,10.16770,0.0017999999999993577
15-09-2016,10.16590,0.0015000000000000568
14-09-2016,10.16440,0.003400000000000958
12-09-2016,10.16100,0.004899999999999238
09-09-2016,10.15610,0.001800000000001134
08-09-2016,10.15430,0.0016999999999995907
07-09-2016,10.15260,0.00140000000000029
06-09-2016,10.15120,0.006699999999998596
02-09-2016,10.14450,0.0016000000000016001
01-09-2016,10.14290,0.0014999999999982805
31-08-2016,10.14140,0.0016000000000016001
30-08-2016,10.13980,0.0016999999999995907
29-08-2016,10.13810,0.004799999999999471
26-08-2016,10.13330,0.0016999999999995907
25-08-2016,10.13160,0.0015999999999998238
24-08-2016,10.13000,0.002000000000000668
23-08-2016,10.12800,0.0008999999999996788
22-08-2016,10.12710,0.004900000000001015
19-08-2016,10.12220,0.0019999999999988916
18-08-2016,10.12020,0.003400000000000958
16-08-2016,10.11680,0.006499999999999062
12-08-2016,10.11030,0.001900000000000901
11-08-2016,10.10840,0.0017999999999993577
10-08-2016,10.10660,0.00140000000000029
09-08-2016,10.10520,0.0009999999999994458
08-08-2016,10.10420,0.005500000000001393
05-08-2016,10.09870,0.0010999999999992127
04-08-2016,10.09760,0.0017999999999993577
03-08-2016,10.09580,0.0015999999999998238
02-08-2016,10.09420,0.001200000000000756
01-08-2016,10.09300,0.0051000000000005485
29-07-2016,10.08790,0.0016999999999995907
28-07-2016,10.08620,0.0015999999999998238
27-07-2016,10.08460,0.0018999999999991246
26-07-2016,10.08270,0.001800000000001134
25-07-2016,10.08090,0.004899999999999238
22-07-2016,10.07600,0.001800000000001134
21-07-2016,10.07420,0.0015000000000000568
20-07-2016,10.07270,0.0024999999999995026
19-07-2016,10.07020,0.00140000000000029
18-07-2016,10.06880,0.004699999999999704
15-07-2016,10.06410,0.0015000000000000568
14-07-2016,10.06260,0.0023999999999997357
13-07-2016,10.06020,0.0024999999999995026
12-07-2016,10.05770,0.0030000000000001137
11-07-2016,10.05470,0.0058000000000006935
08-07-2016,10.04890,0.0034999999999989484
07-07-2016,10.04540,0.0037000000000002586
05-07-2016,10.04170,0.0029000000000003467
04-07-2016,10.03880,0.006899999999999906
01-07-2016,10.03190,0.0035000000000007248
30-06-2016,10.02840,0.0022999999999999687
29-06-2016,10.02610,0.0012999999999987466
28-06-2016,10.02480,0.0015000000000000568
27-06-2016,10.02330,-0.16239999999999988
24-06-2016,10.18570,0.001700000000001367
23-06-2016,10.18400,0.0020999999999986585
22-06-2016,10.18190,0.002500000000001279
21-06-2016,10.17940,0.0017999999999993577
20-06-2016,10.17760,0.005300000000000082
17-06-2016,10.17230,0.0018999999999991246
16-06-2016,10.17040,0.0016000000000016001
15-06-2016,10.16880,0.0027999999999988034
14-06-2016,10.16600,0.002200000000000202
13-06-2016,10.16380,0.004900000000001015
10-06-2016,10.15890,0.0013999999999985135
09-06-2016,10.15750,0.001900000000000901
08-06-2016,10.15560,0.0031999999999996476
07-06-2016,10.15240,0.0029000000000003467
06-06-2016,10.14950,0.005599999999999383
03-06-2016,10.14390,0.002200000000000202
02-06-2016,10.14170,0.001900000000000901
01-06-2016,10.13980,0.0018999999999991246
31-05-2016,10.13790,0.001200000000000756
30-05-2016,10.13670,0.005199999999998539
27-05-2016,10.13150,0.001800000000001134
26-05-2016,10.12970,0.0017999999999993577
25-05-2016,10.12790,0.001800000000001134
24-05-2016,10.12610,0.0019999999999988916
23-05-2016,10.12410,0.005499999999999616
20-05-2016,10.11860,0.001700000000001367
19-05-2016,10.11690,0.002200000000000202
18-05-2016,10.11470,0.0021999999999984254
17-05-2016,10.11250,0.001900000000000901
16-05-2016,10.11060,0.005300000000000082
13-05-2016,10.10530,0.0017999999999993577
12-05-2016,10.10350,0.0022999999999999687
11-05-2016,10.10120,0.0022999999999999687
10-05-2016,10.09890,0.002100000000000435
09-05-2016,10.09680,0.005499999999999616
06-05-2016,10.09130,0.0016999999999995907
05-05-2016,10.08960,0.001900000000000901
04-05-2016,10.08770,0.0018999999999991246
03-05-2016,10.08580,0.001800000000001134
02-05-2016,10.08400,0.005599999999999383
29-04-2016,10.07840,0.0016999999999995907
28-04-2016,10.07670,0.001900000000000901
27-04-2016,10.07480,0.0018999999999991246
26-04-2016,10.07290,0.0015000000000000568
25-04-2016,10.07140,0.005500000000001393
22-04-2016,10.06590,0.0017999999999993577
21-04-2016,10.06410,0.0015999999999998238
20-04-2016,10.06250,0.0036000000000004917
18-04-2016,10.05890,0.009100000000000108
13-04-2016,10.04980,0.0018999999999991246
12-04-2016,10.04790,0.002100000000000435
11-04-2016,10.04580,0.008399999999999963
07-04-2016,10.03740,0.002000000000000668
06-04-2016,10.03540,0.0011999999999989797
05-04-2016,10.03420,0.0023999999999997357
04-04-2016,10.03180,0.009199999999999875
31-03-2016,10.02260,0.006600000000000605
30-03-2016,10.01600,0.0029000000000003467
29-03-2016,10.01310,-0.1570999999999998
28-03-2016,10.17020,0.007999999999999119
23-03-2016,10.16220,0.00140000000000029
22-03-2016,10.16080,0.0015999999999998238
21-03-2016,10.15920,0.005300000000000082
18-03-2016,10.15390,0.002200000000000202
17-03-2016,10.15170,0.002200000000000202
16-03-2016,10.14950,0.0018999999999991246
15-03-2016,10.14760,0.0029000000000003467
14-03-2016,10.14470,0.006800000000000139
11-03-2016,10.13790,0.002000000000000668
10-03-2016,10.13590,0.0012999999999987466
09-03-2016,10.13460,0.0015000000000000568
08-03-2016,10.13310,0.007200000000000983
04-03-2016,10.12590,0.0016999999999995907
03-03-2016,10.12420,0.0017999999999993577
02-03-2016,10.12240,0.002100000000000435
01-03-2016,10.12030,0.002000000000000668
29-02-2016,10.11830,0.005799999999998917
26-02-2016,10.11250,0.0015000000000000568
25-02-2016,10.11100,0.0015999999999998238
24-02-2016,10.10940,0.001800000000001134
23-02-2016,10.10760,0.0015999999999998238
22-02-2016,10.10600,0.006700000000000372
18-02-2016,10.09930,0.0019999999999988916
17-02-2016,10.09730,0.001900000000000901
16-02-2016,10.09540,0.0018999999999991246
15-02-2016,10.09350,0.005399999999999849
12-02-2016,10.08810,0.001800000000001134
11-02-2016,10.08630,0.0016999999999995907
10-02-2016,10.08460,0.0015000000000000568
09-02-2016,10.08310,0.0017999999999993577
08-02-2016,10.08130,0.004900000000001015
05-02-2016,10.07640,0.0017999999999993577
04-02-2016,10.07460,0.0016999999999995907
03-02-2016,10.07290,0.001100000000000989
02-02-2016,10.07180,0.0017999999999993577
01-02-2016,10.07000,0.005300000000000082
29-01-2016,10.06470,0.0017999999999993577
28-01-2016,10.06290,0.001100000000000989
27-01-2016,10.06180,0.0032999999999994145
25-01-2016,10.05850,0.0052000000000003155
22-01-2016,10.05330,0.0007999999999999119
21-01-2016,10.05250,0.001900000000000901
20-01-2016,10.05060,0.0015999999999998238
19-01-2016,10.04900,0.0015999999999998238
18-01-2016,10.04740,0.0051000000000005485
15-01-2016,10.04230,0.0017999999999993577
14-01-2016,10.04050,0.0015999999999998238
13-01-2016,10.03890,0.0018999999999991246
12-01-2016,10.03700,0.001100000000000989
11-01-2016,10.03590,0.0051000000000005485
08-01-2016,10.03080,0.0017999999999993577
07-01-2016,10.02900,0.0010999999999992127
06-01-2016,10.02790,0.0015000000000000568
05-01-2016,10.02640,0.00140000000000029
04-01-2016,10.02500,0.005499999999999616
01-01-2016,10.01950,0.002400000000001512
31-12-2015,10.01710,0.0026999999999990365
30-12-2015,10.01440,0.0039999999999995595
29-12-2015,10.01040,-0.17859999999999943
28-12-2015,10.18900,0.009700000000000486
23-12-2015,10.17930,0.0015999999999998238
22-12-2015,10.17770,0.0017999999999993577
21-12-2015,10.17590,0.00590000000000046
18-12-2015,10.17000,0.0015000000000000568
17-12-2015,10.16850,0.002000000000000668
16-12-2015,10.16650,0.0018999999999991246
15-12-2015,10.16460,0.002000000000000668
14-12-2015,10.16260,0.0045999999999999375
11-12-2015,10.15800,0.0012999999999987466
10-12-2015,10.15670,0.0022999999999999687
09-12-2015,10.15440,0.001200000000000756
08-12-2015,10.15320,0.0015000000000000568
07-12-2015,10.15170,0.004699999999999704
04-12-2015,10.14700,0.0016999999999995907
03-12-2015,10.14530,0.002500000000001279
02-12-2015,10.14280,0.0016999999999995907
01-12-2015,10.14110,0.001300000000000523
30-11-2015,10.13980,0.005199999999998539
27-11-2015,10.13460,0.00140000000000029
26-11-2015,10.13320,0.0038999999999997925
24-11-2015,10.12930,0.001900000000000901
23-11-2015,10.12740,0.004899999999999238
20-11-2015,10.12250,0.000600000000000378
19-11-2015,10.12190,0.002000000000000668
18-11-2015,10.11990,0.0017999999999993577
17-11-2015,10.11810,0.0017999999999993577
16-11-2015,10.11630,0.004900000000001015
13-11-2015,10.11140,0.004799999999999471
10-11-2015,10.10660,0.0016999999999995907
09-11-2015,10.10490,0.004700000000001481
06-11-2015,10.10020,0.0015999999999998238
05-11-2015,10.09860,0.0020999999999986585
04-11-2015,10.09650,0.002100000000000435
03-11-2015,10.09440,0.002100000000000435
02-11-2015,10.09230,0.004799999999999471
30-10-2015,10.08750,0.0015999999999998238
29-10-2015,10.08590,0.0015999999999998238
28-10-2015,10.08430,0.001800000000001134
27-10-2015,10.08250,0.0015000000000000568
26-10-2015,10.08100,0.004799999999999471
23-10-2015,10.07620,0.0036000000000004917
21-10-2015,10.07260,0.0009999999999994458
20-10-2015,10.07160,0.001200000000000756
19-10-2015,10.07040,0.006000000000000227
16-10-2015,10.06440,0.0012999999999987466
15-10-2015,10.06310,0.002100000000000435
14-10-2015,10.06100,0.0017999999999993577
13-10-2015,10.05920,0.0015999999999998238
12-10-2015,10.05760,0.0052000000000003155
09-10-2015,10.05240,0.0016999999999995907
08-10-2015,10.05070,0.00140000000000029
07-10-2015,10.04930,0.001200000000000756
06-10-2015,10.04810,0.002000000000000668
05-10-2015,10.04610,0.007299999999998974
01-10-2015,10.03880,0.0015000000000000568
30-09-2015,10.03730,0.00420000000000087
29-09-2015,10.03310,0.006199999999999761
28-09-2015,10.02690,-0.0727000000000011
24-09-2015,10.09960,0.002100000000000435
23-09-2015,10.09750,0.002000000000000668
22-09-2015,10.09550,0.0020999999999986585
21-09-2015,10.09340,0.0057000000000009265
18-09-2015,10.08770,0.004199999999999093
16-09-2015,10.08350,0.002200000000000202
15-09-2015,10.08130,0.0010000000000012221
14-09-2015,10.08030,0.004899999999999238
11-09-2015,10.07540,0.001200000000000756
10-09-2015,10.07420,0.0008999999999996788
09-09-2015,10.07330,0.0016999999999995907
08-09-2015,10.07160,0.0023999999999997357
07-09-2015,10.06920,0.0051000000000005485
04-09-2015,10.06410,0.0016999999999995907
03-09-2015,10.06240,0.002100000000000435
02-09-2015,10.06030,0.0018999999999991246
01-09-2015,10.05840,0.0009000000000014552
31-08-2015,10.05750,0.005199999999998539
28-08-2015,10.05230,0.001700000000001367
27-08-2015,10.05060,0.0034999999999989484
26-08-2015,10.04710,0.001900000000000901
25-08-2015,10.04520,0.0010999999999992127
24-08-2015,10.04410,0.005000000000000782
21-08-2015,10.03910,0.00140000000000029
20-08-2015,10.03770,0.0017999999999993577
19-08-2015,10.03590,0.0033999999999991815
17-08-2015,10.03250,0.004900000000001015
14-08-2015,10.02760,0.0011999999999989797
13-08-2015,10.02640,0.001800000000001134
12-08-2015,10.02460,0.0017999999999993577
11-08-2015,10.02280,0.0017999999999993577
10-08-2015,10.02100,0.005300000000000082
07-08-2015,10.01570,0.0016000000000016001
06-08-2015,10.01410,0.0019999999999988916
05-08-2015,10.01210,0.002100000000000435
04-08-2015,10.01000,0.002000000000000668
03-08-2015,10.00800,0.00709999999999944
31-07-2015,10.00090,-0.052100000000001145
15-09-2014,10.05300,0.0064000000000010715
12-09-2014,10.04660,0.0022999999999999687
11-09-2014,10.04430,0.002000000000000668
10-09-2014,10.04230,0.0027999999999988034
09-09-2014,10.03950,0.001900000000000901
08-09-2014,10.03760,0.006099999999999994
05-09-2014,10.03150,0.0019999999999988916
04-09-2014,10.02950,0.002200000000000202
03-09-2014,10.02730,0.0022999999999999687
02-09-2014,10.02500,0.002100000000000435
01-09-2014,10.02290,0.008100000000000662
28-08-2014,10.01480,0.0020999999999986585
27-08-2014,10.01270,0.002100000000000435
26-08-2014,10.01060,0.002100000000000435
25-08-2014,10.00850,0.006299999999999528
22-08-2014,10.00220,
