date,nav,dayChange
19-06-2024,28.71400,-0.03100000000000236
18-06-2024,28.74500,0.13700000000000045
14-06-2024,28.60800,0.12399999999999878
13-06-2024,28.48400,0.07700000000000173
12-06-2024,28.40700,0.08299999999999841
11-06-2024,28.32400,0.06300000000000239
10-06-2024,28.26100,0.029999999999997584
07-06-2024,28.23100,0.2530000000000001
06-06-2024,27.97800,0.23700000000000188
05-06-2024,27.74100,0.3930000000000007
04-06-2024,27.34800,-0.9359999999999999
03-06-2024,28.28400,0.4569999999999972
31-05-2024,27.82700,0.038000000000000256
30-05-2024,27.78900,-0.0519999999999996
29-05-2024,27.84100,-0.03399999999999892
28-05-2024,27.87500,-0.0940000000000012
27-05-2024,27.96900,0.045000000000001705
24-05-2024,27.92400,0.07199999999999918
23-05-2024,27.85200,0.13599999999999923
22-05-2024,27.71600,0.037000000000002586
21-05-2024,27.67900,0.07499999999999929
17-05-2024,27.60400,0.11299999999999955
16-05-2024,27.49100,0.11400000000000077
15-05-2024,27.37700,0.10999999999999943
14-05-2024,27.26700,0.08500000000000085
13-05-2024,27.18200,-0.019000000000001904
10-05-2024,27.20100,0.08600000000000207
09-05-2024,27.11500,-0.16000000000000014
08-05-2024,27.27500,0.00999999999999801
07-05-2024,27.26500,-0.0940000000000012
06-05-2024,27.35900,-0.04199999999999804
03-05-2024,27.40100,0.030000000000001137
02-05-2024,27.37100,0.0329999999999977
30-04-2024,27.33800,0.0990000000000002
29-04-2024,27.23900,0.06500000000000128
26-04-2024,27.17400,-0.018000000000000682
25-04-2024,27.19200,0.04899999999999949
24-04-2024,27.14300,0.027000000000001023
23-04-2024,27.11600,0.036000000000001364
22-04-2024,27.08000,0.053999999999998494
19-04-2024,27.02600,0.053999999999998494
18-04-2024,26.97200,-0.0030000000000001137
16-04-2024,26.97500,0.030000000000001137
15-04-2024,26.94500,-0.06400000000000006
12-04-2024,27.00900,0.04400000000000048
10-04-2024,26.96500,0.0470000000000006
09-04-2024,26.91800,0.02400000000000091
08-04-2024,26.89400,0.027999999999998693
05-04-2024,26.86600,0.05000000000000071
04-04-2024,26.81600,0.07000000000000028
03-04-2024,26.74600,0.05699999999999861
02-04-2024,26.68900,0.038000000000000256
01-04-2024,26.65100,0.11100000000000065
31-03-2024,26.54000,0.0030000000000001137
28-03-2024,26.53700,0.09600000000000009
27-03-2024,26.44100,0.010999999999999233
26-03-2024,26.43000,0.03200000000000003
22-03-2024,26.39800,0.018000000000000682
21-03-2024,26.38000,0.12899999999999778
20-03-2024,26.25100,-0.01699999999999946
19-03-2024,26.26800,-0.06199999999999761
18-03-2024,26.33000,0.013999999999999346
15-03-2024,26.31600,-0.08600000000000207
14-03-2024,26.40200,0.08699999999999974
13-03-2024,26.31500,-0.19099999999999895
12-03-2024,26.50600,-0.0470000000000006
11-03-2024,26.55300,-0.0519999999999996
07-03-2024,26.60500,0.054999999999999716
06-03-2024,26.55000,-0.04499999999999815
05-03-2024,26.59500,-0.015000000000000568
04-03-2024,26.61000,0.015999999999998238
01-03-2024,26.59400,0.09700000000000131
29-02-2024,26.49700,0.004000000000001336
28-02-2024,26.49300,-0.0400000000000027
27-02-2024,26.53300,0.005000000000002558
26-02-2024,26.52800,-0.011000000000002785
23-02-2024,26.53900,0.03900000000000148
22-02-2024,26.50000,0.01899999999999835
21-02-2024,26.48100,-0.03599999999999781
20-02-2024,26.51700,0.015000000000000568
19-02-2024,26.50200,0.028999999999999915
16-02-2024,26.47300,0.06299999999999883
15-02-2024,26.41000,0.06299999999999883
14-02-2024,26.34700,0.04800000000000182
13-02-2024,26.29900,0.0259999999999998
12-02-2024,26.27300,-0.09100000000000108
09-02-2024,26.36400,-0.04299999999999926
08-02-2024,26.40700,-0.05799999999999983
07-02-2024,26.46500,0.004000000000001336
06-02-2024,26.46100,0.03599999999999781
05-02-2024,26.42500,-0.01899999999999835
02-02-2024,26.44400,0.04299999999999926
01-02-2024,26.40100,-0.0019999999999988916
31-01-2024,26.40300,0.10099999999999909
30-01-2024,26.30200,-0.036999999999999034
29-01-2024,26.33900,0.09399999999999764
25-01-2024,26.24500,0.004000000000001336
24-01-2024,26.24100,0.10999999999999943
23-01-2024,26.13100,-0.19399999999999906
19-01-2024,26.32500,0.10099999999999909
18-01-2024,26.22400,-0.054999999999999716
17-01-2024,26.27900,-0.15500000000000114
16-01-2024,26.43400,-0.01899999999999835
15-01-2024,26.45300,0.09399999999999764
12-01-2024,26.35900,0.05100000000000193
11-01-2024,26.30800,0.02499999999999858
10-01-2024,26.28300,0.0070000000000014495
09-01-2024,26.27600,-0.004999999999999005
08-01-2024,26.28100,-0.05700000000000216
05-01-2024,26.33800,0.030000000000001137
04-01-2024,26.30800,0.06700000000000017
03-01-2024,26.24100,-0.06899999999999906
02-01-2024,26.31000,-0.043000000000002814
01-01-2024,26.35300,0.10100000000000264
29-12-2023,26.25200,0.0849999999999973
28-12-2023,26.16700,0.08300000000000196
27-12-2023,26.08400,0.05999999999999872
26-12-2023,26.02400,0.06700000000000017
22-12-2023,25.95700,0.0779999999999994
21-12-2023,25.87900,0.03900000000000148
20-12-2023,25.84000,-0.21399999999999864
19-12-2023,26.05400,0.01899999999999835
18-12-2023,26.03500,0.018000000000000682
15-12-2023,26.01700,0.09699999999999775
14-12-2023,25.92000,0.14000000000000057
13-12-2023,25.78000,0.07500000000000284
12-12-2023,25.70500,-0.011000000000002785
11-12-2023,25.71600,0.09500000000000242
08-12-2023,25.62100,0.023999999999997357
07-12-2023,25.59700,-0.006999999999997897
06-12-2023,25.60400,0.0329999999999977
05-12-2023,25.57100,0.07400000000000162
04-12-2023,25.49700,0.2560000000000002
01-12-2023,25.24100,0.16999999999999815
30-11-2023,25.07100,0.06400000000000006
29-11-2023,25.00700,0.15800000000000125
28-11-2023,24.84900,0.06800000000000139
24-11-2023,24.78100,-0.005000000000002558
23-11-2023,24.78600,0.02400000000000091
22-11-2023,24.76200,0.004000000000001336
21-11-2023,24.75800,0.009000000000000341
20-11-2023,24.74900,-0.028999999999999915
17-11-2023,24.77800,-0.021000000000000796
16-11-2023,24.79900,0.05999999999999872
15-11-2023,24.73900,0.11400000000000077
13-11-2023,24.62500,0.08899999999999864
10-11-2023,24.53600,0.04400000000000048
09-11-2023,24.49200,-0.00999999999999801
08-11-2023,24.50200,0.08199999999999719
07-11-2023,24.42000,0.02500000000000213
06-11-2023,24.39500,0.0519999999999996
03-11-2023,24.34300,0.05799999999999983
02-11-2023,24.28500,0.07900000000000063
01-11-2023,24.20600,-0.05600000000000094
31-10-2023,24.26200,-0.006000000000000227
30-10-2023,24.26800,-0.027999999999998693
27-10-2023,24.29600,0.1490000000000009
26-10-2023,24.14700,-0.10600000000000165
25-10-2023,24.25300,-0.06800000000000139
23-10-2023,24.32100,-0.16799999999999926
20-10-2023,24.48900,-0.0799999999999983
19-10-2023,24.56900,0.0
18-10-2023,24.56900,-0.08200000000000074
17-10-2023,24.65100,0.02400000000000091
16-10-2023,24.62700,0.022999999999999687
13-10-2023,24.60400,0.021000000000000796
12-10-2023,24.58300,-0.010000000000001563
11-10-2023,24.59300,0.045000000000001705
10-10-2023,24.54800,0.10699999999999932
09-10-2023,24.44100,-0.11899999999999977
06-10-2023,24.56000,0.055999999999997385
05-10-2023,24.50400,0.030000000000001137
04-10-2023,24.47400,-0.07600000000000051
03-10-2023,24.55000,0.0030000000000001137
29-09-2023,24.54700,0.013999999999999346
27-09-2023,24.53300,0.0519999999999996
26-09-2023,24.48100,0.010000000000001563
25-09-2023,24.47100,0.036999999999999034
22-09-2023,24.43400,-0.038000000000000256
21-09-2023,24.47200,-0.08799999999999741
20-09-2023,24.56000,-0.06800000000000139
18-09-2023,24.62800,0.010999999999999233
15-09-2023,24.61700,0.004000000000001336
14-09-2023,24.61300,0.05600000000000094
13-09-2023,24.55700,0.0589999999999975
12-09-2023,24.49800,-0.21099999999999852
11-09-2023,24.70900,0.08299999999999841
08-09-2023,24.62600,0.11200000000000188
07-09-2023,24.51400,0.0329999999999977
06-09-2023,24.48100,0.0070000000000014495
05-09-2023,24.47400,0.004000000000001336
04-09-2023,24.47000,0.0730000000000004
01-09-2023,24.39700,0.09999999999999787
31-08-2023,24.29700,-0.021999999999998465
30-08-2023,24.31900,0.003999999999997783
29-08-2023,24.31500,0.03500000000000014
28-08-2023,24.28000,0.043000000000002814
25-08-2023,24.23700,0.015999999999998238
24-08-2023,24.22100,0.013000000000001677
23-08-2023,24.20800,0.010999999999999233
22-08-2023,24.19700,0.05699999999999861
21-08-2023,24.14000,0.06599999999999895
18-08-2023,24.07400,0.009000000000000341
17-08-2023,24.06500,-0.02499999999999858
16-08-2023,24.09000,0.021000000000000796
14-08-2023,24.06900,-0.022999999999999687
11-08-2023,24.09200,-0.010000000000001563
10-08-2023,24.10200,-0.05699999999999861
09-08-2023,24.15900,0.023999999999997357
08-08-2023,24.13500,0.038000000000000256
07-08-2023,24.09700,-0.006999999999997897
04-08-2023,24.10400,0.04100000000000037
03-08-2023,24.06300,-0.02500000000000213
02-08-2023,24.08800,-0.09600000000000009
01-08-2023,24.18400,0.0010000000000012221
31-07-2023,24.18300,0.062000000000001165
28-07-2023,24.12100,0.0019999999999988916
27-07-2023,24.11900,-0.045999999999999375
26-07-2023,24.16500,0.038999999999997925
25-07-2023,24.12600,0.05900000000000105
24-07-2023,24.06700,0.019999999999999574
21-07-2023,24.04700,-0.04299999999999926
20-07-2023,24.09000,0.047999999999998266
19-07-2023,24.04200,0.052000000000003155
18-07-2023,23.99000,0.03399999999999892
17-07-2023,23.95600,0.05699999999999861
14-07-2023,23.89900,0.062000000000001165
13-07-2023,23.83700,0.01899999999999835
12-07-2023,23.81800,0.01600000000000179
11-07-2023,23.80200,0.06799999999999784
10-07-2023,23.73400,-0.038999999999997925
07-07-2023,23.77300,-0.10300000000000153
06-07-2023,23.87600,0.05700000000000216
05-07-2023,23.81900,0.0519999999999996
04-07-2023,23.76700,0.07399999999999807
03-07-2023,23.69300,0.03300000000000125
30-06-2023,23.66000,0.07000000000000028
28-06-2023,23.59000,0.08200000000000074
27-06-2023,23.50800,0.021000000000000796
26-06-2023,23.48700,0.07699999999999818
23-06-2023,23.41000,-0.10200000000000031
22-06-2023,23.51200,-0.08200000000000074
21-06-2023,23.59400,0.015000000000000568
20-06-2023,23.57900,0.036999999999999034
19-06-2023,23.54200,-0.015999999999998238
16-06-2023,23.55800,0.11100000000000065
15-06-2023,23.44700,0.00999999999999801
14-06-2023,23.43700,-0.007999999999999119
13-06-2023,23.44500,0.09100000000000108
12-06-2023,23.35400,0.04899999999999949
09-06-2023,23.30500,0.013999999999999346
08-06-2023,23.29100,-0.045999999999999375
07-06-2023,23.33700,0.03200000000000003
06-06-2023,23.30500,0.03300000000000125
05-06-2023,23.27200,0.0259999999999998
02-06-2023,23.24600,0.03599999999999781
01-06-2023,23.21000,0.018000000000000682
31-05-2023,23.19200,-0.006000000000000227
30-05-2023,23.19800,0.027000000000001023
29-05-2023,23.17100,0.027999999999998693
26-05-2023,23.14300,0.08200000000000074
25-05-2023,23.06100,0.03500000000000014
24-05-2023,23.02600,-0.0070000000000014495
23-05-2023,23.03300,-0.004999999999999005
22-05-2023,23.03800,0.053000000000000824
19-05-2023,22.98500,0.0519999999999996
18-05-2023,22.93300,-0.0010000000000012221
17-05-2023,22.93400,-0.06599999999999895
16-05-2023,23.00000,0.006000000000000227
15-05-2023,22.99400,0.030000000000001137
12-05-2023,22.96400,0.03999999999999915
11-05-2023,22.92400,0.07199999999999918
10-05-2023,22.85200,0.054999999999999716
09-05-2023,22.79700,0.02500000000000213
08-05-2023,22.77200,0.1529999999999987
05-05-2023,22.61900,-0.07000000000000028
04-05-2023,22.68900,0.09799999999999898
03-05-2023,22.59100,0.030000000000001137
02-05-2023,22.56100,0.08299999999999841
28-04-2023,22.47800,0.10400000000000276
27-04-2023,22.37400,0.07399999999999807
26-04-2023,22.30000,0.01699999999999946
25-04-2023,22.28300,0.011000000000002785
24-04-2023,22.27200,0.046999999999997044
21-04-2023,22.22500,-0.0009999999999976694
20-04-2023,22.22600,-0.008000000000002672
19-04-2023,22.23400,-0.047999999999998266
18-04-2023,22.28200,0.036000000000001364
17-04-2023,22.24600,0.01799999999999713
13-04-2023,22.22800,0.09100000000000108
12-04-2023,22.13700,0.07700000000000173
11-04-2023,22.06000,0.0259999999999998
10-04-2023,22.03400,-0.022000000000002018
06-04-2023,22.05600,0.06099999999999994
05-04-2023,21.99500,0.08300000000000196
03-04-2023,21.91200,0.038000000000000256
31-03-2023,21.87400,0.14999999999999858
29-03-2023,21.72400,0.129999999999999
28-03-2023,21.59400,-0.04400000000000048
27-03-2023,21.63800,-0.04499999999999815
24-03-2023,21.68300,-0.08500000000000085
23-03-2023,21.76800,-0.030999999999998806
22-03-2023,21.79900,0.07499999999999929
21-03-2023,21.72400,0.053000000000000824
20-03-2023,21.67100,-0.09499999999999886
17-03-2023,21.76600,0.038999999999997925
16-03-2023,21.72700,-0.027999999999998693
15-03-2023,21.75500,-0.0259999999999998
14-03-2023,21.78100,-0.09600000000000009
13-03-2023,21.87700,-0.1769999999999996
10-03-2023,22.05400,-0.07900000000000063
09-03-2023,22.13300,-0.06400000000000006
08-03-2023,22.19700,-0.03500000000000014
06-03-2023,22.23200,0.08800000000000097
03-03-2023,22.14400,0.07499999999999929
02-03-2023,22.06900,-0.09100000000000108
01-03-2023,22.16000,0.0940000000000012
28-02-2023,22.06600,-0.030000000000001137
27-02-2023,22.09600,-0.08299999999999841
24-02-2023,22.17900,0.00999999999999801
23-02-2023,22.16900,-0.021999999999998465
22-02-2023,22.19100,-0.11400000000000077
21-02-2023,22.30500,-0.018000000000000682
20-02-2023,22.32300,-0.02400000000000091
17-02-2023,22.34700,-0.038000000000000256
16-02-2023,22.38500,0.04600000000000293
15-02-2023,22.33900,0.06400000000000006
14-02-2023,22.27500,0.003999999999997783
13-02-2023,22.27100,-0.08200000000000074
10-02-2023,22.35300,0.02300000000000324
09-02-2023,22.33000,0.027999999999998693
08-02-2023,22.30200,0.11100000000000065
07-02-2023,22.19100,-0.008000000000002672
06-02-2023,22.19900,0.03200000000000003
03-02-2023,22.16700,0.120000000000001
02-02-2023,22.04700,0.004000000000001336
01-02-2023,22.04300,-0.007999999999999119
31-01-2023,22.05100,0.03500000000000014
30-01-2023,22.01600,0.06299999999999883
27-01-2023,21.95300,-0.07499999999999929
25-01-2023,22.02800,-0.08500000000000085
24-01-2023,22.11300,0.030000000000001137
23-01-2023,22.08300,0.010999999999999233
20-01-2023,22.07200,-0.08900000000000219
19-01-2023,22.16100,-0.009000000000000341
18-01-2023,22.17000,0.02400000000000091
17-01-2023,22.14600,0.03400000000000247
16-01-2023,22.11200,-0.038000000000000256
13-01-2023,22.15000,0.027999999999998693
12-01-2023,22.12200,0.038000000000000256
11-01-2023,22.08400,0.004000000000001336
10-01-2023,22.08000,-0.018000000000000682
09-01-2023,22.09800,0.0730000000000004
06-01-2023,22.02500,-0.05100000000000193
05-01-2023,22.07600,-0.0799999999999983
04-01-2023,22.15600,-0.062000000000001165
03-01-2023,22.21800,0.03399999999999892
02-01-2023,22.18400,0.027000000000001023
30-12-2022,22.15700,-0.015999999999998238
29-12-2022,22.17300,0.03499999999999659
28-12-2022,22.13800,-0.020999999999997243
27-12-2022,22.15900,0.045999999999999375
26-12-2022,22.11300,0.1739999999999995
23-12-2022,21.93900,-0.17999999999999972
22-12-2022,22.11900,-0.04299999999999926
21-12-2022,22.16200,-0.0920000000000023
20-12-2022,22.25400,-0.01899999999999835
19-12-2022,22.27300,0.045999999999999375
16-12-2022,22.22700,-0.11199999999999832
15-12-2022,22.33900,-0.06300000000000239
14-12-2022,22.40200,0.053000000000000824
13-12-2022,22.34900,0.03300000000000125
12-12-2022,22.31600,0.01699999999999946
09-12-2022,22.29900,-0.04800000000000182
08-12-2022,22.34700,0.015000000000000568
07-12-2022,22.33200,-0.027000000000001023
06-12-2022,22.35900,-0.054999999999999716
05-12-2022,22.41400,-0.011999999999996902
02-12-2022,22.42600,0.012999999999998124
01-12-2022,22.41300,0.05999999999999872
30-11-2022,22.35300,0.06099999999999994
29-11-2022,22.29200,0.008000000000002672
28-11-2022,22.28400,0.05699999999999861
25-11-2022,22.22700,0.004000000000001336
24-11-2022,22.22300,0.07399999999999807
23-11-2022,22.14900,0.02500000000000213
22-11-2022,22.12400,0.027999999999998693
21-11-2022,22.09600,-0.03200000000000003
18-11-2022,22.12800,-0.038000000000000256
17-11-2022,22.16600,-0.05799999999999983
16-11-2022,22.22400,-0.038000000000000256
15-11-2022,22.26200,0.022000000000002018
14-11-2022,22.24000,0.0019999999999988916
11-11-2022,22.23800,0.10500000000000043
10-11-2022,22.13300,-0.054000000000002046
09-11-2022,22.18700,-0.020999999999997243
07-11-2022,22.20800,0.045999999999999375
04-11-2022,22.16200,0.006000000000000227
03-11-2022,22.15600,-0.05600000000000094
02-11-2022,22.21200,-0.010000000000001563
01-11-2022,22.22200,0.08800000000000097
31-10-2022,22.13400,0.13899999999999935
28-10-2022,21.99500,-0.023999999999997357
27-10-2022,22.01900,0.006999999999997897
25-10-2022,22.01200,0.04299999999999926
21-10-2022,21.96900,-0.06199999999999761
20-10-2022,22.03100,-0.008000000000002672
19-10-2022,22.03900,-0.0030000000000001137
18-10-2022,22.04200,0.0660000000000025
17-10-2022,21.97600,0.045999999999999375
14-10-2022,21.93000,0.036000000000001364
13-10-2022,21.89400,-0.07200000000000273
12-10-2022,21.96600,0.03400000000000247
11-10-2022,21.93200,-0.1509999999999998
10-10-2022,22.08300,-0.06300000000000239
07-10-2022,22.14600,-0.05099999999999838
06-10-2022,22.19700,0.04400000000000048
04-10-2022,22.15300,0.2129999999999974
03-10-2022,21.94000,-0.12599999999999767
30-09-2022,22.06600,0.15399999999999991
29-09-2022,21.91200,-0.013999999999999346
28-09-2022,21.92600,-0.06400000000000006
27-09-2022,21.99000,0.010999999999999233
26-09-2022,21.97900,-0.22300000000000253
23-09-2022,22.20200,-0.21199999999999974
22-09-2022,22.41400,-0.01799999999999713
21-09-2022,22.43200,-0.04100000000000037
20-09-2022,22.47300,0.125
19-09-2022,22.34800,0.028999999999999915
16-09-2022,22.31900,-0.2660000000000018
15-09-2022,22.58500,-0.003999999999997783
14-09-2022,22.58900,-0.01600000000000179
13-09-2022,22.60500,0.08200000000000074
12-09-2022,22.52300,0.10000000000000142
09-09-2022,22.42300,0.05999999999999872
08-09-2022,22.36300,0.07600000000000051
07-09-2022,22.28700,0.00999999999999801
06-09-2022,22.27700,-0.05000000000000071
05-09-2022,22.32700,0.06700000000000017
02-09-2022,22.26000,-0.006999999999997897
01-09-2022,22.26700,-0.0030000000000001137
30-08-2022,22.27000,0.27199999999999847
29-08-2022,21.99800,-0.10099999999999909
26-08-2022,22.09900,0.0030000000000001137
25-08-2022,22.09600,-0.036000000000001364
24-08-2022,22.13200,0.028000000000002245
23-08-2022,22.10400,0.03200000000000003
22-08-2022,22.07200,-0.19000000000000128
19-08-2022,22.26200,-0.15200000000000102
18-08-2022,22.41400,-0.030999999999998806
17-08-2022,22.44500,0.1280000000000001
16-08-2022,22.31700,0.1410000000000018
12-08-2022,22.17600,0.005999999999996675
11-08-2022,22.17000,0.10900000000000176
10-08-2022,22.06100,-0.013999999999999346
08-08-2022,22.07500,0.029999999999997584
05-08-2022,22.04500,-0.013999999999999346
04-08-2022,22.05900,0.05100000000000193
03-08-2022,22.00800,-0.04400000000000048
02-08-2022,22.05200,0.018000000000000682
01-08-2022,22.03400,0.11599999999999966
29-07-2022,21.91800,0.12399999999999878
28-07-2022,21.79400,0.24600000000000222
27-07-2022,21.54800,0.09599999999999653
26-07-2022,21.45200,-0.09299999999999997
25-07-2022,21.54500,0.008000000000002672
22-07-2022,21.53700,0.02499999999999858
21-07-2022,21.51200,0.1280000000000001
20-07-2022,21.38400,0.05699999999999861
19-07-2022,21.32700,0.0400000000000027
18-07-2022,21.28700,0.16900000000000048
15-07-2022,21.11800,0.08699999999999974
14-07-2022,21.03100,-0.02500000000000213
13-07-2022,21.05600,-0.010999999999999233
12-07-2022,21.06700,-0.10800000000000054
11-07-2022,21.17500,0.022000000000002018
08-07-2022,21.15300,0.0259999999999998
07-07-2022,21.12700,0.11199999999999832
06-07-2022,21.01500,0.2240000000000002
05-07-2022,20.79100,0.03200000000000003
04-07-2022,20.75900,0.07499999999999929
01-07-2022,20.68400,0.06300000000000239
30-06-2022,20.62100,-0.014000000000002899
29-06-2022,20.63500,-0.06599999999999895
28-06-2022,20.70100,-0.012999999999998124
27-06-2022,20.71400,0.08299999999999841
24-06-2022,20.63100,0.07499999999999929
23-06-2022,20.55600,0.09500000000000242
22-06-2022,20.46100,-0.08600000000000207
21-06-2022,20.54700,0.13299999999999912
20-06-2022,20.41400,0.037000000000002586
17-06-2022,20.37700,-0.0730000000000004
16-06-2022,20.45000,-0.15600000000000236
15-06-2022,20.60600,0.07900000000000063
14-06-2022,20.52700,-0.027999999999998693
13-06-2022,20.55500,-0.26399999999999935
10-06-2022,20.81900,-0.11200000000000188
09-06-2022,20.93100,0.04299999999999926
08-06-2022,20.88800,0.005000000000002558
07-06-2022,20.88300,-0.09700000000000131
06-06-2022,20.98000,-0.03200000000000003
03-06-2022,21.01200,-0.11100000000000065
02-06-2022,21.12300,0.028000000000002245
01-06-2022,21.09500,-0.04899999999999949
31-05-2022,21.14400,0.05299999999999727
30-05-2022,21.09100,0.18599999999999994
27-05-2022,20.90500,0.13800000000000168
26-05-2022,20.76700,0.07600000000000051
25-05-2022,20.69100,-0.0710000000000015
24-05-2022,20.76200,-0.05699999999999861
23-05-2022,20.81900,-0.012000000000000455
20-05-2022,20.83100,0.1479999999999997
19-05-2022,20.68300,-0.22100000000000009
18-05-2022,20.90400,-0.0019999999999988916
17-05-2022,20.90600,0.16699999999999804
16-05-2022,20.73900,0.08800000000000097
13-05-2022,20.65100,0.01899999999999835
12-05-2022,20.63200,-0.129999999999999
11-05-2022,20.76200,-0.036999999999999034
10-05-2022,20.79900,-0.036999999999999034
09-05-2022,20.83600,-0.04800000000000182
06-05-2022,20.88400,-0.22100000000000009
05-05-2022,21.10500,0.01600000000000179
04-05-2022,21.08900,-0.23700000000000188
02-05-2022,21.32600,-0.03399999999999892
29-04-2022,21.36000,-0.08900000000000219
28-04-2022,21.44900,0.0870000000000033
27-04-2022,21.36200,-0.120000000000001
26-04-2022,21.48200,0.08999999999999986
25-04-2022,21.39200,-0.08600000000000207
22-04-2022,21.47800,-0.0990000000000002
21-04-2022,21.57700,0.11200000000000188
20-04-2022,21.46500,0.04499999999999815
19-04-2022,21.42000,-0.10899999999999821
18-04-2022,21.52900,-0.14000000000000057
13-04-2022,21.66900,-0.027999999999998693
12-04-2022,21.69700,-0.06400000000000006
11-04-2022,21.76100,-0.019000000000001904
08-04-2022,21.78000,0.054000000000002046
07-04-2022,21.72600,-0.045000000000001705
06-04-2022,21.77100,-0.07699999999999818
05-04-2022,21.84800,0.027999999999998693
04-04-2022,21.82000,0.1529999999999987
01-04-2022,21.66700,0.10100000000000264
31-03-2022,21.56600,0.004999999999999005
30-03-2022,21.56100,0.12600000000000122
29-03-2022,21.43500,0.07099999999999795
28-03-2022,21.36400,0.013999999999999346
25-03-2022,21.35000,-0.038000000000000256
24-03-2022,21.38800,-0.03599999999999781
23-03-2022,21.42400,-0.013000000000001677
22-03-2022,21.43700,0.04400000000000048
21-03-2022,21.39300,-0.09999999999999787
17-03-2022,21.49300,0.12899999999999778
16-03-2022,21.36400,0.14000000000000057
15-03-2022,21.22400,-0.021000000000000796
14-03-2022,21.24500,0.0990000000000002
11-03-2022,21.14600,0.0030000000000001137
10-03-2022,21.14300,0.13200000000000145
09-03-2022,21.01100,0.15700000000000003
08-03-2022,20.85400,0.12199999999999989
07-03-2022,20.73200,-0.23700000000000188
04-03-2022,20.96900,-0.1509999999999998
03-03-2022,21.12000,-0.12399999999999878
02-03-2022,21.24400,-0.1490000000000009
28-02-2022,21.39300,0.019000000000001904
25-02-2022,21.37400,0.2579999999999991
24-02-2022,21.11600,-0.4250000000000007
23-02-2022,21.54100,-0.010999999999999233
22-02-2022,21.55200,-0.02400000000000091
21-02-2022,21.57600,-0.030000000000001137
18-02-2022,21.60600,-0.029999999999997584
17-02-2022,21.63600,-0.03900000000000148
16-02-2022,21.67500,-0.015999999999998238
15-02-2022,21.69100,0.17299999999999827
14-02-2022,21.51800,-0.21199999999999974
11-02-2022,21.73000,-0.08399999999999963
10-02-2022,21.81400,0.036999999999999034
09-02-2022,21.77700,0.08399999999999963
08-02-2022,21.69300,-0.029999999999997584
07-02-2022,21.72300,-0.08600000000000207
04-02-2022,21.80900,-0.02699999999999747
03-02-2022,21.83600,-0.06800000000000139
02-02-2022,21.90400,0.08800000000000097
01-02-2022,21.81600,0.08999999999999986
31-01-2022,21.72600,0.08699999999999974
28-01-2022,21.63900,0.018000000000000682
27-01-2022,21.62100,-0.06400000000000006
25-01-2022,21.68500,0.015999999999998238
24-01-2022,21.66900,-0.18700000000000117
21-01-2022,21.85600,-0.09600000000000009
20-01-2022,21.95200,-0.047999999999998266
19-01-2022,22.00000,-0.06899999999999906
18-01-2022,22.06900,-0.054000000000002046
17-01-2022,22.12300,0.01699999999999946
14-01-2022,22.10600,-0.010999999999999233
13-01-2022,22.11700,-0.00999999999999801
12-01-2022,22.12700,0.012000000000000455
11-01-2022,22.11500,0.004999999999999005
10-01-2022,22.11000,0.038999999999997925
07-01-2022,22.07100,0.04200000000000159
06-01-2022,22.02900,-0.012000000000000455
05-01-2022,22.04100,0.04899999999999949
04-01-2022,21.99200,0.03300000000000125
03-01-2022,21.95900,0.08899999999999864
31-12-2021,21.87000,0.06500000000000128
30-12-2021,21.80500,-0.004999999999999005
29-12-2021,21.81000,0.0030000000000001137
28-12-2021,21.80700,0.07699999999999818
27-12-2021,21.73000,0.010999999999999233
24-12-2021,21.71900,-0.03399999999999892
23-12-2021,21.75300,0.0470000000000006
22-12-2021,21.70600,0.08299999999999841
21-12-2021,21.62300,0.07500000000000284
20-12-2021,21.54800,-0.142000000000003
17-12-2021,21.69000,-0.09399999999999764
16-12-2021,21.78400,0.006000000000000227
15-12-2021,21.77800,-0.062000000000001165
14-12-2021,21.84000,0.012000000000000455
13-12-2021,21.82800,-0.022999999999999687
10-12-2021,21.85100,0.015000000000000568
09-12-2021,21.83600,-0.0070000000000014495
08-12-2021,21.84300,0.13299999999999912
07-12-2021,21.71000,0.08699999999999974
06-12-2021,21.62300,-0.12099999999999866
03-12-2021,21.74400,-0.045000000000001705
02-12-2021,21.78900,0.08500000000000085
01-12-2021,21.70400,0.01699999999999946
30-11-2021,21.68700,0.04800000000000182
29-11-2021,21.63900,-0.01699999999999946
26-11-2021,21.65600,-0.15800000000000125
25-11-2021,21.81400,0.009000000000000341
24-11-2021,21.80500,-0.004000000000001336
23-11-2021,21.80900,0.0400000000000027
22-11-2021,21.76900,-0.1720000000000006
18-11-2021,21.94100,-0.07700000000000173
17-11-2021,22.01800,-0.04100000000000037
16-11-2021,22.05900,-0.009000000000000341
15-11-2021,22.06800,-0.006000000000000227
12-11-2021,22.07400,0.07800000000000296
11-11-2021,21.99600,-0.053000000000000824
10-11-2021,22.04900,0.012999999999998124
09-11-2021,22.03600,0.027000000000001023
08-11-2021,22.00900,0.10099999999999909
03-11-2021,21.90800,0.014000000000002899
02-11-2021,21.89400,0.011999999999996902
01-11-2021,21.88200,0.07500000000000284
29-10-2021,21.80700,-0.020000000000003126
28-10-2021,21.82700,-0.08999999999999986
27-10-2021,21.91700,0.0070000000000014495
26-10-2021,21.91000,0.05000000000000071
25-10-2021,21.86000,-0.0010000000000012221
22-10-2021,21.86100,0.004000000000001336
21-10-2021,21.85700,-0.04100000000000037
20-10-2021,21.89800,-0.10099999999999909
19-10-2021,21.99900,-0.05900000000000105
18-10-2021,22.05800,0.004000000000001336
14-10-2021,22.05400,0.036999999999999034
13-10-2021,22.01700,0.07000000000000028
12-10-2021,21.94700,0.021000000000000796
11-10-2021,21.92600,0.04499999999999815
08-10-2021,21.88100,0.03300000000000125
07-10-2021,21.84800,0.06599999999999895
06-10-2021,21.78200,-0.04100000000000037
05-10-2021,21.82300,0.022999999999999687
04-10-2021,21.80000,0.06400000000000006
01-10-2021,21.73600,-0.027999999999998693
30-09-2021,21.76400,0.00999999999999801
29-09-2021,21.75400,-0.019999999999999574
28-09-2021,21.77400,-0.07699999999999818
27-09-2021,21.85100,-0.028000000000002245
24-09-2021,21.87900,-0.0009999999999976694
23-09-2021,21.88000,0.0730000000000004
22-09-2021,21.80700,-0.014000000000002899
21-09-2021,21.82100,0.03100000000000236
20-09-2021,21.79000,-0.062000000000001165
17-09-2021,21.85200,-0.021000000000000796
16-09-2021,21.87300,0.019000000000001904
15-09-2021,21.85400,0.03500000000000014
14-09-2021,21.81900,0.0030000000000001137
13-09-2021,21.81600,0.01899999999999835
09-09-2021,21.79700,0.007999999999999119
08-09-2021,21.78900,0.019000000000001904
07-09-2021,21.77000,0.007999999999999119
06-09-2021,21.76200,0.015000000000000568
03-09-2021,21.74700,0.0019999999999988916
02-09-2021,21.74500,0.04899999999999949
01-09-2021,21.69600,0.0010000000000012221
31-08-2021,21.69500,0.10200000000000031
30-08-2021,21.59300,0.11899999999999977
27-08-2021,21.47400,0.03900000000000148
26-08-2021,21.43500,0.009000000000000341
25-08-2021,21.42600,-0.010000000000001563
24-08-2021,21.43600,0.08299999999999841
23-08-2021,21.35300,-0.012999999999998124
20-08-2021,21.36600,-0.06700000000000017
18-08-2021,21.43300,-0.004999999999999005
17-08-2021,21.43800,0.02499999999999858
16-08-2021,21.41300,0.0030000000000001137
13-08-2021,21.41000,0.03900000000000148
12-08-2021,21.37100,0.04999999999999716
11-08-2021,21.32100,0.0
10-08-2021,21.32100,-0.007999999999999119
09-08-2021,21.32900,-0.006999999999997897
06-08-2021,21.33600,-0.03500000000000014
05-08-2021,21.37100,-0.03400000000000247
04-08-2021,21.40500,0.0020000000000024443
03-08-2021,21.40300,0.06700000000000017
02-08-2021,21.33600,0.028999999999999915
30-07-2021,21.30700,0.003999999999997783
29-07-2021,21.30300,0.06700000000000017
28-07-2021,21.23600,-0.0019999999999988916
27-07-2021,21.23800,-0.04400000000000048
26-07-2021,21.28200,0.021000000000000796
23-07-2021,21.26100,0.028999999999999915
22-07-2021,21.23200,0.08299999999999841
20-07-2021,21.14900,-0.03500000000000014
19-07-2021,21.18400,-0.028999999999999915
16-07-2021,21.21300,0.013000000000001677
15-07-2021,21.20000,0.01699999999999946
14-07-2021,21.18300,0.004999999999999005
13-07-2021,21.17800,0.04200000000000159
12-07-2021,21.13600,0.0329999999999977
09-07-2021,21.10300,0.015000000000000568
08-07-2021,21.08800,-0.030999999999998806
07-07-2021,21.11900,0.036999999999999034
06-07-2021,21.08200,0.02400000000000091
05-07-2021,21.05800,0.03500000000000014
02-07-2021,21.02300,0.01699999999999946
01-07-2021,21.00600,0.0019999999999988916
30-06-2021,21.00400,0.0020000000000024443
29-06-2021,21.00200,-0.022999999999999687
28-06-2021,21.02500,0.012999999999998124
25-06-2021,21.01200,0.0470000000000006
24-06-2021,20.96500,0.04400000000000048
23-06-2021,20.92100,-0.036000000000001364
22-06-2021,20.95700,-0.0030000000000001137
21-06-2021,20.96000,0.037000000000002586
18-06-2021,20.92300,-0.0030000000000001137
17-06-2021,20.92600,-0.010000000000001563
16-06-2021,20.93600,-0.030999999999998806
15-06-2021,20.96700,0.0730000000000004
14-06-2021,20.89400,0.005999999999996675
11-06-2021,20.88800,0.010000000000001563
10-06-2021,20.87800,0.08200000000000074
09-06-2021,20.79600,-0.027000000000001023
08-06-2021,20.82300,0.004999999999999005
07-06-2021,20.81800,0.02400000000000091
04-06-2021,20.79400,0.004000000000001336
03-06-2021,20.79000,0.06400000000000006
02-06-2021,20.72600,0.05000000000000071
01-06-2021,20.67600,-0.020000000000003126
31-05-2021,20.69600,0.08699999999999974
28-05-2021,20.60900,-0.0019999999999988916
27-05-2021,20.61100,-0.0019999999999988916
26-05-2021,20.61300,0.01899999999999835
25-05-2021,20.59400,0.004000000000001336
24-05-2021,20.59000,0.030000000000001137
21-05-2021,20.56000,0.08799999999999741
20-05-2021,20.47200,-0.038999999999997925
19-05-2021,20.51100,-0.019000000000001904
18-05-2021,20.53000,0.07700000000000173
17-05-2021,20.45300,0.11899999999999977
14-05-2021,20.33400,-0.01699999999999946
12-05-2021,20.35100,-0.0519999999999996
11-05-2021,20.40300,0.003999999999997783
10-05-2021,20.39900,0.04400000000000048
07-05-2021,20.35500,0.03200000000000003
06-05-2021,20.32300,0.04200000000000159
05-05-2021,20.28100,0.04999999999999716
04-05-2021,20.23100,-0.038999999999997925
03-05-2021,20.27000,0.030000000000001137
30-04-2021,20.24000,-0.07900000000000063
29-04-2021,20.31900,0.018000000000000682
28-04-2021,20.30100,0.1059999999999981
27-04-2021,20.19500,0.06700000000000017
26-04-2021,20.12800,0.0710000000000015
23-04-2021,20.05700,-0.006000000000000227
22-04-2021,20.06300,0.0470000000000006
20-04-2021,20.01600,0.021999999999998465
19-04-2021,19.99400,-0.11299999999999955
16-04-2021,20.10700,0.030999999999998806
15-04-2021,20.07600,0.03999999999999915
13-04-2021,20.03600,0.05600000000000094
12-04-2021,19.98000,-0.1980000000000004
09-04-2021,20.17800,-0.01899999999999835
08-04-2021,20.19700,0.029999999999997584
07-04-2021,20.16700,0.07200000000000273
06-04-2021,20.09500,0.01699999999999946
05-04-2021,20.07800,-0.08399999999999963
01-04-2021,20.16200,0.07499999999999929
31-03-2021,20.08700,-0.03300000000000125
30-03-2021,20.12000,0.10900000000000176
26-03-2021,20.01100,0.09999999999999787
25-03-2021,19.91100,-0.0799999999999983
24-03-2021,19.99100,-0.08999999999999986
23-03-2021,20.08100,0.05000000000000071
22-03-2021,20.03100,-0.014000000000002899
19-03-2021,20.04500,0.060000000000002274
18-03-2021,19.98500,-0.08000000000000185
17-03-2021,20.06500,-0.07599999999999696
16-03-2021,20.14100,0.011999999999996902
15-03-2021,20.12900,-0.06199999999999761
12-03-2021,20.19100,-0.05100000000000193
10-03-2021,20.24200,0.028000000000002245
09-03-2021,20.21400,0.027999999999998693
08-03-2021,20.18600,-0.018000000000000682
05-03-2021,20.20400,-0.03999999999999915
04-03-2021,20.24400,-0.010999999999999233
03-03-2021,20.25500,0.11100000000000065
02-03-2021,20.14400,0.08699999999999974
01-03-2021,20.05700,0.04499999999999815
26-02-2021,20.01200,-0.17999999999999972
25-02-2021,20.19200,0.02499999999999858
24-02-2021,20.16700,0.08200000000000074
23-02-2021,20.08500,0.015000000000000568
22-02-2021,20.07000,-0.10200000000000031
19-02-2021,20.17200,-0.06899999999999906
18-02-2021,20.24100,-0.022000000000002018
17-02-2021,20.26300,-0.023999999999997357
16-02-2021,20.28700,-0.009000000000000341
15-02-2021,20.29600,0.054999999999999716
12-02-2021,20.24100,0.007999999999999119
11-02-2021,20.23300,0.060000000000002274
10-02-2021,20.17300,0.008999999999996788
09-02-2021,20.16400,0.017000000000003013
08-02-2021,20.14700,0.06999999999999673
05-02-2021,20.07700,-0.022999999999999687
04-02-2021,20.10000,0.060000000000002274
03-02-2021,20.04000,0.053999999999998494
02-02-2021,19.98600,0.10699999999999932
01-02-2021,19.87900,0.2170000000000023
29-01-2021,19.66200,-0.10000000000000142
28-01-2021,19.76200,-0.01899999999999835
27-01-2021,19.78100,-0.11400000000000077
25-01-2021,19.89500,-0.021000000000000796
22-01-2021,19.91600,-0.03200000000000003
21-01-2021,19.94800,-0.006000000000000227
20-01-2021,19.95400,0.05799999999999983
19-01-2021,19.89600,0.06800000000000139
18-01-2021,19.82800,-0.08900000000000219
15-01-2021,19.91700,-0.05999999999999872
14-01-2021,19.97700,-0.0070000000000014495
13-01-2021,19.98400,-0.022999999999999687
12-01-2021,20.00700,-0.0019999999999988916
11-01-2021,20.00900,0.038000000000000256
08-01-2021,19.97100,0.11299999999999955
07-01-2021,19.85800,-0.003999999999997783
06-01-2021,19.86200,0.008999999999996788
05-01-2021,19.85300,0.05500000000000327
04-01-2021,19.79800,0.05099999999999838
01-01-2021,19.74700,0.007999999999999119
31-12-2020,19.73900,0.03100000000000236
30-12-2020,19.70800,0.013999999999999346
29-12-2020,19.69400,0.023999999999997357
28-12-2020,19.67000,0.053000000000000824
24-12-2020,19.61700,0.04100000000000037
23-12-2020,19.57600,0.060000000000002274
22-12-2020,19.51600,0.04999999999999716
21-12-2020,19.46600,-0.1479999999999997
18-12-2020,19.61400,0.02400000000000091
17-12-2020,19.59000,0.019999999999999574
16-12-2020,19.57000,0.03999999999999915
15-12-2020,19.53000,-0.0019999999999988916
14-12-2020,19.53200,0.02499999999999858
11-12-2020,19.50700,0.030000000000001137
10-12-2020,19.47700,-0.03500000000000014
09-12-2020,19.51200,0.038000000000000256
08-12-2020,19.47400,0.021000000000000796
07-12-2020,19.45300,0.054999999999999716
04-12-2020,19.39800,0.06500000000000128
03-12-2020,19.33300,0.00999999999999801
02-12-2020,19.32300,0.0
01-12-2020,19.32300,0.06400000000000006
27-11-2020,19.25900,0.022999999999999687
26-11-2020,19.23600,0.06800000000000139
25-11-2020,19.16800,-0.09700000000000131
24-11-2020,19.26500,0.08000000000000185
23-11-2020,19.18500,0.03399999999999892
20-11-2020,19.15100,0.11199999999999832
19-11-2020,19.03900,-0.09799999999999898
18-11-2020,19.13700,0.02400000000000091
17-11-2020,19.11300,0.10999999999999943
13-11-2020,19.00300,0.054999999999999716
12-11-2020,18.94800,-0.030999999999998806
11-11-2020,18.97900,0.10200000000000031
10-11-2020,18.87700,0.0329999999999977
09-11-2020,18.84400,0.14000000000000057
06-11-2020,18.70400,0.06400000000000006
05-11-2020,18.64000,0.11599999999999966
04-11-2020,18.52400,0.06099999999999994
03-11-2020,18.46300,0.06700000000000017
02-11-2020,18.39600,0.07600000000000051
30-10-2020,18.32000,-0.05799999999999983
29-10-2020,18.37800,0.013000000000001677
28-10-2020,18.36500,-0.07000000000000028
27-10-2020,18.43500,0.14299999999999713
26-10-2020,18.29200,-0.06499999999999773
23-10-2020,18.35700,0.028999999999999915
22-10-2020,18.32800,0.02400000000000091
21-10-2020,18.30400,0.021999999999998465
20-10-2020,18.28200,0.038000000000000256
19-10-2020,18.24400,0.0779999999999994
16-10-2020,18.16600,0.09799999999999898
15-10-2020,18.06800,-0.15499999999999758
14-10-2020,18.22300,0.06599999999999895
13-10-2020,18.15700,-0.03900000000000148
12-10-2020,18.19600,-0.022999999999999687
09-10-2020,18.21900,0.05100000000000193
08-10-2020,18.16800,0.08299999999999841
07-10-2020,18.08500,-0.006999999999997897
06-10-2020,18.09200,0.08999999999999986
05-10-2020,18.00200,0.02499999999999858
01-10-2020,17.97700,0.1410000000000018
30-09-2020,17.83600,0.019999999999999574
29-09-2020,17.81600,-0.019999999999999574
28-09-2020,17.83600,0.14399999999999835
25-09-2020,17.69200,0.21600000000000108
24-09-2020,17.47600,-0.22000000000000242
23-09-2020,17.69600,-0.054999999999999716
22-09-2020,17.75100,-0.0589999999999975
21-09-2020,17.81000,-0.2240000000000002
18-09-2020,18.03400,0.012999999999998124
17-09-2020,18.02100,-0.053999999999998494
16-09-2020,18.07500,0.08500000000000085
15-09-2020,17.99000,0.08599999999999852
14-09-2020,17.90400,0.009000000000000341
11-09-2020,17.89500,0.01699999999999946
10-09-2020,17.87800,0.07499999999999929
09-09-2020,17.80300,-0.06599999999999895
08-09-2020,17.86900,-0.04800000000000182
07-09-2020,17.91700,-0.010999999999999233
04-09-2020,17.92800,-0.129999999999999
03-09-2020,18.05800,0.012000000000000455
02-09-2020,18.04600,0.045999999999999375
01-09-2020,18.00000,0.08399999999999963
31-08-2020,17.91600,-0.24899999999999878
28-08-2020,18.16500,0.05799999999999983
27-08-2020,18.10700,0.007999999999999119
26-08-2020,18.09900,0.006000000000000227
25-08-2020,18.09300,0.062000000000001165
24-08-2020,18.03100,0.0730000000000004
21-08-2020,17.95800,0.054999999999999716
20-08-2020,17.90300,-0.018000000000000682
19-08-2020,17.92100,0.028999999999999915
18-08-2020,17.89200,0.13100000000000023
17-08-2020,17.76100,0.03399999999999892
14-08-2020,17.72700,-0.09600000000000009
13-08-2020,17.82300,0.010000000000001563
12-08-2020,17.81300,-0.009000000000000341
11-08-2020,17.82200,-0.0070000000000014495
10-08-2020,17.82900,0.05100000000000193
07-08-2020,17.77800,0.04199999999999804
06-08-2020,17.73600,0.062000000000001165
05-08-2020,17.67400,0.01899999999999835
04-08-2020,17.65500,0.10500000000000043
03-08-2020,17.55000,-0.0799999999999983
31-07-2020,17.63000,0.013999999999999346
30-07-2020,17.61600,-0.0070000000000014495
29-07-2020,17.62300,0.022000000000002018
28-07-2020,17.60100,0.05699999999999861
27-07-2020,17.54400,-0.05799999999999983
24-07-2020,17.60200,-0.05999999999999872
23-07-2020,17.66200,0.047999999999998266
22-07-2020,17.61400,-0.02400000000000091
21-07-2020,17.63800,-0.015999999999998238
20-07-2020,17.65400,0.12300000000000111
17-07-2020,17.53100,0.09099999999999753
16-07-2020,17.44000,0.07200000000000273
15-07-2020,17.36800,-0.022000000000002018
14-07-2020,17.39000,-0.07000000000000028
13-07-2020,17.46000,-0.021000000000000796
10-07-2020,17.48100,-0.05299999999999727
09-07-2020,17.53400,0.06700000000000017
08-07-2020,17.46700,-0.09600000000000009
07-07-2020,17.56300,0.08099999999999952
06-07-2020,17.48200,0.09600000000000009
03-07-2020,17.38600,0.0589999999999975
02-07-2020,17.32700,0.05000000000000071
01-07-2020,17.27700,0.06900000000000261
30-06-2020,17.20800,0.04499999999999815
29-06-2020,17.16300,-0.04199999999999804
26-06-2020,17.20500,0.0379999999999967
25-06-2020,17.16700,0.015000000000000568
24-06-2020,17.15200,-0.21099999999999852
23-06-2020,17.36300,0.17599999999999838
22-06-2020,17.18700,0.14700000000000202
19-06-2020,17.04000,0.1490000000000009
18-06-2020,16.89100,0.14299999999999713
17-06-2020,16.74800,0.054999999999999716
16-06-2020,16.69300,0.09500000000000242
15-06-2020,16.59800,-0.1910000000000025
12-06-2020,16.78900,0.11899999999999977
11-06-2020,16.67000,-0.19599999999999795
10-06-2020,16.86600,0.038000000000000256
09-06-2020,16.82800,-0.15300000000000225
08-06-2020,16.98100,0.021000000000000796
05-06-2020,16.96000,0.17800000000000082
04-06-2020,16.78200,-0.06099999999999994
03-06-2020,16.84300,0.11299999999999955
02-06-2020,16.73000,0.2270000000000003
01-06-2020,16.50300,0.31599999999999895
29-05-2020,16.18700,0.12900000000000134
28-05-2020,16.05800,0.18099999999999916
27-05-2020,15.87700,0.22300000000000075
26-05-2020,15.65400,-0.054999999999999716
22-05-2020,15.70900,-0.10800000000000054
21-05-2020,15.81700,0.01699999999999946
20-05-2020,15.80000,0.23800000000000132
19-05-2020,15.56200,0.18299999999999983
18-05-2020,15.37900,-0.5210000000000008
15-05-2020,15.90000,-0.045999999999999375
14-05-2020,15.94600,-0.2129999999999992
13-05-2020,16.15900,0.23799999999999955
12-05-2020,15.92100,0.06199999999999939
11-05-2020,15.85900,0.025000000000000355
08-05-2020,15.83400,0.054999999999999716
07-05-2020,15.77900,-0.15000000000000036
06-05-2020,15.92900,0.1980000000000004
05-05-2020,15.73100,-0.16600000000000037
04-05-2020,15.89700,-0.6560000000000006
30-04-2020,16.55300,0.26500000000000057
29-04-2020,16.28800,0.20400000000000063
28-04-2020,16.08400,0.1559999999999988
27-04-2020,15.92800,0.28200000000000003
24-04-2020,15.64600,-0.3819999999999979
23-04-2020,16.02800,0.14599999999999902
22-04-2020,15.88200,0.16600000000000037
21-04-2020,15.71600,-0.3840000000000021
20-04-2020,16.10000,-0.08799999999999741
17-04-2020,16.18800,0.36299999999999955
16-04-2020,15.82500,0.13099999999999845
15-04-2020,15.69400,-0.036999999999999034
13-04-2020,15.73100,-0.18599999999999994
09-04-2020,15.91700,0.4930000000000003
08-04-2020,15.42400,0.017999999999998906
07-04-2020,15.40600,0.7970000000000006
03-04-2020,14.60900,-0.2159999999999993
01-04-2020,14.82500,-0.3050000000000015
31-03-2020,15.13000,0.2560000000000002
30-03-2020,14.87400,-0.33899999999999864
27-03-2020,15.21300,-0.038000000000000256
26-03-2020,15.25100,0.3769999999999989
25-03-2020,14.87400,0.4270000000000014
24-03-2020,14.44700,0.10899999999999999
23-03-2020,14.33800,-1.1010000000000009
20-03-2020,15.43900,0.40199999999999925
19-03-2020,15.03700,-0.25099999999999945
18-03-2020,15.28800,-0.4819999999999993
17-03-2020,15.77000,-0.2140000000000004
16-03-2020,15.98400,-0.4820000000000011
13-03-2020,16.46600,0.2190000000000012
12-03-2020,16.24700,-0.6320000000000014
11-03-2020,16.87900,-0.007999999999999119
09-03-2020,16.88700,-0.2989999999999995
06-03-2020,17.18600,-0.12199999999999989
05-03-2020,17.30800,0.0730000000000004
04-03-2020,17.23500,-0.09499999999999886
03-03-2020,17.33000,0.1509999999999998
02-03-2020,17.17900,-0.06900000000000261
28-02-2020,17.24800,-0.26200000000000045
27-02-2020,17.51000,-0.01699999999999946
26-02-2020,17.52700,-0.05999999999999872
25-02-2020,17.58700,-0.022000000000002018
24-02-2020,17.60900,-0.13099999999999667
20-02-2020,17.74000,-0.027000000000001023
19-02-2020,17.76700,0.10999999999999943
18-02-2020,17.65700,-0.027999999999998693
17-02-2020,17.68500,-0.04100000000000037
14-02-2020,17.72600,-0.02400000000000091
13-02-2020,17.75000,0.004000000000001336
12-02-2020,17.74600,0.05699999999999861
11-02-2020,17.68900,0.019999999999999574
10-02-2020,17.66900,-0.0010000000000012221
07-02-2020,17.67000,-0.002999999999996561
06-02-2020,17.67300,0.07199999999999918
05-02-2020,17.60100,0.0519999999999996
04-02-2020,17.54900,0.13299999999999912
03-02-2020,17.41600,-0.006999999999997897
31-01-2020,17.42300,-0.022000000000002018
30-01-2020,17.44500,-0.028999999999999915
29-01-2020,17.47400,0.045999999999999375
28-01-2020,17.42800,-0.019999999999999574
27-01-2020,17.44800,-0.007999999999999119
24-01-2020,17.45600,0.05600000000000094
23-01-2020,17.40000,0.04199999999999804
22-01-2020,17.35800,-0.013999999999999346
21-01-2020,17.37200,-0.01899999999999835
20-01-2020,17.39100,-0.03900000000000148
17-01-2020,17.43000,0.028999999999999915
16-01-2020,17.40100,0.01899999999999835
15-01-2020,17.38200,0.018000000000000682
14-01-2020,17.36400,0.010000000000001563
13-01-2020,17.35400,0.04199999999999804
10-01-2020,17.31200,0.03400000000000247
09-01-2020,17.27800,0.07000000000000028
08-01-2020,17.20800,0.03200000000000003
07-01-2020,17.17600,0.03399999999999892
06-01-2020,17.14200,-0.1039999999999992
03-01-2020,17.24600,-0.012000000000000455
02-01-2020,17.25800,0.0470000000000006
01-01-2020,17.21100,0.01899999999999835
31-12-2019,17.19200,-0.03300000000000125
30-12-2019,17.22500,0.0
27-12-2019,17.22500,0.036000000000001364
26-12-2019,17.18900,-0.012000000000000455
24-12-2019,17.20100,-0.015000000000000568
23-12-2019,17.21600,0.019999999999999574
20-12-2019,17.19600,0.011000000000002785
19-12-2019,17.18500,0.01799999999999713
18-12-2019,17.16700,0.015000000000000568
17-12-2019,17.15200,0.0400000000000027
16-12-2019,17.11200,-0.004000000000001336
13-12-2019,17.11600,0.03200000000000003
12-12-2019,17.08400,0.02499999999999858
11-12-2019,17.05900,0.019000000000001904
10-12-2019,17.04000,-0.03500000000000014
09-12-2019,17.07500,0.009000000000000341
06-12-2019,17.06600,-0.019999999999999574
05-12-2019,17.08600,-0.015000000000000568
04-12-2019,17.10100,0.02499999999999858
03-12-2019,17.07600,-0.006000000000000227
02-12-2019,17.08200,-0.01699999999999946
29-11-2019,17.09900,-0.03300000000000125
28-11-2019,17.13200,0.013000000000001677
27-11-2019,17.11900,0.03399999999999892
26-11-2019,17.08500,0.0010000000000012221
25-11-2019,17.08400,0.05699999999999861
22-11-2019,17.02700,-0.0329999999999977
21-11-2019,17.06000,-0.022999999999999687
20-11-2019,17.08300,0.027999999999998693
19-11-2019,17.05500,-0.007999999999999119
18-11-2019,17.06300,-0.009000000000000341
15-11-2019,17.07200,-0.0010000000000012221
14-11-2019,17.07300,0.009000000000000341
13-11-2019,17.06400,-0.027999999999998693
11-11-2019,17.09200,0.0259999999999998
08-11-2019,17.06600,-0.04800000000000182
07-11-2019,17.11400,0.038000000000000256
06-11-2019,17.07600,0.036999999999999034
05-11-2019,17.03900,-0.021999999999998465
04-11-2019,17.06100,0.013000000000001677
01-11-2019,17.04800,0.00999999999999801
31-10-2019,17.03800,0.0010000000000012221
30-10-2019,17.03700,0.009000000000000341
29-10-2019,17.02800,0.10099999999999909
25-10-2019,16.92700,-0.013999999999999346
24-10-2019,16.94100,0.00999999999999801
23-10-2019,16.93100,0.0259999999999998
22-10-2019,16.90500,-0.009000000000000341
18-10-2019,16.91400,0.05100000000000193
17-10-2019,16.86300,0.09600000000000009
16-10-2019,16.76700,0.047999999999998266
15-10-2019,16.71900,0.054000000000002046
14-10-2019,16.66500,0.03500000000000014
11-10-2019,16.63000,0.0470000000000006
10-10-2019,16.58300,-0.05900000000000105
09-10-2019,16.64200,0.13599999999999923
07-10-2019,16.50600,-0.04100000000000037
04-10-2019,16.54700,-0.09600000000000009
03-10-2019,16.64300,-0.045999999999999375
01-10-2019,16.68900,-0.05099999999999838
30-09-2019,16.74000,-0.053000000000000824
27-09-2019,16.79300,-0.0070000000000014495
26-09-2019,16.80000,0.09799999999999898
25-09-2019,16.70200,-0.08699999999999974
24-09-2019,16.78900,-0.03599999999999781
23-09-2019,16.82500,0.28200000000000003
20-09-2019,16.54300,0.4540000000000006
19-09-2019,16.08900,-0.0660000000000025
18-09-2019,16.15500,0.02400000000000091
17-09-2019,16.13100,-0.0940000000000012
16-09-2019,16.22500,-0.01799999999999713
13-09-2019,16.24300,0.045999999999999375
12-09-2019,16.19700,0.006000000000000227
11-09-2019,16.19100,0.015999999999998238
09-09-2019,16.17500,0.04800000000000182
06-09-2019,16.12700,0.0730000000000004
05-09-2019,16.05400,0.006999999999997897
04-09-2019,16.04700,-0.0030000000000001137
03-09-2019,16.05000,-0.14999999999999858
30-08-2019,16.20000,0.0730000000000004
29-08-2019,16.12700,-0.05600000000000094
28-08-2019,16.18300,-0.04400000000000048
27-08-2019,16.22700,0.045999999999999375
26-08-2019,16.18100,0.1670000000000016
23-08-2019,16.01400,0.00999999999999801
22-08-2019,16.00400,-0.06799999999999784
21-08-2019,16.07200,-0.05000000000000071
20-08-2019,16.12200,-0.021000000000000796
19-08-2019,16.14300,0.0030000000000001137
16-08-2019,16.14000,0.01600000000000179
14-08-2019,16.12400,0.06499999999999773
13-08-2019,16.05900,-0.12099999999999866
09-08-2019,16.18000,0.06099999999999994
08-08-2019,16.11900,0.053999999999998494
07-08-2019,16.06500,-0.004999999999999005
06-08-2019,16.07000,0.08300000000000018
05-08-2019,15.98700,-0.0669999999999984
02-08-2019,16.05400,0.013999999999999346
01-08-2019,16.04000,-0.0779999999999994
31-07-2019,16.11800,0.030999999999998806
30-07-2019,16.08700,-0.0470000000000006
29-07-2019,16.13400,-0.009000000000000341
26-07-2019,16.14300,0.0519999999999996
25-07-2019,16.09100,0.0
24-07-2019,16.09100,-0.022999999999999687
23-07-2019,16.11400,0.013000000000001677
22-07-2019,16.10100,-0.03100000000000236
19-07-2019,16.13200,-0.04999999999999716
18-07-2019,16.18200,-0.022000000000002018
17-07-2019,16.20400,0.010000000000001563
16-07-2019,16.19400,0.028999999999999915
15-07-2019,16.16500,0.012999999999998124
12-07-2019,16.15200,-0.004999999999999005
11-07-2019,16.15700,0.010999999999999233
10-07-2019,16.14600,-0.012999999999998124
09-07-2019,16.15900,0.015999999999998238
08-07-2019,16.14300,-0.038000000000000256
05-07-2019,16.18100,0.0020000000000024443
04-07-2019,16.17900,0.010999999999999233
03-07-2019,16.16800,0.004999999999999005
02-07-2019,16.16300,0.007999999999999119
01-07-2019,16.15500,0.013000000000001677
28-06-2019,16.14200,0.006000000000000227
27-06-2019,16.13600,0.006000000000000227
26-06-2019,16.13000,0.00999999999999801
25-06-2019,16.12000,0.005000000000002558
24-06-2019,16.11500,0.005999999999996675
21-06-2019,16.10900,-0.005999999999996675
20-06-2019,16.11500,0.01799999999999713
19-06-2019,16.09700,0.0
18-06-2019,16.09700,0.013000000000001677
17-06-2019,16.08400,-0.019000000000001904
14-06-2019,16.10300,-0.0009999999999976694
13-06-2019,16.10400,0.009000000000000341
12-06-2019,16.09500,-0.0010000000000012221
11-06-2019,16.09600,-0.004000000000001336
10-06-2019,16.10000,0.015000000000000568
07-06-2019,16.08500,0.010000000000001563
06-06-2019,16.07500,-0.013000000000001677
04-06-2019,16.08800,-0.013999999999999346
03-06-2019,16.10200,0.0019999999999988916
31-05-2019,16.10000,0.038000000000000256
30-05-2019,16.06200,0.0010000000000012221
29-05-2019,16.06100,0.013000000000001677
28-05-2019,16.04800,-0.005000000000002558
27-05-2019,16.05300,0.036000000000001364
24-05-2019,16.01700,0.02499999999999858
23-05-2019,15.99200,0.0030000000000001137
22-05-2019,15.98900,0.002000000000000668
21-05-2019,15.98700,0.0
20-05-2019,15.98700,0.04499999999999993
17-05-2019,15.94200,0.02800000000000047
16-05-2019,15.91400,0.009000000000000341
15-05-2019,15.90500,0.016000000000000014
14-05-2019,15.88900,-0.002000000000000668
13-05-2019,15.89100,-0.006000000000000227
10-05-2019,15.89700,-0.0019999999999988916
09-05-2019,15.89900,0.013999999999999346
08-05-2019,15.88500,-0.034000000000000696
07-05-2019,15.91900,0.008000000000000895
06-05-2019,15.91100,-0.011000000000001009
03-05-2019,15.92200,-0.0030000000000001137
02-05-2019,15.92500,-0.008999999999998565
30-04-2019,15.93400,0.017999999999998906
26-04-2019,15.91600,0.017000000000001236
25-04-2019,15.89900,0.0029999999999983373
24-04-2019,15.89600,0.017000000000001236
23-04-2019,15.87900,0.0009999999999994458
22-04-2019,15.87800,-0.015000000000000568
18-04-2019,15.89300,0.015000000000000568
16-04-2019,15.87800,0.013999999999999346
15-04-2019,15.86400,0.027000000000001023
12-04-2019,15.83700,0.009999999999999787
11-04-2019,15.82700,-0.008000000000000895
10-04-2019,15.83500,0.002000000000000668
09-04-2019,15.83300,-0.004999999999999005
08-04-2019,15.83800,0.005999999999998451
05-04-2019,15.83200,0.009000000000000341
04-04-2019,15.82300,-0.01699999999999946
03-04-2019,15.84000,-0.008000000000000895
02-04-2019,15.84800,0.015000000000000568
01-04-2019,15.83300,-0.0030000000000001137
29-03-2019,15.83600,0.034000000000000696
28-03-2019,15.80200,0.009000000000000341
27-03-2019,15.79300,0.007999999999999119
26-03-2019,15.78500,0.019000000000000128
25-03-2019,15.76600,-0.006999999999999673
22-03-2019,15.77300,0.006999999999999673
20-03-2019,15.76600,0.006000000000000227
19-03-2019,15.76000,0.012000000000000455
18-03-2019,15.74800,-0.002000000000000668
15-03-2019,15.75000,0.013999999999999346
14-03-2019,15.73600,-0.004999999999999005
13-03-2019,15.74100,-0.0010000000000012221
12-03-2019,15.74200,0.03900000000000148
11-03-2019,15.70300,0.049999999999998934
08-03-2019,15.65300,0.004000000000001336
07-03-2019,15.64900,0.0009999999999994458
06-03-2019,15.64800,0.015000000000000568
05-03-2019,15.63300,0.049999999999998934
01-03-2019,15.58300,0.02800000000000047
28-02-2019,15.55500,-0.006000000000000227
27-02-2019,15.56100,0.0
26-02-2019,15.56100,-0.005000000000000782
25-02-2019,15.56600,0.03900000000000148
22-02-2019,15.52700,0.008999999999998565
21-02-2019,15.51800,0.025000000000000355
20-02-2019,15.49300,0.02800000000000047
19-02-2019,15.46500,-0.0009999999999994458
18-02-2019,15.46600,-0.0129999999999999
15-02-2019,15.47900,-0.018000000000000682
14-02-2019,15.49700,-0.018000000000000682
13-02-2019,15.51500,-0.0039999999999995595
12-02-2019,15.51900,-0.02200000000000024
11-02-2019,15.54100,-0.04299999999999926
08-02-2019,15.58400,-0.04499999999999993
07-02-2019,15.62900,0.025000000000000355
06-02-2019,15.60400,0.045999999999999375
05-02-2019,15.55800,0.009000000000000341
04-02-2019,15.54900,-0.004000000000001336
01-02-2019,15.55300,0.03500000000000014
31-01-2019,15.51800,0.05200000000000138
30-01-2019,15.46600,0.06199999999999939
29-01-2019,15.40400,0.0039999999999995595
28-01-2019,15.40000,-0.07099999999999973
25-01-2019,15.47100,-0.03599999999999959
24-01-2019,15.50700,0.009000000000000341
23-01-2019,15.49800,-0.021000000000000796
22-01-2019,15.51900,0.015000000000000568
21-01-2019,15.50400,0.009999999999999787
18-01-2019,15.49400,-0.015000000000000568
17-01-2019,15.50900,0.009000000000000341
16-01-2019,15.50000,-0.0039999999999995595
15-01-2019,15.50400,0.030999999999998806
14-01-2019,15.47300,-0.036999999999999034
11-01-2019,15.51000,-0.022999999999999687
10-01-2019,15.53300,-0.0030000000000001137
09-01-2019,15.53600,0.028999999999999915
08-01-2019,15.50700,-0.0009999999999994458
07-01-2019,15.50800,0.022999999999999687
04-01-2019,15.48500,-0.0010000000000012221
03-01-2019,15.48600,-0.03599999999999959
02-01-2019,15.52200,-0.031000000000000583
01-01-2019,15.55300,0.012000000000000455
31-12-2018,15.54100,0.008000000000000895
28-12-2018,15.53300,0.05400000000000027
27-12-2018,15.47900,0.017999999999998906
26-12-2018,15.46100,0.022999999999999687
24-12-2018,15.43800,-0.04399999999999871
21-12-2018,15.48200,-0.06300000000000061
20-12-2018,15.54500,-0.012000000000000455
19-12-2018,15.55700,0.05799999999999983
18-12-2018,15.49900,0.034000000000000696
17-12-2018,15.46500,0.015000000000000568
14-12-2018,15.45000,0.0019999999999988916
13-12-2018,15.44800,0.049000000000001265
12-12-2018,15.39900,0.10599999999999987
11-12-2018,15.29300,0.03200000000000003
10-12-2018,15.26100,-0.08200000000000074
07-12-2018,15.34300,0.03999999999999915
06-12-2018,15.30300,-0.0669999999999984
05-12-2018,15.37000,-0.040000000000000924
04-12-2018,15.41000,-0.007999999999999119
03-12-2018,15.41800,-0.0030000000000001137
30-11-2018,15.42100,0.02099999999999902
29-11-2018,15.40000,0.0259999999999998
28-11-2018,15.37400,0.05400000000000027
27-11-2018,15.32000,0.04600000000000115
26-11-2018,15.27400,0.045999999999999375
22-11-2018,15.22800,-0.025000000000000355
21-11-2018,15.25300,0.006999999999999673
20-11-2018,15.24600,-0.02999999999999936
19-11-2018,15.27600,0.02099999999999902
16-11-2018,15.25500,0.026000000000001577
15-11-2018,15.22900,0.030999999999998806
14-11-2018,15.19800,0.009000000000000341
13-11-2018,15.18900,0.008000000000000895
12-11-2018,15.18100,-0.0070000000000014495
09-11-2018,15.18800,0.018000000000000682
06-11-2018,15.17000,0.0
05-11-2018,15.17000,-0.012000000000000455
02-11-2018,15.18200,0.06099999999999994
01-11-2018,15.12100,0.006000000000000227
31-10-2018,15.11500,0.06900000000000084
30-10-2018,15.04600,0.0039999999999995595
29-10-2018,15.04200,0.04299999999999926
26-10-2018,14.99900,0.006000000000000227
25-10-2018,14.99300,-0.006000000000000227
24-10-2018,14.99900,0.012000000000000455
23-10-2018,14.98700,-0.031000000000000583
22-10-2018,15.01800,-0.0019999999999988916
19-10-2018,15.02000,-0.028999999999999915
17-10-2018,15.04900,-0.017000000000001236
16-10-2018,15.06600,0.025000000000000355
15-10-2018,15.04100,0.0
12-10-2018,15.04100,0.04400000000000048
11-10-2018,14.99700,-0.026999999999999247
10-10-2018,15.02400,0.026999999999999247
09-10-2018,14.99700,0.0039999999999995595
08-10-2018,14.99300,-0.01699999999999946
05-10-2018,15.01000,-0.006000000000000227
04-10-2018,15.01600,-0.03200000000000003
03-10-2018,15.04800,-0.006999999999999673
01-10-2018,15.05500,-0.008000000000000895
28-09-2018,15.06300,0.0129999999999999
27-09-2018,15.05000,-0.013999999999999346
26-09-2018,15.06400,0.013999999999999346
25-09-2018,15.05000,0.0
24-09-2018,15.05000,-0.027999999999998693
21-09-2018,15.07800,-0.019000000000000128
19-09-2018,15.09700,-0.012000000000000455
18-09-2018,15.10900,-0.009000000000000341
17-09-2018,15.11800,-0.010999999999999233
14-09-2018,15.12900,0.03599999999999959
12-09-2018,15.09300,-0.0039999999999995595
11-09-2018,15.09700,-0.014000000000001123
10-09-2018,15.11100,-0.023999999999999133
07-09-2018,15.13500,0.0030000000000001137
06-09-2018,15.13200,0.012000000000000455
05-09-2018,15.12000,-0.017000000000001236
04-09-2018,15.13700,-0.02200000000000024
03-09-2018,15.15900,0.005000000000000782
31-08-2018,15.15400,0.0009999999999994458
30-08-2018,15.15300,-0.006999999999999673
29-08-2018,15.16000,-0.0009999999999994458
28-08-2018,15.16100,0.0030000000000001137
27-08-2018,15.15800,0.016000000000000014
24-08-2018,15.14200,-0.017000000000001236
23-08-2018,15.15900,0.004000000000001336
21-08-2018,15.15500,0.0039999999999995595
20-08-2018,15.15100,0.009999999999999787
17-08-2018,15.14100,0.03200000000000003
16-08-2018,15.10900,-0.006999999999999673
14-08-2018,15.11600,0.036999999999999034
13-08-2018,15.07900,-0.026999999999999247
10-08-2018,15.10600,-0.0039999999999995595
09-08-2018,15.11000,0.007999999999999119
08-08-2018,15.10200,0.012000000000000455
07-08-2018,15.09000,0.007999999999999119
06-08-2018,15.08200,0.0070000000000014495
03-08-2018,15.07500,0.019999999999999574
02-08-2018,15.05500,-0.018000000000000682
01-08-2018,15.07300,0.0010000000000012221
31-07-2018,15.07200,0.01699999999999946
30-07-2018,15.05500,0.013999999999999346
27-07-2018,15.04100,0.030000000000001137
26-07-2018,15.01100,-0.002000000000000668
25-07-2018,15.01300,0.0030000000000001137
24-07-2018,15.01000,0.04100000000000037
23-07-2018,14.96900,0.04499999999999993
20-07-2018,14.92400,0.028999999999999915
19-07-2018,14.89500,-0.021000000000000796
18-07-2018,14.91600,0.002000000000000668
17-07-2018,14.91400,0.02099999999999902
16-07-2018,14.89300,-0.03599999999999959
13-07-2018,14.92900,-0.0039999999999995595
12-07-2018,14.93300,0.007999999999999119
11-07-2018,14.92500,-0.009999999999999787
10-07-2018,14.93500,0.04300000000000104
09-07-2018,14.89200,0.03500000000000014
06-07-2018,14.85700,0.014999999999998792
05-07-2018,14.84200,0.0129999999999999
04-07-2018,14.82900,0.02000000000000135
03-07-2018,14.80900,0.0039999999999995595
02-07-2018,14.80500,-0.006000000000000227
29-06-2018,14.81100,0.05000000000000071
28-06-2018,14.76100,-0.04200000000000159
27-06-2018,14.80300,-0.0389999999999997
26-06-2018,14.84200,-0.0019999999999988916
25-06-2018,14.84400,-0.012000000000000455
22-06-2018,14.85600,0.006000000000000227
21-06-2018,14.85000,0.0019999999999988916
20-06-2018,14.84800,0.0010000000000012221
19-06-2018,14.84700,-0.019000000000000128
18-06-2018,14.86600,-0.002000000000000668
15-06-2018,14.86800,-0.0009999999999994458
14-06-2018,14.86900,-0.011000000000001009
13-06-2018,14.88000,-0.005999999999998451
12-06-2018,14.88600,0.013999999999999346
11-06-2018,14.87200,0.009000000000000341
08-06-2018,14.86300,0.006999999999999673
07-06-2018,14.85600,0.03599999999999959
06-06-2018,14.82000,0.022999999999999687
05-06-2018,14.79700,-0.032999999999999474
04-06-2018,14.83000,-0.025000000000000355
01-06-2018,14.85500,-0.01699999999999946
31-05-2018,14.87200,0.006000000000000227
30-05-2018,14.86600,-0.009000000000000341
29-05-2018,14.87500,-0.0039999999999995595
28-05-2018,14.87900,0.05999999999999872
25-05-2018,14.81900,0.04800000000000004
24-05-2018,14.77100,0.009000000000000341
23-05-2018,14.76200,-0.022999999999999687
22-05-2018,14.78500,0.019999999999999574
21-05-2018,14.76500,-0.03999999999999915
18-05-2018,14.80500,-0.040000000000000924
17-05-2018,14.84500,-0.0030000000000001137
16-05-2018,14.84800,-0.022999999999999687
15-05-2018,14.87100,-0.0039999999999995595
14-05-2018,14.87500,-0.005000000000000782
11-05-2018,14.88000,0.034000000000000696
10-05-2018,14.84600,-0.012000000000000455
09-05-2018,14.85800,-0.014999999999998792
08-05-2018,14.87300,0.008999999999998565
07-05-2018,14.86400,0.03500000000000014
04-05-2018,14.82900,-0.0009999999999994458
03-05-2018,14.83000,-0.02200000000000024
02-05-2018,14.85200,-0.016000000000000014
30-04-2018,14.86800,0.02400000000000091
27-04-2018,14.84400,0.02200000000000024
26-04-2018,14.82200,0.0039999999999995595
25-04-2018,14.81800,-0.019999999999999574
24-04-2018,14.83800,0.0009999999999994458
23-04-2018,14.83700,0.015000000000000568
20-04-2018,14.82200,-0.0070000000000014495
19-04-2018,14.82900,-0.0009999999999994458
18-04-2018,14.83000,-0.009000000000000341
17-04-2018,14.83900,0.006999999999999673
16-04-2018,14.83200,0.014000000000001123
13-04-2018,14.81800,-0.008000000000000895
12-04-2018,14.82600,0.0129999999999999
11-04-2018,14.81300,-0.017999999999998906
10-04-2018,14.83100,-0.006000000000000227
09-04-2018,14.83700,0.01699999999999946
06-04-2018,14.82000,0.025000000000000355
05-04-2018,14.79500,0.05299999999999905
04-04-2018,14.74200,-0.019999999999999574
03-04-2018,14.76200,0.031000000000000583
02-04-2018,14.73100,0.034000000000000696
28-03-2018,14.69700,-0.015000000000000568
27-03-2018,14.71200,0.06300000000000061
26-03-2018,14.64900,0.03199999999999825
23-03-2018,14.61700,-0.019999999999999574
22-03-2018,14.63700,-0.02099999999999902
21-03-2018,14.65800,0.009000000000000341
20-03-2018,14.64900,0.009999999999999787
19-03-2018,14.63900,-0.03700000000000081
16-03-2018,14.67600,-0.0389999999999997
15-03-2018,14.71500,-0.0039999999999995595
14-03-2018,14.71900,-0.009000000000000341
13-03-2018,14.72800,0.02200000000000024
12-03-2018,14.70600,0.03399999999999892
09-03-2018,14.67200,0.0030000000000001137
08-03-2018,14.66900,0.021000000000000796
07-03-2018,14.64800,-0.03599999999999959
06-03-2018,14.68400,-0.014000000000001123
05-03-2018,14.69800,-0.03200000000000003
01-03-2018,14.73000,-0.004999999999999005
28-02-2018,14.73500,-0.004000000000001336
27-02-2018,14.73900,-0.008999999999998565
26-02-2018,14.74800,0.03500000000000014
23-02-2018,14.71300,0.04699999999999882
22-02-2018,14.66600,-0.019000000000000128
21-02-2018,14.68500,0.0010000000000012221
20-02-2018,14.68400,-0.0070000000000014495
19-02-2018,14.69100,-0.007999999999999119
16-02-2018,14.69900,-0.019999999999999574
15-02-2018,14.71900,-0.0052000000000003155
14-02-2018,14.72420,-0.008599999999999497
12-02-2018,14.73280,0.037799999999998946
09-02-2018,14.69500,-0.02149999999999963
08-02-2018,14.71650,0.04359999999999964
07-02-2018,14.67290,0.02480000000000082
06-02-2018,14.64810,-0.03080000000000105
05-02-2018,14.67890,-0.026699999999999946
02-02-2018,14.70560,-0.0884999999999998
01-02-2018,14.79410,-0.008399999999999963
31-01-2018,14.80250,-0.008300000000000196
30-01-2018,14.81080,-0.025299999999999656
29-01-2018,14.83610,-0.023300000000000765
25-01-2018,14.85940,-0.0218999999999987
24-01-2018,14.88130,-0.004800000000001248
23-01-2018,14.88610,0.040300000000000225
22-01-2018,14.84580,0.00820000000000043
19-01-2018,14.83760,0.01950000000000074
18-01-2018,14.81810,-0.02310000000000123
17-01-2018,14.84120,0.028200000000000003
16-01-2018,14.81300,-0.07269999999999932
15-01-2018,14.88570,0.009299999999999642
12-01-2018,14.87640,0.009600000000000719
11-01-2018,14.86680,-0.0031999999999996476
10-01-2018,14.87000,-0.022800000000000153
09-01-2018,14.89280,-0.014000000000001123
08-01-2018,14.90680,0.03550000000000075
05-01-2018,14.87130,0.06479999999999997
04-01-2018,14.80650,0.038899999999999935
03-01-2018,14.76760,0.008100000000000662
02-01-2018,14.75950,-0.02030000000000065
01-01-2018,14.77980,-0.028499999999999304
29-12-2017,14.80830,0.024399999999999977
28-12-2017,14.78390,-0.0409000000000006
27-12-2017,14.82480,-0.014200000000000657
26-12-2017,14.83900,0.02069999999999972
22-12-2017,14.81830,0.015600000000000946
21-12-2017,14.80270,-0.000600000000000378
20-12-2017,14.80330,-0.013700000000000045
19-12-2017,14.81700,0.048500000000000654
18-12-2017,14.76850,0.028100000000000236
15-12-2017,14.74040,0.04919999999999902
14-12-2017,14.69120,0.027300000000000324
13-12-2017,14.66390,-0.023899999999999366
12-12-2017,14.68780,-0.04269999999999996
11-12-2017,14.73050,-0.0051000000000005485
08-12-2017,14.73560,0.04589999999999961
07-12-2017,14.68970,0.06370000000000076
06-12-2017,14.62600,-0.028999999999999915
05-12-2017,14.65500,0.00879999999999903
04-12-2017,14.64620,-0.0602999999999998
30-11-2017,14.70650,-0.04309999999999903
29-11-2017,14.74960,0.0
28-11-2017,14.74960,0.0012999999999987466
27-11-2017,14.74830,0.009700000000000486
24-11-2017,14.73860,0.021599999999999397
23-11-2017,14.71700,-0.011499999999999844
22-11-2017,14.72850,-0.014699999999999491
21-11-2017,14.74320,0.01980000000000004
20-11-2017,14.72340,0.04809999999999981
17-11-2017,14.67530,0.042899999999999494
16-11-2017,14.63240,0.026799999999999713
15-11-2017,14.60560,-0.036599999999999966
14-11-2017,14.64220,-0.04919999999999902
13-11-2017,14.69140,-0.04129999999999967
10-11-2017,14.73270,-0.009300000000001418
09-11-2017,14.74200,0.014500000000001734
08-11-2017,14.72750,-0.04100000000000037
07-11-2017,14.76850,-0.06760000000000055
06-11-2017,14.83610,-0.005599999999999383
03-11-2017,14.84170,0.008399999999999963
02-11-2017,14.83330,0.0027999999999988034
01-11-2017,14.83050,0.043400000000000105
31-10-2017,14.78710,-0.009599999999998943
30-10-2017,14.79670,0.0365000000000002
27-10-2017,14.76020,-0.015000000000000568
26-10-2017,14.77520,0.05480000000000018
25-10-2017,14.72040,-0.0052000000000003155
24-10-2017,14.72560,0.009600000000000719
23-10-2017,14.71600,-0.022400000000001086
18-10-2017,14.73840,-0.010899999999999466
17-10-2017,14.74930,0.009999999999999787
16-10-2017,14.73930,0.014200000000000657
13-10-2017,14.72510,0.028399999999999537
12-10-2017,14.69670,0.07140000000000057
11-10-2017,14.62530,-0.02710000000000079
10-10-2017,14.65240,0.031800000000000495
09-10-2017,14.62060,0.004699999999999704
06-10-2017,14.61590,0.0669000000000004
05-10-2017,14.54900,-0.023900000000001143
04-10-2017,14.57290,0.008900000000000574
03-10-2017,14.56400,0.050200000000000244
30-09-2017,14.51380,0.0007999999999999119
29-09-2017,14.51300,0.04279999999999973
28-09-2017,14.47020,0.031299999999999883
27-09-2017,14.43890,-0.08709999999999951
26-09-2017,14.52600,0.00879999999999903
25-09-2017,14.51720,-0.0691999999999986
22-09-2017,14.58640,-0.13649999999999984
21-09-2017,14.72290,-0.04960000000000164
20-09-2017,14.77250,-0.005999999999998451
19-09-2017,14.77850,0.00829999999999842
18-09-2017,14.77020,0.03380000000000116
15-09-2017,14.73640,-0.019999999999999574
14-09-2017,14.75640,0.00019999999999953388
13-09-2017,14.75620,-0.047399999999999665
12-09-2017,14.80360,0.050499999999999545
11-09-2017,14.75310,0.062099999999999156
08-09-2017,14.69100,-0.01159999999999961
07-09-2017,14.70260,0.02459999999999951
06-09-2017,14.67800,0.0029000000000003467
05-09-2017,14.67510,0.031000000000000583
04-09-2017,14.64410,-0.031299999999999883
01-09-2017,14.67540,0.06139999999999901
31-08-2017,14.61400,0.02519999999999989
30-08-2017,14.58880,0.07360000000000078
29-08-2017,14.51520,-0.06450000000000067
28-08-2017,14.57970,0.04770000000000074
24-08-2017,14.53200,0.0129999999999999
23-08-2017,14.51900,0.07000000000000028
22-08-2017,14.44900,0.005399999999999849
21-08-2017,14.44360,-0.05719999999999992
18-08-2017,14.50080,-0.02289999999999992
16-08-2017,14.52370,0.061500000000000554
14-08-2017,14.46220,0.08209999999999873
11-08-2017,14.38010,-0.04129999999999967
10-08-2017,14.42140,-0.11779999999999902
09-08-2017,14.53920,-0.07760000000000034
08-08-2017,14.61680,-0.06210000000000093
07-08-2017,14.67890,0.058900000000001285
04-08-2017,14.62000,0.04889999999999972
03-08-2017,14.57110,-0.04440000000000133
02-08-2017,14.61550,-0.012099999999998445
01-08-2017,14.62760,0.02579999999999849
31-07-2017,14.60180,0.043900000000000716
28-07-2017,14.55790,0.008599999999999497
27-07-2017,14.54930,0.0058000000000006935
26-07-2017,14.54350,0.041100000000000136
25-07-2017,14.50240,-0.0038000000000000256
24-07-2017,14.50620,0.03059999999999974
21-07-2017,14.47560,0.028999999999999915
20-07-2017,14.44660,-0.006000000000000227
19-07-2017,14.45260,0.06140000000000079
18-07-2017,14.39120,-0.06070000000000064
17-07-2017,14.45190,0.002600000000001046
14-07-2017,14.44930,-0.0029000000000003467
13-07-2017,14.45220,0.06949999999999967
12-07-2017,14.38270,0.036599999999999966
11-07-2017,14.34610,-0.003400000000000958
10-07-2017,14.34950,0.06350000000000122
07-07-2017,14.28600,-0.004900000000001015
06-07-2017,14.29090,0.03279999999999994
05-07-2017,14.25810,0.042500000000000426
04-07-2017,14.21560,-0.00280000000000058
03-07-2017,14.21840,0.06120000000000125
30-06-2017,14.15720,0.030400000000000205
29-06-2017,14.12680,0.007299999999998974
28-06-2017,14.11950,-0.00039999999999906777
27-06-2017,14.11990,-0.06600000000000072
23-06-2017,14.18590,-0.049599999999999866
22-06-2017,14.23550,-0.019700000000000273
21-06-2017,14.25520,-0.010600000000000165
20-06-2017,14.26580,0.00730000000000075
19-06-2017,14.25850,0.032099999999999795
16-06-2017,14.22640,0.01019999999999932
15-06-2017,14.21620,-0.024899999999998812
14-06-2017,14.24110,-0.004100000000001103
13-06-2017,14.24520,0.0038999999999997925
12-06-2017,14.24130,-0.0495000000000001
09-06-2017,14.29080,0.028600000000000847
08-06-2017,14.26220,0.01950000000000074
07-06-2017,14.24270,0.05299999999999905
06-06-2017,14.18970,-0.033500000000000085
05-06-2017,14.22320,0.015000000000000568
02-06-2017,14.20820,0.027200000000000557
01-06-2017,14.18100,0.010099999999999554
31-05-2017,14.17090,0.023899999999999366
30-05-2017,14.14700,0.019400000000000972
29-05-2017,14.12760,-0.054700000000000415
26-05-2017,14.18230,0.09799999999999898
25-05-2017,14.08430,0.11710000000000065
24-05-2017,13.96720,-0.03480000000000061
23-05-2017,14.00200,-0.04239999999999888
22-05-2017,14.04440,-0.04370000000000118
19-05-2017,14.08810,-0.020199999999999108
18-05-2017,14.10830,-0.08389999999999986
17-05-2017,14.19220,-0.012100000000000222
16-05-2017,14.20430,0.040599999999999525
15-05-2017,14.16370,0.06980000000000075
12-05-2017,14.09390,-0.0254000000000012
11-05-2017,14.11930,0.05460000000000065
09-05-2017,14.06470,0.012399999999999523
08-05-2017,14.05230,0.027700000000001168
05-05-2017,14.02460,-0.042200000000001125
04-05-2017,14.06680,0.03760000000000119
03-05-2017,14.02920,-0.009400000000001185
02-05-2017,14.03860,0.01320000000000121
28-04-2017,14.02540,0.013999999999999346
27-04-2017,14.01140,-0.004199999999999093
26-04-2017,14.01560,0.0004999999999988347
25-04-2017,14.01510,0.061799999999999855
24-04-2017,13.95330,0.06430000000000113
21-04-2017,13.88900,-0.015600000000000946
20-04-2017,13.90460,0.025000000000000355
19-04-2017,13.87960,0.008399999999999963
18-04-2017,13.87120,-0.026699999999999946
17-04-2017,13.89790,-0.010600000000000165
13-04-2017,13.90850,-0.006800000000000139
12-04-2017,13.91530,-0.0011999999999989797
11-04-2017,13.91650,0.06559999999999988
10-04-2017,13.85090,0.03139999999999965
07-04-2017,13.81950,-0.02210000000000001
06-04-2017,13.84160,-0.032300000000001106
05-04-2017,13.87390,0.03730000000000011
03-04-2017,13.83660,0.030400000000000205
31-03-2017,13.80620,0.019300000000001205
30-03-2017,13.78690,0.031299999999999883
29-03-2017,13.75560,0.03420000000000023
27-03-2017,13.72140,-0.007500000000000284
24-03-2017,13.72890,0.03509999999999991
23-03-2017,13.69380,0.05320000000000036
22-03-2017,13.64060,-0.05630000000000024
21-03-2017,13.69690,-0.02310000000000123
20-03-2017,13.72000,-0.004999999999999005
17-03-2017,13.72500,-0.0038999999999997925
16-03-2017,13.72890,0.07219999999999871
15-03-2017,13.65670,0.019300000000001205
14-03-2017,13.63740,0.12270000000000003
10-03-2017,13.51470,-0.017100000000001003
09-03-2017,13.53180,0.00849999999999973
08-03-2017,13.52330,-0.022499999999999076
07-03-2017,13.54580,-0.009700000000000486
06-03-2017,13.55550,0.03829999999999956
03-03-2017,13.51720,0.0052000000000003155
02-03-2017,13.51200,-0.06559999999999988
01-03-2017,13.57760,0.007200000000000983
28-02-2017,13.57040,0.004199999999999093
27-02-2017,13.56620,-0.053599999999999426
23-02-2017,13.61980,-0.001100000000000989
22-02-2017,13.62090,-0.016000000000000014
20-02-2017,13.63690,0.06400000000000006
17-02-2017,13.57290,0.0597000000000012
16-02-2017,13.51320,0.07749999999999879
15-02-2017,13.43570,-0.12169999999999881
14-02-2017,13.55740,-0.07180000000000142
13-02-2017,13.62920,-0.02549999999999919
10-02-2017,13.65470,-0.004099999999999326
09-02-2017,13.65880,-0.030900000000000816
08-02-2017,13.68970,-0.05480000000000018
07-02-2017,13.74450,-0.026099999999999568
06-02-2017,13.77060,0.06289999999999907
03-02-2017,13.70770,0.03420000000000023
02-02-2017,13.67350,0.04210000000000136
01-02-2017,13.63140,0.19979999999999976
31-01-2017,13.43160,-0.03780000000000072
30-01-2017,13.46940,-0.0033999999999991815
27-01-2017,13.47280,0.022499999999999076
25-01-2017,13.45030,0.06620000000000026
24-01-2017,13.38410,0.042500000000000426
23-01-2017,13.34160,0.03539999999999921
20-01-2017,13.30620,-0.046499999999999986
19-01-2017,13.35270,0.01440000000000019
18-01-2017,13.33830,0.019199999999999662
17-01-2017,13.31910,0.0029000000000003467
16-01-2017,13.31620,0.012900000000000134
13-01-2017,13.30330,-0.012399999999999523
12-01-2017,13.31570,0.007699999999999818
11-01-2017,13.30800,0.06589999999999918
10-01-2017,13.24210,0.02800000000000047
09-01-2017,13.21410,-0.004199999999999093
06-01-2017,13.21830,-0.03140000000000143
05-01-2017,13.24970,0.11080000000000112
04-01-2017,13.13890,-0.007900000000001128
03-01-2017,13.14680,0.04260000000000019
02-01-2017,13.10420,0.0666000000000011
31-12-2016,13.03760,0.00019999999999953388
30-12-2016,13.03740,0.07259999999999955
29-12-2016,12.96480,0.08319999999999972
28-12-2016,12.88160,0.013799999999999812
27-12-2016,12.86780,0.12100000000000044
26-12-2016,12.74680,-0.12100000000000044
23-12-2016,12.86780,-0.013999999999999346
22-12-2016,12.88180,-0.10880000000000045
21-12-2016,12.99060,-0.006599999999998829
20-12-2016,12.99720,-0.06170000000000009
19-12-2016,13.05890,-0.03780000000000072
16-12-2016,13.09670,-0.022299999999999542
15-12-2016,13.11900,-0.041100000000000136
14-12-2016,13.16010,-0.04499999999999993
13-12-2016,13.20510,-0.08329999999999949
09-12-2016,13.28840,0.025299999999999656
08-12-2016,13.26310,0.11340000000000039
07-12-2016,13.14970,-0.0907
06-12-2016,13.24040,0.0129999999999999
05-12-2016,13.22740,0.04800000000000004
02-12-2016,13.17940,-0.09410000000000096
01-12-2016,13.27350,-0.05039999999999978
30-11-2016,13.32390,0.0970999999999993
29-11-2016,13.22680,0.023200000000000998
28-11-2016,13.20360,-0.0409000000000006
25-11-2016,13.24450,0.09340000000000082
24-11-2016,13.15110,-0.010099999999999554
23-11-2016,13.16120,0.05879999999999974
22-11-2016,13.10240,0.08059999999999867
21-11-2016,13.02180,-0.13959999999999972
18-11-2016,13.16140,0.026500000000000412
17-11-2016,13.13490,-0.014900000000000801
16-11-2016,13.14980,0.05190000000000161
15-11-2016,13.09790,-0.19250000000000078
11-11-2016,13.29040,-0.18599999999999994
10-11-2016,13.47640,0.10529999999999973
09-11-2016,13.37110,-0.04100000000000037
08-11-2016,13.41210,0.03500000000000014
07-11-2016,13.37710,0.056400000000000006
04-11-2016,13.32070,-0.07019999999999982
03-11-2016,13.39090,-0.04529999999999923
02-11-2016,13.43620,-0.11530000000000129
01-11-2016,13.55150,0.005000000000000782
28-10-2016,13.54650,0.03200000000000003
27-10-2016,13.51450,-0.04550000000000054
26-10-2016,13.56000,-0.057599999999998985
25-10-2016,13.61760,0.0026999999999990365
24-10-2016,13.61490,0.027599999999999625
21-10-2016,13.58730,0.00990000000000002
20-10-2016,13.57740,0.012100000000000222
19-10-2016,13.56530,-0.011899999999998911
18-10-2016,13.57720,0.09789999999999921
17-10-2016,13.47930,-0.036599999999999966
14-10-2016,13.51590,0.027699999999999392
13-10-2016,13.48820,-0.07539999999999836
10-10-2016,13.56360,0.0038999999999997925
07-10-2016,13.55970,-0.013799999999999812
06-10-2016,13.57350,-0.023600000000000065
05-10-2016,13.59710,0.03389999999999915
04-10-2016,13.56320,0.03950000000000031
03-10-2016,13.52370,0.13589999999999947
30-09-2016,13.38780,0.04969999999999963
29-09-2016,13.33810,-0.16029999999999944
28-09-2016,13.49840,0.04279999999999973
27-09-2016,13.45560,-0.007899999999999352
26-09-2016,13.46350,-0.02850000000000108
23-09-2016,13.49200,-0.005399999999999849
22-09-2016,13.49740,0.10289999999999999
21-09-2016,13.39450,0.00560000000000116
20-09-2016,13.38890,-0.012900000000000134
19-09-2016,13.40180,0.018499999999999517
16-09-2016,13.38330,0.01180000000000092
15-09-2016,13.37150,0.006599999999998829
14-09-2016,13.36490,0.031000000000000583
12-09-2016,13.33390,-0.1363000000000003
09-09-2016,13.47020,-0.0649999999999995
08-09-2016,13.53520,0.03190000000000026
07-09-2016,13.50330,0.00879999999999903
06-09-2016,13.49450,0.1144999999999996
02-09-2016,13.38000,0.02850000000000108
01-09-2016,13.35150,-0.006099999999999994
31-08-2016,13.35760,0.051000000000000156
30-08-2016,13.30660,0.08929999999999971
29-08-2016,13.21730,0.01980000000000004
26-08-2016,13.19750,-0.0030000000000001137
25-08-2016,13.20050,-0.009700000000000486
24-08-2016,13.21020,0.03760000000000119
23-08-2016,13.17260,-0.013500000000000512
22-08-2016,13.18610,-0.039699999999999847
19-08-2016,13.22580,0.025299999999999656
18-08-2016,13.20050,0.041499999999999204
16-08-2016,13.15900,0.004400000000000404
12-08-2016,13.15460,0.04540000000000077
11-08-2016,13.10920,0.01559999999999917
10-08-2016,13.09360,-0.07240000000000002
09-08-2016,13.16600,-0.005499999999999616
08-08-2016,13.17150,0.041700000000000514
05-08-2016,13.12980,0.1059000000000001
04-08-2016,13.02390,0.010099999999999554
03-08-2016,13.01380,-0.07750000000000057
02-08-2016,13.09130,-0.033299999999998775
01-08-2016,13.12460,0.03569999999999851
29-07-2016,13.08890,0.029200000000001225
28-07-2016,13.05970,0.06759999999999877
27-07-2016,12.99210,0.028700000000000614
26-07-2016,12.96340,-0.008699999999999264
25-07-2016,12.97210,0.07599999999999874
22-07-2016,12.89610,0.026699999999999946
21-07-2016,12.86940,-0.0009999999999994458
20-07-2016,12.87040,0.04770000000000074
19-07-2016,12.82270,0.024799999999999045
18-07-2016,12.79790,-0.0045000000000001705
15-07-2016,12.80240,-0.004999999999999005
14-07-2016,12.80740,0.05889999999999951
13-07-2016,12.74850,-0.01980000000000004
12-07-2016,12.76830,0.04410000000000025
11-07-2016,12.72420,0.0907
08-07-2016,12.63350,0.009999999999999787
07-07-2016,12.62350,0.009299999999999642
05-07-2016,12.61420,-0.009999999999999787
04-07-2016,12.62420,0.032099999999999795
01-07-2016,12.59210,0.03610000000000113
30-06-2016,12.55600,0.05489999999999995
29-06-2016,12.50110,0.0497999999999994
28-06-2016,12.45130,0.02660000000000018
27-06-2016,12.42470,0.05109999999999992
24-06-2016,12.37360,-0.09100000000000108
23-06-2016,12.46460,0.04580000000000162
22-06-2016,12.41880,-0.011600000000001387
21-06-2016,12.43040,-0.00140000000000029
20-06-2016,12.43180,0.033700000000001396
17-06-2016,12.39810,0.016000000000000014
16-06-2016,12.38210,-0.025600000000000733
15-06-2016,12.40770,0.0691000000000006
14-06-2016,12.33860,0.0030000000000001137
13-06-2016,12.33560,-0.027900000000000702
10-06-2016,12.36350,-0.02689999999999948
09-06-2016,12.39040,-0.0129999999999999
08-06-2016,12.40340,0.005499999999999616
07-06-2016,12.39790,0.0259999999999998
06-06-2016,12.37190,0.006299999999999528
03-06-2016,12.36560,0.002700000000000813
02-06-2016,12.36290,0.033799999999999386
01-06-2016,12.32910,-0.020799999999999486
31-05-2016,12.34990,0.009700000000000486
30-05-2016,12.34020,0.016399999999999082
27-05-2016,12.32380,0.09120000000000061
26-05-2016,12.23260,0.05429999999999957
25-05-2016,12.17830,0.08670000000000044
24-05-2016,12.09160,-0.012399999999999523
23-05-2016,12.10400,-0.01890000000000036
20-05-2016,12.12290,-0.050200000000000244
19-05-2016,12.17310,-0.034900000000000375
18-05-2016,12.20800,-0.02099999999999902
17-05-2016,12.22900,0.009299999999999642
16-05-2016,12.21970,0.01130000000000031
13-05-2016,12.20840,-0.04300000000000104
12-05-2016,12.25140,0.03059999999999974
11-05-2016,12.22080,0.001200000000000756
10-05-2016,12.21960,0.009299999999999642
09-05-2016,12.21030,0.06380000000000052
06-05-2016,12.14650,0.0011999999999989797
05-05-2016,12.14530,0.019200000000001438
04-05-2016,12.12610,-0.03390000000000093
03-05-2016,12.16000,-0.02260000000000062
02-05-2016,12.18260,-0.011299999999998533
29-04-2016,12.19390,0.0259999999999998
28-04-2016,12.16790,-0.06540000000000035
27-04-2016,12.23330,0.006299999999999528
26-04-2016,12.22700,0.06559999999999988
25-04-2016,12.16140,-0.025900000000000034
22-04-2016,12.18730,0.0129999999999999
21-04-2016,12.17430,-0.027899999999998926
20-04-2016,12.20220,-0.013300000000000978
18-04-2016,12.21550,0.054199999999999804
13-04-2016,12.16130,0.06280000000000108
12-04-2016,12.09850,0.04699999999999882
11-04-2016,12.05150,0.07870000000000132
07-04-2016,11.97280,-0.025500000000000966
06-04-2016,11.99830,0.031500000000001194
05-04-2016,11.96680,-0.09130000000000038
04-04-2016,12.05810,0.027899999999998926
31-03-2016,12.03020,0.039699999999999847
30-03-2016,11.99050,0.08720000000000105
29-03-2016,11.90330,0.019199999999999662
28-03-2016,11.88410,-0.07199999999999918
23-03-2016,11.95610,0.008099999999998886
22-03-2016,11.94800,0.024200000000000443
21-03-2016,11.92380,0.09859999999999935
18-03-2016,11.82520,0.06730000000000125
17-03-2016,11.75790,0.04049999999999976
16-03-2016,11.71740,0.013999999999999346
15-03-2016,11.70340,-0.015699999999998937
14-03-2016,11.71910,0.029299999999999216
11-03-2016,11.68980,0.017799999999999372
10-03-2016,11.67200,-0.04129999999999967
09-03-2016,11.71330,0.04490000000000016
08-03-2016,11.66840,-0.01249999999999929
04-03-2016,11.68090,0.025599999999998957
03-03-2016,11.65530,0.05290000000000106
02-03-2016,11.60240,0.09939999999999927
01-03-2016,11.50300,0.14400000000000013
29-02-2016,11.35900,0.02689999999999948
26-02-2016,11.33210,0.033200000000000784
25-02-2016,11.29890,-0.06590000000000096
24-02-2016,11.36480,-0.04449999999999932
23-02-2016,11.40930,-0.07380000000000031
22-02-2016,11.48310,0.0029000000000003467
18-02-2016,11.48020,0.03110000000000035
17-02-2016,11.44910,0.0475999999999992
16-02-2016,11.40150,-0.08269999999999911
15-02-2016,11.48420,0.13279999999999959
12-02-2016,11.35140,-0.011200000000000543
11-02-2016,11.36260,-0.15090000000000003
10-02-2016,11.51350,-0.03689999999999927
09-02-2016,11.55040,-0.07019999999999982
08-02-2016,11.62060,-0.0536000000000012
05-02-2016,11.67420,0.0644000000000009
04-02-2016,11.60980,0.0023999999999997357
03-02-2016,11.60740,-0.054999999999999716
02-02-2016,11.66240,-0.08530000000000015
01-02-2016,11.74770,-0.005300000000000082
29-01-2016,11.75300,0.07530000000000037
28-01-2016,11.67770,-0.009299999999999642
27-01-2016,11.68700,0.016199999999999548
25-01-2016,11.67080,-0.001100000000000989
22-01-2016,11.67190,0.07230000000000025
21-01-2016,11.59960,-0.012399999999999523
20-01-2016,11.61200,-0.07450000000000045
19-01-2016,11.68650,0.06320000000000014
18-01-2016,11.62330,-0.10989999999999966
15-01-2016,11.73320,-0.07269999999999932
14-01-2016,11.80590,-0.04400000000000048
13-01-2016,11.84990,0.00140000000000029
12-01-2016,11.84850,-0.039100000000001245
11-01-2016,11.88760,-0.013599999999998502
08-01-2016,11.90120,0.04449999999999932
07-01-2016,11.85670,-0.11969999999999992
06-01-2016,11.97640,-0.009199999999999875
05-01-2016,11.98560,0.0045000000000001705
04-01-2016,11.98110,-0.08389999999999986
01-01-2016,12.06500,0.043699999999999406
31-12-2015,12.02130,0.022500000000000853
30-12-2015,11.99880,-0.019300000000001205
29-12-2015,12.01810,0.0037000000000002586
28-12-2015,12.01440,0.0343
23-12-2015,11.98010,0.036599999999999966
22-12-2015,11.94350,-0.020899999999999253
21-12-2015,11.96440,0.026699999999999946
18-12-2015,11.93770,-0.036800000000001276
17-12-2015,11.97450,0.06610000000000049
16-12-2015,11.90840,0.035800000000000054
15-12-2015,11.87260,0.03279999999999994
14-12-2015,11.83980,0.0038999999999997925
11-12-2015,11.83590,-0.047699999999998965
10-12-2015,11.88360,0.045999999999999375
09-12-2015,11.83760,-0.07820000000000071
08-12-2015,11.91580,-0.041499999999999204
07-12-2015,11.95730,-0.0065000000000008384
04-12-2015,11.96380,-0.04309999999999903
03-12-2015,12.00690,-0.01249999999999929
02-12-2015,12.01940,-0.015300000000001646
01-12-2015,12.03470,0.0146000000000015
30-11-2015,12.02010,0.005899999999998684
27-11-2015,12.01420,0.03570000000000029
26-11-2015,11.97850,-0.00039999999999906777
24-11-2015,11.97890,-0.01750000000000007
23-11-2015,11.99640,-0.001900000000000901
20-11-2015,11.99830,0.024700000000001054
19-11-2015,11.97360,0.07449999999999868
18-11-2015,11.89910,-0.04029999999999845
17-11-2015,11.93940,-0.001700000000001367
16-11-2015,11.94110,0.01609999999999978
13-11-2015,11.92500,0.02230000000000132
10-11-2015,11.90270,-0.05680000000000085
09-11-2015,11.95950,0.005399999999999849
06-11-2015,11.95410,-0.00019999999999953388
05-11-2015,11.95430,-0.05959999999999965
04-11-2015,12.01390,0.004400000000000404
03-11-2015,12.00950,0.010899999999999466
02-11-2015,11.99860,0.016299999999999315
30-10-2015,11.98230,-0.019099999999999895
29-10-2015,12.00140,-0.04669999999999952
28-10-2015,12.04810,-0.030900000000000816
27-10-2015,12.07900,0.01720000000000077
26-10-2015,12.06180,-0.031800000000000495
23-10-2015,12.09360,0.0023999999999997357
21-10-2015,12.09120,-0.018899999999998585
20-10-2015,12.11010,0.018799999999998818
19-10-2015,12.09130,0.02149999999999963
16-10-2015,12.06980,0.04300000000000104
15-10-2015,12.02680,0.06359999999999921
14-10-2015,11.96320,-0.004899999999999238
13-10-2015,11.96810,0.006199999999999761
12-10-2015,11.96190,-0.024699999999999278
09-10-2015,11.98660,0.0021999999999984254
08-10-2015,11.98440,-0.015099999999998559
07-10-2015,11.99950,-0.014000000000001123
06-10-2015,12.01350,-0.007899999999999352
05-10-2015,12.02140,0.09379999999999988
01-10-2015,11.92760,0.010999999999999233
30-09-2015,11.91660,0.059200000000000585
29-09-2015,11.85740,0.07530000000000037
28-09-2015,11.78210,-0.03589999999999982
24-09-2015,11.81800,0.009100000000000108
23-09-2015,11.80890,0.020199999999999108
22-09-2015,11.78870,-0.06959999999999944
21-09-2015,11.85830,0.01750000000000007
18-09-2015,11.84080,0.05909999999999904
16-09-2015,11.78170,-0.0010999999999992127
15-09-2015,11.78280,-0.028999999999999915
14-09-2015,11.81180,0.05230000000000068
11-09-2015,11.75950,0.010299999999999088
10-09-2015,11.74920,0.0
09-09-2015,11.74920,0.06969999999999921
08-09-2015,11.67950,0.055800000000001404
07-09-2015,11.62370,-0.06569999999999965
04-09-2015,11.68940,-0.07790000000000141
03-09-2015,11.76730,0.05540000000000056
02-09-2015,11.71190,-0.021300000000000097
01-09-2015,11.73320,-0.07649999999999935
31-08-2015,11.80970,-0.007699999999999818
28-08-2015,11.81740,0.007999999999999119
27-08-2015,11.80940,0.054999999999999716
26-08-2015,11.75440,-0.006399999999999295
25-08-2015,11.76080,0.06020000000000003
24-08-2015,11.70060,-0.13470000000000049
21-08-2015,11.83530,-0.03049999999999997
20-08-2015,11.86580,-0.027499999999999858
19-08-2015,11.89330,0.019700000000000273
17-08-2015,11.87360,0.0
14-08-2015,11.87360,0.03640000000000043
13-08-2015,11.83720,0.02919999999999945
12-08-2015,11.80800,-0.03500000000000014
11-08-2015,11.84300,-0.011200000000000543
10-08-2015,11.85420,0.009299999999999642
07-08-2015,11.84490,0.003900000000001569
06-08-2015,11.84100,0.020299999999998875
05-08-2015,11.82070,0.011700000000001154
04-08-2015,11.80900,-0.009400000000001185
03-08-2015,11.81840,0.0030000000000001137
31-07-2015,11.81540,0.02030000000000065
30-07-2015,11.79510,0.006899999999999906
29-07-2015,11.78820,0.013600000000000279
28-07-2015,11.77460,0.02949999999999875
27-07-2015,11.74510,-0.01729999999999876
24-07-2015,11.76240,-0.009600000000000719
23-07-2015,11.77200,0.00820000000000043
22-07-2015,11.76380,0.0235000000000003
21-07-2015,11.74030,-0.02400000000000091
20-07-2015,11.76430,0.008900000000000574
17-07-2015,11.75540,0.007699999999999818
16-07-2015,11.74770,0.016799999999999926
15-07-2015,11.73090,0.010400000000000631
14-07-2015,11.72050,0.017999999999998906
13-07-2015,11.70250,-0.01130000000000031
10-07-2015,11.71380,0.010400000000000631
09-07-2015,11.70340,-0.00820000000000043
08-07-2015,11.71160,-0.017199999999998994
07-07-2015,11.72880,0.0010999999999992127
06-07-2015,11.72770,0.034399999999999764
03-07-2015,11.69330,0.011900000000000688
02-07-2015,11.68140,0.015100000000000335
01-07-2015,11.66630,0.03549999999999898
30-06-2015,11.63080,0.024100000000000676
29-06-2015,11.60670,-0.026699999999999946
26-06-2015,11.63340,0.004400000000000404
25-06-2015,11.62900,-0.007200000000000983
24-06-2015,11.63620,-0.026299999999999102
23-06-2015,11.66250,0.005399999999999849
22-06-2015,11.65710,0.016500000000000625
19-06-2015,11.64060,0.03629999999999889
18-06-2015,11.60430,0.050200000000000244
17-06-2015,11.55410,0.025600000000000733
16-06-2015,11.52850,-0.004100000000001103
15-06-2015,11.53260,0.011499999999999844
12-06-2015,11.52110,-0.006199999999999761
11-06-2015,11.52730,-0.04449999999999932
10-06-2015,11.57180,-0.002600000000001046
09-06-2015,11.57440,0.009400000000001185
08-06-2015,11.56500,-0.014300000000000423
05-06-2015,11.57930,0.009199999999999875
04-06-2015,11.57010,-0.016500000000000625
03-06-2015,11.58660,-0.030400000000000205
02-06-2015,11.61700,-0.07459999999999845
01-06-2015,11.69160,-0.0010000000000012221
29-05-2015,11.69260,0.0387000000000004
28-05-2015,11.65390,0.00709999999999944
27-05-2015,11.64680,0.004400000000000404
26-05-2015,11.64240,-0.010099999999999554
25-05-2015,11.65250,-0.006299999999999528
22-05-2015,11.65880,0.0038999999999997925
21-05-2015,11.65490,-0.0015000000000000568
20-05-2015,11.65640,0.00879999999999903
19-05-2015,11.64760,0.026100000000001344
18-05-2015,11.62150,0.03059999999999974
15-05-2015,11.59090,0.00429999999999886
14-05-2015,11.58660,0.014900000000000801
13-05-2015,11.57170,0.018200000000000216
12-05-2015,11.55350,-0.043100000000000804
11-05-2015,11.59660,0.05930000000000035
08-05-2015,11.53730,0.015000000000000568
07-05-2015,11.52230,-0.05220000000000091
06-05-2015,11.57450,-0.059499999999999886
05-05-2015,11.63400,0.025000000000000355
30-04-2015,11.60900,-0.021900000000000475
29-04-2015,11.63090,-0.013700000000000045
28-04-2015,11.64460,0.03080000000000105
27-04-2015,11.61380,-0.022199999999999775
24-04-2015,11.63600,-0.0411999999999999
23-04-2015,11.67720,-0.007800000000001361
22-04-2015,11.68500,0.010200000000001097
21-04-2015,11.67480,0.004699999999999704
20-04-2015,11.67010,-0.02400000000000091
17-04-2015,11.69410,-0.014999999999998792
16-04-2015,11.70910,-0.017100000000001003
15-04-2015,11.72620,-0.004699999999999704
13-04-2015,11.73090,0.008300000000000196
10-04-2015,11.72260,-0.0031999999999996476
09-04-2015,11.72580,0.01750000000000007
08-04-2015,11.70830,0.009800000000000253
07-04-2015,11.69850,-0.018200000000000216
06-04-2015,11.71670,0.040899999999998826
31-03-2015,11.67580,0.02310000000000123
30-03-2015,11.65270,0.041799999999998505
27-03-2015,11.61090,0.01890000000000036
26-03-2015,11.59200,-0.02999999999999936
25-03-2015,11.62200,-0.015399999999999636
24-03-2015,11.63740,-0.0065000000000008384
23-03-2015,11.64390,-0.010600000000000165
20-03-2015,11.65450,-0.011499999999999844
19-03-2015,11.66600,-0.0010999999999992127
18-03-2015,11.66710,-0.00019999999999953388
17-03-2015,11.66730,0.021599999999999397
16-03-2015,11.64570,0.004400000000000404
13-03-2015,11.64130,-0.042500000000000426
12-03-2015,11.68380,0.019600000000000506
11-03-2015,11.66420,-0.0065000000000008384
10-03-2015,11.67070,-0.00730000000000075
09-03-2015,11.67800,-0.04299999999999926
05-03-2015,11.72100,-0.006600000000000605
04-03-2015,11.72760,0.008800000000000807
03-03-2015,11.71880,0.001300000000000523
02-03-2015,11.71750,0.04919999999999902
27-02-2015,11.66830,0.03410000000000046
26-02-2015,11.63420,-0.024499999999999744
25-02-2015,11.65870,0.012100000000000222
24-02-2015,11.64660,-0.003200000000001424
23-02-2015,11.64980,-0.011799999999999145
20-02-2015,11.66160,0.011200000000000543
18-02-2015,11.65040,0.008999999999998565
16-02-2015,11.64140,-0.01249999999999929
13-02-2015,11.65390,0.0365000000000002
12-02-2015,11.61740,0.01720000000000077
11-02-2015,11.60020,0.016799999999999926
10-02-2015,11.58340,0.011999999999998678
09-02-2015,11.57140,-0.024899999999998812
06-02-2015,11.59630,-0.016200000000001324
05-02-2015,11.61250,0.0051000000000005485
04-02-2015,11.60740,-0.022199999999999775
03-02-2015,11.62960,-0.034399999999999764
02-02-2015,11.66400,0.024699999999999278
30-01-2015,11.63930,-0.009800000000000253
29-01-2015,11.64910,0.0037000000000002586
28-01-2015,11.64540,0.010099999999999554
27-01-2015,11.63530,0.021800000000000708
23-01-2015,11.61350,0.007600000000000051
22-01-2015,11.60590,0.009199999999999875
21-01-2015,11.59670,0.016000000000000014
20-01-2015,11.58070,0.019400000000000972
19-01-2015,11.56130,0.00569999999999915
16-01-2015,11.55560,0.015499999999999403
15-01-2015,11.54010,0.07260000000000133
14-01-2015,11.46750,-0.0035000000000007248
13-01-2015,11.47100,0.019199999999999662
12-01-2015,11.45180,0.028100000000000236
09-01-2015,11.42370,0.008100000000000662
08-01-2015,11.41560,0.026699999999999946
07-01-2015,11.38890,0.012900000000000134
06-01-2015,11.37600,-0.043100000000000804
05-01-2015,11.41910,0.0
02-01-2015,11.41910,0.011000000000001009
01-01-2015,11.40810,0.0026999999999990365
31-12-2014,11.40540,0.013400000000000745
30-12-2014,11.39200,0.02179999999999893
29-12-2014,11.37020,0.0254000000000012
26-12-2014,11.34480,0.004999999999999005
24-12-2014,11.33980,-0.01389999999999958
23-12-2014,11.35370,0.0045000000000001705
22-12-2014,11.34920,0.017199999999998994
19-12-2014,11.33200,-0.0002999999999993008
18-12-2014,11.33230,0.04230000000000089
17-12-2014,11.29000,-0.0036000000000004917
16-12-2014,11.29360,-0.06620000000000026
15-12-2014,11.35980,-0.0015000000000000568
12-12-2014,11.36130,-0.004400000000000404
11-12-2014,11.36570,0.0015000000000000568
10-12-2014,11.36420,0.013700000000000045
09-12-2014,11.35050,-0.013700000000000045
08-12-2014,11.36420,-0.009800000000000253
05-12-2014,11.37400,-0.0015999999999998238
04-12-2014,11.37560,0.012299999999999756
03-12-2014,11.36330,0.015600000000000946
02-12-2014,11.34770,0.024399999999999977
01-12-2014,11.32330,0.012800000000000367
28-11-2014,11.31050,0.03730000000000011
27-11-2014,11.27320,0.0038999999999997925
26-11-2014,11.26930,0.00969999999999871
25-11-2014,11.25960,-0.015799999999998704
24-11-2014,11.27540,0.008999999999998565
21-11-2014,11.26640,0.00870000000000104
20-11-2014,11.25770,0.0039999999999995595
19-11-2014,11.25370,-0.0022999999999999687
18-11-2014,11.25600,0.011100000000000776
17-11-2014,11.24490,0.022999999999999687
14-11-2014,11.22190,0.012000000000000455
13-11-2014,11.20990,-0.019899999999999807
12-11-2014,11.22980,0.014599999999999724
11-11-2014,11.21520,0.009999999999999787
10-11-2014,11.20520,0.011499999999999844
07-11-2014,11.19370,0.004999999999999005
05-11-2014,11.18870,0.024600000000001288
03-11-2014,11.16410,0.014799999999999258
31-10-2014,11.14930,0.033500000000000085
30-10-2014,11.11580,0.02170000000000094
29-10-2014,11.09410,0.0129999999999999
28-10-2014,11.08110,0.010699999999999932
27-10-2014,11.07040,0.018899999999998585
22-10-2014,11.05150,0.014800000000001035
21-10-2014,11.03670,0.012299999999999756
20-10-2014,11.02440,0.03640000000000043
17-10-2014,10.98800,0.004400000000000404
16-10-2014,10.98360,-0.016800000000001702
14-10-2014,11.00040,0.008500000000001506
13-10-2014,10.99190,0.015699999999998937
10-10-2014,10.97620,-0.01440000000000019
09-10-2014,10.99060,0.01410000000000089
08-10-2014,10.97650,0.014099999999999113
07-10-2014,10.96240,0.0015999999999998238
01-10-2014,10.96080,0.00420000000000087
30-09-2014,10.95660,-0.006800000000000139
29-09-2014,10.96340,0.0030000000000001137
26-09-2014,10.96040,0.03089999999999904
25-09-2014,10.92950,-0.028699999999998838
24-09-2014,10.95820,-0.009999999999999787
23-09-2014,10.96820,-0.027499999999999858
22-09-2014,10.99570,0.013700000000000045
19-09-2014,10.98200,0.0
18-09-2014,10.98200,0.03619999999999912
17-09-2014,10.94580,0.009700000000000486
16-09-2014,10.93610,-0.03149999999999942
15-09-2014,10.96760,0.0006999999999983686
12-09-2014,10.96690,0.0045000000000001705
11-09-2014,10.96240,0.014599999999999724
10-09-2014,10.94780,-0.005199999999998539
09-09-2014,10.95300,-0.0007999999999999119
08-09-2014,10.95380,0.02149999999999963
05-09-2014,10.93230,0.009399999999999409
04-09-2014,10.92290,-0.00019999999999953388
03-09-2014,10.92310,0.009499999999999176
02-09-2014,10.91360,0.012299999999999756
01-09-2014,10.90130,0.03210000000000157
28-08-2014,10.86920,0.0016999999999995907
27-08-2014,10.86750,0.012100000000000222
26-08-2014,10.85540,0.0011999999999989797
25-08-2014,10.85420,-0.01159999999999961
22-08-2014,10.86580,0.011400000000000077
21-08-2014,10.85440,0.004799999999999471
20-08-2014,10.84960,0.011700000000001154
19-08-2014,10.83790,0.05209999999999937
14-08-2014,10.78580,0.02059999999999995
13-08-2014,10.76520,-0.0002999999999993008
12-08-2014,10.76550,0.014599999999999724
11-08-2014,10.75090,0.021300000000000097
08-08-2014,10.72960,-0.02340000000000053
07-08-2014,10.75300,0.001100000000000989
06-08-2014,10.75190,-0.01890000000000036
05-08-2014,10.77080,-0.004800000000001248
04-08-2014,10.77560,0.025500000000000966
01-08-2014,10.75010,-0.01750000000000007
31-07-2014,10.76760,-0.009600000000000719
30-07-2014,10.77720,0.0015999999999998238
28-07-2014,10.77560,-0.00569999999999915
25-07-2014,10.78130,-0.019199999999999662
24-07-2014,10.80050,0.009499999999999176
23-07-2014,10.79100,0.0037000000000002586
22-07-2014,10.78730,0.00990000000000002
21-07-2014,10.77740,0.011400000000000077
18-07-2014,10.76600,0.001300000000000523
17-07-2014,10.76470,0.00969999999999871
16-07-2014,10.75500,0.030100000000000904
15-07-2014,10.72490,0.0367999999999995
14-07-2014,10.68810,0.000700000000000145
11-07-2014,10.68740,-0.039199999999999235
10-07-2014,10.72660,-0.0031999999999996476
09-07-2014,10.72980,-0.0069000000000016826
08-07-2014,10.73670,-0.04619999999999891
07-07-2014,10.78290,0.005499999999999616
04-07-2014,10.77740,0.006299999999999528
03-07-2014,10.77110,0.00140000000000029
02-07-2014,10.76970,0.0343
30-06-2014,10.73540,0.0259999999999998
27-06-2014,10.70940,0.0057000000000009265
26-06-2014,10.70370,-0.006199999999999761
25-06-2014,10.70990,0.0017999999999993577
24-06-2014,10.70810,0.025600000000000733
23-06-2014,10.68250,0.005999999999998451
20-06-2014,10.67650,-0.01249999999999929
19-06-2014,10.68900,-0.011400000000000077
18-06-2014,10.70040,-0.019199999999999662
17-06-2014,10.71960,0.03309999999999924
16-06-2014,10.68650,-0.006800000000000139
13-06-2014,10.69330,-0.03219999999999956
12-06-2014,10.72550,0.0009999999999994458
11-06-2014,10.72450,-0.00569999999999915
10-06-2014,10.73020,-0.010500000000000398
09-06-2014,10.74070,0.00870000000000104
06-06-2014,10.73200,0.03339999999999854
05-06-2014,10.69860,0.03480000000000061
04-06-2014,10.66380,0.015200000000000102
03-06-2014,10.64860,0.026400000000000645
02-06-2014,10.62220,0.0365000000000002
30-05-2014,10.58570,0.008899999999998798
29-05-2014,10.57680,-0.005300000000000082
28-05-2014,10.58210,0.0015999999999998238
27-05-2014,10.58050,-0.008199999999998653
26-05-2014,10.58870,-0.005000000000000782
23-05-2014,10.59370,0.04840000000000089
22-05-2014,10.54530,0.02269999999999861
21-05-2014,10.52260,0.005300000000000082
20-05-2014,10.51730,0.0010000000000012221
19-05-2014,10.51630,0.04499999999999993
16-05-2014,10.47130,0.03399999999999892
15-05-2014,10.43730,0.0052000000000003155
13-05-2014,10.43210,0.016299999999999315
12-05-2014,10.41580,0.029300000000000992
09-05-2014,10.38650,0.0365000000000002
08-05-2014,10.35000,0.009599999999998943
07-05-2014,10.34040,-0.005799999999998917
06-05-2014,10.34620,0.0036000000000004917
05-05-2014,10.34260,0.01649999999999885
02-05-2014,10.32610,0.007699999999999818
30-04-2014,10.31840,-0.0022999999999999687
29-04-2014,10.32070,-0.00039999999999906777
28-04-2014,10.32110,0.000600000000000378
25-04-2014,10.32050,-0.004000000000001336
23-04-2014,10.32450,0.0045000000000001705
22-04-2014,10.32000,0.010699999999999932
21-04-2014,10.30930,0.027700000000001168
17-04-2014,10.28160,0.030699999999999505
16-04-2014,10.25090,-0.006099999999999994
15-04-2014,10.25700,9.999999999976694e-05
11-04-2014,10.25690,0.009299999999999642
10-04-2014,10.24760,0.01159999999999961
09-04-2014,10.23600,0.019899999999999807
07-04-2014,10.21610,0.002500000000001279
04-04-2014,10.21360,-0.01440000000000019
03-04-2014,10.22800,-0.009299999999999642
02-04-2014,10.23730,0.0024999999999995026
28-03-2014,10.23480,0.01810000000000045
27-03-2014,10.21670,0.004899999999999238
26-03-2014,10.21180,0.0058000000000006935
25-03-2014,10.20600,0.004799999999999471
24-03-2014,10.20120,0.026099999999999568
21-03-2014,10.17510,0.014300000000000423
20-03-2014,10.16080,-0.0038000000000000256
19-03-2014,10.16460,0.0038999999999997925
18-03-2014,10.16070,0.00990000000000002
14-03-2014,10.15080,-0.0029000000000003467
13-03-2014,10.15370,0.001800000000001134
12-03-2014,10.15190,0.006099999999999994
11-03-2014,10.14580,0.004899999999999238
10-03-2014,10.14090,0.011900000000000688
07-03-2014,10.12900,0.01670000000000016
06-03-2014,10.11230,0.02149999999999963
05-03-2014,10.09080,0.011799999999999145
04-03-2014,10.07900,0.012400000000001299
03-03-2014,10.06660,-0.008600000000001273
28-02-2014,10.07520,0.01580000000000048
26-02-2014,10.05940,0.006800000000000139
25-02-2014,10.05260,0.0025999999999992696
24-02-2014,10.05000,0.006000000000000227
21-02-2014,10.04400,0.013700000000000045
20-02-2014,10.03030,0.000600000000000378
18-02-2014,10.02970,0.013500000000000512
17-02-2014,10.01620,0.009299999999999642
14-02-2014,10.00690,0.007799999999999585
13-02-2014,9.99910,-0.01440000000000019
12-02-2014,10.01350,-0.007199999999999207
11-02-2014,10.02070,-0.007400000000000517
10-02-2014,10.02810,0.00870000000000104
07-02-2014,10.01940,
