date,nav,dayChange
15-01-2018,10.00000,-1.8092000000000006
12-01-2018,11.80920,0.001200000000000756
11-01-2018,11.80800,0.0010999999999992127
10-01-2018,11.80690,0.001200000000000756
09-01-2018,11.80570,0.0010999999999992127
08-01-2018,11.80460,0.0035000000000007248
05-01-2018,11.80110,0.0010999999999992127
04-01-2018,11.80000,0.001200000000000756
03-01-2018,11.79880,0.0010999999999992127
02-01-2018,11.79770,0.001100000000000989
01-01-2018,11.79660,0.0045000000000001705
29-12-2017,11.79210,0.0016999999999995907
28-12-2017,11.79040,-0.022999999999999687
27-12-2017,11.81340,-0.03369999999999962
26-12-2017,11.84710,0.03289999999999971
22-12-2017,11.81420,0.04849999999999888
21-12-2017,11.76570,-0.013499999999998735
20-12-2017,11.77920,0.005399999999999849
19-12-2017,11.77380,0.05919999999999881
18-12-2017,11.71460,0.0492000000000008
15-12-2017,11.66540,0.07959999999999923
14-12-2017,11.58580,0.053000000000000824
13-12-2017,11.53280,-0.038399999999999324
12-12-2017,11.57120,-0.07810000000000095
11-12-2017,11.64930,0.0602999999999998
08-12-2017,11.58900,0.06639999999999979
07-12-2017,11.52260,0.14010000000000034
06-12-2017,11.38250,-0.06969999999999921
05-12-2017,11.45220,-0.012400000000001299
04-12-2017,11.46460,-0.10499999999999865
30-11-2017,11.56960,-0.11969999999999992
29-11-2017,11.68930,-0.009400000000001185
28-11-2017,11.69870,-0.03589999999999982
27-11-2017,11.73460,0.020100000000001117
24-11-2017,11.71450,0.04039999999999999
23-11-2017,11.67410,0.0039999999999995595
22-11-2017,11.67010,-0.00870000000000104
21-11-2017,11.67880,0.06260000000000154
20-11-2017,11.61620,-0.03520000000000145
17-11-2017,11.65140,0.10970000000000013
16-11-2017,11.54170,0.09079999999999977
15-11-2017,11.45090,-0.10319999999999929
14-11-2017,11.55410,-0.023999999999999133
13-11-2017,11.57810,-0.0965000000000007
10-11-2017,11.67460,0.011499999999999844
09-11-2017,11.66310,-0.020899999999999253
08-11-2017,11.68400,-0.020200000000000884
07-11-2017,11.70420,-0.09529999999999994
06-11-2017,11.79950,0.045700000000000074
03-11-2017,11.75380,0.020400000000000418
02-11-2017,11.73340,-0.005300000000000082
01-11-2017,11.73870,0.046899999999999054
31-10-2017,11.69180,-0.02689999999999948
30-10-2017,11.71870,0.03700000000000081
27-10-2017,11.68170,0.05119999999999969
26-10-2017,11.63050,0.03529999999999944
25-10-2017,11.59520,0.020799999999999486
24-10-2017,11.57440,0.02090000000000103
23-10-2017,11.55350,-0.026799999999999713
18-10-2017,11.58030,-0.023200000000000998
17-10-2017,11.60350,0.0030999999999998806
16-10-2017,11.60040,0.05910000000000082
13-10-2017,11.54130,0.1844999999999999
12-10-2017,11.35680,-0.012399999999999523
11-10-2017,11.36920,-0.031000000000000583
10-10-2017,11.40020,0.027200000000000557
09-10-2017,11.37300,0.007799999999999585
06-10-2017,11.36520,0.08590000000000053
05-10-2017,11.27930,0.04259999999999842
04-10-2017,11.23670,-0.01529999999999987
03-10-2017,11.25200,0.06530000000000058
29-09-2017,11.18670,0.018000000000000682
28-09-2017,11.16870,0.031099999999998573
27-09-2017,11.13760,-0.1277999999999988
26-09-2017,11.26540,-0.001800000000001134
25-09-2017,11.26720,-0.08840000000000003
22-09-2017,11.35560,-0.14929999999999843
21-09-2017,11.50490,-0.01980000000000004
20-09-2017,11.52470,-0.006600000000000605
19-09-2017,11.53130,-0.00590000000000046
18-09-2017,11.53720,0.06300000000000061
15-09-2017,11.47420,-0.001100000000000989
14-09-2017,11.47530,0.006700000000000372
13-09-2017,11.46860,-0.013399999999998968
12-09-2017,11.48200,0.08169999999999966
11-09-2017,11.40030,0.06610000000000049
08-09-2017,11.33420,0.0038999999999997925
07-09-2017,11.33030,0.012900000000000134
06-09-2017,11.31740,-0.03420000000000023
05-09-2017,11.35160,0.03629999999999889
04-09-2017,11.31530,-0.05909999999999904
01-09-2017,11.37440,0.05250000000000021
31-08-2017,11.32190,0.03089999999999904
30-08-2017,11.29100,0.0835000000000008
29-08-2017,11.20750,-0.11020000000000074
28-08-2017,11.31770,0.05010000000000048
24-08-2017,11.26760,0.0030999999999998806
23-08-2017,11.26450,0.0815999999999999
22-08-2017,11.18290,0.010099999999999554
21-08-2017,11.17280,-0.07899999999999885
18-08-2017,11.25180,-0.057500000000000995
16-08-2017,11.30930,0.09710000000000107
14-08-2017,11.21220,0.0777000000000001
11-08-2017,11.13450,-0.10360000000000014
10-08-2017,11.23810,-0.08340000000000103
09-08-2017,11.32150,-0.06709999999999994
08-08-2017,11.38860,-0.07469999999999999
07-08-2017,11.46330,-0.009700000000000486
04-08-2017,11.47300,0.049599999999999866
03-08-2017,11.42340,-0.06819999999999915
02-08-2017,11.49160,-0.031800000000000495
01-08-2017,11.52340,0.03560000000000052
31-07-2017,11.48780,0.05790000000000006
28-07-2017,11.42990,-0.0058000000000006935
27-07-2017,11.43570,-0.0008999999999996788
26-07-2017,11.43660,0.053000000000000824
25-07-2017,11.38360,-0.001800000000001134
24-07-2017,11.38540,0.04750000000000121
21-07-2017,11.33790,0.03909999999999947
20-07-2017,11.29880,-0.025800000000000267
19-07-2017,11.32460,0.06809999999999938
18-07-2017,11.25650,-0.08769999999999989
17-07-2017,11.34420,0.027200000000000557
14-07-2017,11.31700,-0.0052000000000003155
13-07-2017,11.32220,0.07190000000000119
12-07-2017,11.25030,0.02809999999999846
11-07-2017,11.22220,0.014200000000000657
10-07-2017,11.20800,0.10009999999999941
07-07-2017,11.10790,-0.00849999999999973
06-07-2017,11.11640,0.03610000000000113
05-07-2017,11.08030,0.02210000000000001
04-07-2017,11.05820,-0.0022999999999999687
03-07-2017,11.06050,0.08789999999999942
30-06-2017,10.97260,0.014699999999999491
29-06-2017,10.95790,0.01130000000000031
28-06-2017,10.94660,-0.019999999999999574
27-06-2017,10.96660,-0.06080000000000041
23-06-2017,11.02740,-0.05230000000000068
22-06-2017,11.07970,-0.0034999999999989484
21-06-2017,11.08320,-0.01929999999999943
20-06-2017,11.10250,-0.004000000000001336
19-06-2017,11.10650,0.06460000000000043
16-06-2017,11.04190,0.007400000000000517
15-06-2017,11.03450,-0.03780000000000072
14-06-2017,11.07230,0.010400000000000631
13-06-2017,11.06190,-0.008599999999999497
12-06-2017,11.07050,-0.04960000000000164
09-06-2017,11.12010,0.018700000000000827
08-06-2017,11.10140,-0.016000000000000014
07-06-2017,11.11740,0.02459999999999951
06-06-2017,11.09280,-0.03669999999999973
05-06-2017,11.12950,0.018599999999999284
02-06-2017,11.11090,0.035400000000000986
01-06-2017,11.07550,-0.004799999999999471
31-05-2017,11.08030,-0.0029000000000003467
30-05-2017,11.08320,0.01649999999999885
29-05-2017,11.06670,0.0069000000000016826
26-05-2017,11.05980,0.07979999999999876
25-05-2017,10.98000,0.14660000000000117
24-05-2017,10.83340,-0.02310000000000123
23-05-2017,10.85650,-0.048599999999998644
22-05-2017,10.90510,0.007699999999999818
19-05-2017,10.89740,-0.003300000000001191
18-05-2017,10.90070,-0.08809999999999896
17-05-2017,10.98880,0.011199999999998766
16-05-2017,10.97760,0.06260000000000154
15-05-2017,10.91500,0.04079999999999906
12-05-2017,10.87420,-0.021900000000000475
11-05-2017,10.89610,0.0987000000000009
09-05-2017,10.79740,0.0009999999999994458
08-05-2017,10.79640,0.022999999999999687
05-05-2017,10.77340,-0.06679999999999886
04-05-2017,10.84020,0.04559999999999853
03-05-2017,10.79460,-0.0024999999999995026
02-05-2017,10.79710,0.0071000000000012164
28-04-2017,10.79000,-0.03710000000000058
27-04-2017,10.82710,-0.012399999999999523
26-04-2017,10.83950,0.04029999999999845
25-04-2017,10.79920,0.08550000000000146
24-04-2017,10.71370,0.0948999999999991
21-04-2017,10.61880,-0.016799999999999926
20-04-2017,10.63560,0.029600000000000293
19-04-2017,10.60600,-0.0032999999999994145
18-04-2017,10.60930,-0.030900000000000816
17-04-2017,10.64020,-0.013500000000000512
13-04-2017,10.65370,-0.04609999999999914
12-04-2017,10.69980,-0.03170000000000073
11-04-2017,10.73150,0.05180000000000007
10-04-2017,10.67970,-0.01929999999999943
07-04-2017,10.69900,-0.05860000000000021
06-04-2017,10.75760,-0.008300000000000196
05-04-2017,10.76590,0.02149999999999963
03-04-2017,10.74440,0.05250000000000021
31-03-2017,10.69190,0.001300000000000523
30-03-2017,10.69060,0.0235000000000003
29-03-2017,10.66710,0.08980000000000032
27-03-2017,10.57730,-0.056600000000001316
24-03-2017,10.63390,0.0129999999999999
23-03-2017,10.62090,0.049900000000000944
22-03-2017,10.57100,-0.07220000000000049
21-03-2017,10.64320,-0.005799999999998917
20-03-2017,10.64900,-0.03130000000000166
17-03-2017,10.68030,0.002100000000000435
16-03-2017,10.67820,0.06020000000000003
15-03-2017,10.61800,-0.006399999999999295
14-03-2017,10.62440,0.16059999999999874
10-03-2017,10.46380,0.001900000000000901
09-03-2017,10.46190,-0.005399999999999849
08-03-2017,10.46730,-0.022999999999999687
07-03-2017,10.49030,-0.019899999999999807
06-03-2017,10.51020,0.05609999999999893
03-03-2017,10.45410,-0.006700000000000372
02-03-2017,10.46080,-0.03829999999999956
01-03-2017,10.49910,0.06099999999999994
28-02-2017,10.43810,-0.016899999999999693
27-02-2017,10.45500,-0.039699999999999847
23-02-2017,10.49470,0.006299999999999528
22-02-2017,10.48840,0.02909999999999968
20-02-2017,10.45930,0.04460000000000086
17-02-2017,10.41470,0.030300000000000438
16-02-2017,10.38440,0.041499999999999204
15-02-2017,10.34290,-0.051600000000000534
14-02-2017,10.39450,-0.01649999999999885
13-02-2017,10.41100,0.0029000000000003467
10-02-2017,10.40810,0.008999999999998565
09-02-2017,10.39910,0.0037000000000002586
08-02-2017,10.39540,-0.025599999999998957
07-02-2017,10.42100,-0.03550000000000075
06-02-2017,10.45650,0.04330000000000034
03-02-2017,10.41320,-0.006999999999999673
02-02-2017,10.42020,0.00429999999999886
01-02-2017,10.41590,0.15990000000000038
31-01-2017,10.25600,-0.048799999999999955
30-01-2017,10.30480,-0.018599999999999284
27-01-2017,10.32340,0.020899999999999253
25-01-2017,10.30250,0.12410000000000032
24-01-2017,10.17840,0.07029999999999959
23-01-2017,10.10810,0.022199999999999775
20-01-2017,10.08590,-0.04889999999999972
19-01-2017,10.13480,0.004699999999999704
18-01-2017,10.13010,0.004400000000000404
17-01-2017,10.12570,-0.022499999999999076
16-01-2017,10.14820,-0.003200000000001424
13-01-2017,10.15140,-0.014299999999998647
12-01-2017,10.16570,0.010899999999999466
11-01-2017,10.15480,0.07339999999999947
10-01-2017,10.08140,0.03270000000000017
09-01-2017,10.04870,-0.019199999999999662
06-01-2017,10.06790,-0.026500000000000412
05-01-2017,10.09440,0.06269999999999953
04-01-2017,10.03170,-0.010399999999998855
03-01-2017,10.04210,-0.0045000000000001705
02-01-2017,10.04660,-0.011400000000000077
30-12-2016,10.05800,0.05799999999999983
29-12-2016,10.00000,0.042500000000000426
28-12-2016,9.95750,-0.016799999999999926
27-12-2016,9.97430,0.10050000000000026
26-12-2016,9.87380,-0.03930000000000078
23-12-2016,9.91310,-0.011499999999999844
22-12-2016,9.92460,-0.04049999999999976
21-12-2016,9.96510,-0.025500000000000966
20-12-2016,9.99060,-0.02689999999999948
19-12-2016,10.01750,-0.033200000000000784
16-12-2016,10.05070,-0.026999999999999247
15-12-2016,10.07770,-0.03359999999999985
14-12-2016,10.11130,-0.03819999999999979
13-12-2016,10.14950,-0.034000000000000696
09-12-2016,10.18350,-0.006499999999999062
08-12-2016,10.19000,0.12509999999999977
07-12-2016,10.06490,-0.05429999999999957
06-12-2016,10.11920,-0.0071000000000012164
05-12-2016,10.12630,0.009600000000000719
02-12-2016,10.11670,-0.05439999999999934
01-12-2016,10.17110,-0.03500000000000014
30-11-2016,10.20610,0.051699999999998525
29-11-2016,10.15440,-0.011199999999998766
28-11-2016,10.16560,-0.015900000000000247
25-11-2016,10.18150,0.12439999999999962
24-11-2016,10.05710,-0.04379999999999917
23-11-2016,10.10090,0.0002999999999993008
22-11-2016,10.10060,0.0345999999999993
21-11-2016,10.06600,-0.04279999999999973
18-11-2016,10.10880,-0.025599999999998957
17-11-2016,10.13440,-0.03690000000000104
16-11-2016,10.17130,-0.011199999999998766
15-11-2016,10.18250,-0.04560000000000031
11-11-2016,10.22810,-0.0343
10-11-2016,10.26240,0.08169999999999966
09-11-2016,10.18070,-0.04889999999999972
08-11-2016,10.22960,0.02919999999999945
07-11-2016,10.20040,0.04540000000000077
04-11-2016,10.15500,-0.0406000000000013
03-11-2016,10.19560,-0.03229999999999933
02-11-2016,10.22790,-0.0600000000000005
01-11-2016,10.28790,-0.031299999999999883
28-10-2016,10.31920,0.006999999999999673
27-10-2016,10.31220,-0.014299999999998647
26-10-2016,10.32650,-0.055200000000001026
25-10-2016,10.38170,-0.02660000000000018
24-10-2016,10.40830,-9.999999999976694e-05
21-10-2016,10.40840,-0.01670000000000016
20-10-2016,10.42510,0.019099999999999895
19-10-2016,10.40600,-0.025299999999999656
18-10-2016,10.43130,0.1684000000000001
17-10-2016,10.26290,-0.051399999999999224
14-10-2016,10.31430,-0.008300000000000196
13-10-2016,10.32260,-0.06770000000000032
10-10-2016,10.39030,-0.0023999999999997357
07-10-2016,10.39270,-0.02289999999999992
06-10-2016,10.41560,-0.03330000000000055
05-10-2016,10.44890,-0.02880000000000038
04-10-2016,10.47770,0.013300000000000978
03-10-2016,10.46440,0.12599999999999945
30-09-2016,10.33840,0.004699999999999704
29-09-2016,10.33370,-0.0710999999999995
28-09-2016,10.40480,0.023699999999999832
27-09-2016,10.38110,-0.018499999999999517
26-09-2016,10.39960,-0.06650000000000134
23-09-2016,10.46610,-0.03349999999999831
22-09-2016,10.49960,0.08579999999999899
21-09-2016,10.41380,-0.01019999999999932
20-09-2016,10.42400,-0.031800000000000495
19-09-2016,10.45580,0.01699999999999946
16-09-2016,10.43880,0.023699999999999832
15-09-2016,10.41510,0.0071000000000012164
14-09-2016,10.40800,-0.00590000000000046
12-09-2016,10.41390,-0.0779999999999994
09-09-2016,10.49190,-0.06479999999999997
08-09-2016,10.55670,0.02239999999999931
07-09-2016,10.53430,-0.02779999999999916
06-09-2016,10.56210,0.14449999999999896
02-09-2016,10.41760,0.024200000000000443
01-09-2016,10.39340,-0.013199999999999434
31-08-2016,10.40660,0.026499999999998636
30-08-2016,10.38010,0.13430000000000142
29-08-2016,10.24580,0.04519999999999946
26-08-2016,10.20060,-0.020100000000001117
25-08-2016,10.22070,-0.04209999999999958
24-08-2016,10.26280,0.006099999999999994
23-08-2016,10.25670,-0.005499999999999616
22-08-2016,10.26220,-0.036599999999999966
19-08-2016,10.29880,-0.014200000000000657
18-08-2016,10.31300,0.010800000000001475
16-08-2016,10.30220,-0.03080000000000105
12-08-2016,10.33300,0.06869999999999976
11-08-2016,10.26430,0.010699999999999932
10-08-2016,10.25360,-0.06079999999999863
09-08-2016,10.31440,-0.02940000000000076
08-08-2016,10.34380,0.013199999999999434
05-08-2016,10.33060,0.1468000000000007
04-08-2016,10.18380,-0.007600000000000051
03-08-2016,10.19140,-0.05259999999999998
02-08-2016,10.24400,-0.02149999999999963
01-08-2016,10.26550,-0.009700000000000486
29-07-2016,10.27520,-0.028200000000000003
28-07-2016,10.30340,0.03829999999999956
27-07-2016,10.26510,0.012900000000000134
26-07-2016,10.25220,-0.037799999999998946
25-07-2016,10.29000,0.08889999999999887
22-07-2016,10.20110,0.015399999999999636
21-07-2016,10.18570,-0.04589999999999961
20-07-2016,10.23160,0.01929999999999943
19-07-2016,10.21230,0.004400000000000404
18-07-2016,10.20790,-0.027599999999999625
15-07-2016,10.23550,-0.029299999999999216
14-07-2016,10.26480,0.02829999999999977
13-07-2016,10.23650,-0.014700000000001268
12-07-2016,10.25120,0.036800000000001276
11-07-2016,10.21440,0.15369999999999884
08-07-2016,10.06070,-0.0240999999999989
07-07-2016,10.08480,-0.012900000000000134
05-07-2016,10.09770,-0.0343
04-07-2016,10.13200,0.016600000000000392
01-07-2016,10.11540,0.016899999999999693
30-06-2016,10.09850,0.06489999999999974
29-06-2016,10.03360,0.05460000000000065
28-06-2016,9.97900,0.010699999999999932
27-06-2016,9.96830,-0.014000000000001123
24-06-2016,9.98230,-0.0259999999999998
23-06-2016,10.00830,0.04840000000000089
22-06-2016,9.95990,-0.028999999999999915
21-06-2016,9.98890,-0.025000000000000355
20-06-2016,10.01390,0.04699999999999882
17-06-2016,9.96690,0.008600000000001273
16-06-2016,9.95830,-0.046499999999999986
15-06-2016,10.00480,0.08649999999999913
14-06-2016,9.91830,-0.015699999999998937
13-06-2016,9.93400,-0.04499999999999993
10-06-2016,9.97900,-0.03210000000000157
09-06-2016,10.01110,-0.048199999999999577
08-06-2016,10.05930,-0.013099999999999667
07-06-2016,10.07240,0.03979999999999961
06-06-2016,10.03260,-0.027300000000000324
03-06-2016,10.05990,-0.01609999999999978
02-06-2016,10.07600,0.012900000000000134
01-06-2016,10.06310,0.18689999999999962
31-05-2016,9.87620,-0.2248000000000001
30-05-2016,10.10100,-0.006699999999998596
27-05-2016,10.10770,0.05909999999999904
26-05-2016,10.04860,0.12180000000000035
25-05-2016,9.92680,0.22359999999999935
24-05-2016,9.70320,-0.004099999999999326
23-05-2016,9.70730,-0.027300000000000324
20-05-2016,9.73460,-0.034900000000000375
19-05-2016,9.76950,-0.044299999999999784
18-05-2016,9.81380,-0.029899999999999594
17-05-2016,9.84370,0.0045000000000001705
16-05-2016,9.83920,0.01789999999999914
13-05-2016,9.82130,-0.04420000000000002
12-05-2016,9.86550,0.023000000000001464
11-05-2016,9.84250,-0.03690000000000104
10-05-2016,9.87940,-0.0034999999999989484
09-05-2016,9.88290,0.12659999999999982
06-05-2016,9.75630,-0.02340000000000053
05-05-2016,9.77970,-0.0030000000000001137
04-05-2016,9.78270,-0.03410000000000046
03-05-2016,9.81680,-0.04870000000000019
02-05-2016,9.86550,0.16550000000000153
29-04-2016,9.70000,-0.2331000000000003
28-04-2016,9.93310,-0.05010000000000048
27-04-2016,9.98320,-0.01130000000000031
26-04-2016,9.99450,0.08730000000000082
25-04-2016,9.90720,-0.04349999999999987
22-04-2016,9.95070,-0.028999999999999915
21-04-2016,9.97970,-0.024100000000000676
20-04-2016,10.00380,-0.02490000000000059
18-04-2016,10.02870,0.03220000000000134
13-04-2016,9.99650,0.1266999999999996
12-04-2016,9.86980,0.004899999999999238
11-04-2016,9.86490,0.07380000000000031
07-04-2016,9.79110,-0.044800000000000395
06-04-2016,9.83590,-0.023099999999999454
05-04-2016,9.85900,-0.040800000000000836
04-04-2016,9.89980,-0.046299999999998676
31-03-2016,9.94610,-0.01320000000000121
30-03-2016,9.95930,0.12110000000000021
29-03-2016,9.83820,-0.028200000000000003
28-03-2016,9.86640,-0.0519999999999996
23-03-2016,9.91840,-0.031800000000000495
22-03-2016,9.95020,-0.021599999999999397
21-03-2016,9.97180,0.07240000000000002
18-03-2016,9.89940,0.060100000000000264
17-03-2016,9.83930,-0.013400000000000745
16-03-2016,9.85270,0.00280000000000058
15-03-2016,9.84990,-0.0497999999999994
14-03-2016,9.89970,-0.001800000000001134
11-03-2016,9.90150,-0.012599999999999056
10-03-2016,9.91410,-0.046700000000001296
09-03-2016,9.96080,0.006099999999999994
08-03-2016,9.95470,-0.03200000000000003
04-03-2016,9.98670,-0.025399999999999423
03-03-2016,10.01210,0.05670000000000108
02-03-2016,9.95540,0.11029999999999873
01-03-2016,9.84510,0.2652000000000001
29-02-2016,9.57990,-0.023999999999999133
26-02-2016,9.60390,0.017199999999998994
25-02-2016,9.58670,-0.0495000000000001
24-02-2016,9.63620,-0.0500999999999987
23-02-2016,9.68630,-0.05480000000000018
22-02-2016,9.74110,-0.03140000000000143
18-02-2016,9.77250,0.037700000000000955
17-02-2016,9.73480,0.010699999999999932
16-02-2016,9.72410,-0.05310000000000059
15-02-2016,9.77720,0.16870000000000118
12-02-2016,9.60850,-0.02800000000000047
11-02-2016,9.63650,0.04919999999999902
10-02-2016,9.58730,-0.038399999999999324
09-02-2016,9.62570,-0.04499999999999993
08-02-2016,9.67070,-0.04449999999999932
05-02-2016,9.71520,0.05299999999999905
04-02-2016,9.66220,0.010600000000000165
03-02-2016,9.65160,-0.04470000000000063
02-02-2016,9.69630,-0.04209999999999958
01-02-2016,9.73840,-0.027300000000000324
29-01-2016,9.76570,0.13580000000000148
28-01-2016,9.62990,-0.031500000000001194
27-01-2016,9.66140,-0.02239999999999931
25-01-2016,9.68380,-0.011100000000000776
22-01-2016,9.69490,0.14419999999999966
21-01-2016,9.55070,-0.031599999999999184
20-01-2016,9.58230,-0.02829999999999977
19-01-2016,9.61060,0.058400000000000674
18-01-2016,9.55220,-0.03420000000000023
15-01-2016,9.58640,-0.04070000000000107
14-01-2016,9.62710,-0.03139999999999965
13-01-2016,9.65850,0.019099999999999895
12-01-2016,9.63940,-0.04260000000000019
11-01-2016,9.68200,-0.038399999999999324
08-01-2016,9.72040,0.0038999999999997925
07-01-2016,9.71650,-0.0024999999999995026
06-01-2016,9.71900,-0.0362000000000009
05-01-2016,9.75520,-0.022700000000000387
04-01-2016,9.77790,-0.005999999999998451
01-01-2016,9.78390,0.0022999999999999687
31-12-2015,9.78160,0.02999999999999936
30-12-2015,9.75160,-0.031299999999999883
29-12-2015,9.78290,-0.014699999999999491
28-12-2015,9.79760,0.021699999999999164
23-12-2015,9.77590,0.05969999999999942
22-12-2015,9.71620,-0.037499999999999645
21-12-2015,9.75370,0.0517000000000003
18-12-2015,9.70200,-0.039199999999999235
17-12-2015,9.74120,0.08319999999999972
16-12-2015,9.65800,0.02909999999999968
15-12-2015,9.62890,0.024699999999999278
14-12-2015,9.60420,0.006899999999999906
11-12-2015,9.59730,-0.04529999999999923
10-12-2015,9.64260,0.051399999999999224
09-12-2015,9.59120,-0.0367999999999995
08-12-2015,9.62800,-0.046499999999999986
07-12-2015,9.67450,-0.028900000000000148
04-12-2015,9.70340,-0.04049999999999976
03-12-2015,9.74390,-0.04190000000000005
02-12-2015,9.78580,-0.027300000000000324
01-12-2015,9.81310,0.001900000000000901
30-11-2015,9.81120,-0.023900000000001143
27-11-2015,9.83510,0.03760000000000119
26-11-2015,9.79750,0.027499999999999858
24-11-2015,9.77000,-0.02940000000000076
23-11-2015,9.79940,-0.023600000000000065
20-11-2015,9.82300,-0.010699999999999932
19-11-2015,9.83370,0.10390000000000121
18-11-2015,9.72980,-0.03900000000000148
17-11-2015,9.76880,0.0065000000000008384
16-11-2015,9.76230,0.02210000000000001
13-11-2015,9.74020,-0.022299999999999542
10-11-2015,9.76250,-0.030900000000000816
09-11-2015,9.79340,-0.039699999999999847
06-11-2015,9.83310,-0.017799999999999372
05-11-2015,9.85090,-0.051600000000000534
04-11-2015,9.90250,-0.03110000000000035
03-11-2015,9.93360,-0.011200000000000543
02-11-2015,9.94480,-0.028699999999998838
30-10-2015,9.97350,-0.047399999999999665
29-10-2015,10.02090,-0.04870000000000019
28-10-2015,10.06960,-0.04659999999999975
27-10-2015,10.11620,-0.03560000000000052
26-10-2015,10.15180,-0.040300000000000225
23-10-2015,10.19210,0.022700000000000387
21-10-2015,10.16940,-0.027800000000000935
20-10-2015,10.19720,-0.029899999999999594
19-10-2015,10.22710,0.009600000000000719
16-10-2015,10.21750,0.029899999999999594
15-10-2015,10.18760,0.0409000000000006
14-10-2015,10.14670,-0.038000000000000256
13-10-2015,10.18470,-0.03170000000000073
12-10-2015,10.21640,-0.05480000000000018
09-10-2015,10.27120,0.02260000000000062
08-10-2015,10.24860,-0.054199999999999804
07-10-2015,10.30280,-0.007699999999999818
06-10-2015,10.31050,-0.004900000000001015
05-10-2015,10.31540,0.16300000000000026
01-10-2015,10.15240,0.2979000000000003
30-09-2015,9.85450,-0.2643000000000004
29-09-2015,10.11880,0.016799999999999926
28-09-2015,10.10200,-0.06160000000000032
24-09-2015,10.16360,-0.01559999999999917
23-09-2015,10.17920,-0.015200000000000102
22-09-2015,10.19440,-0.06670000000000087
21-09-2015,10.26110,-0.033299999999998775
18-09-2015,10.29440,0.041499999999999204
16-09-2015,10.25290,0.01699999999999946
15-09-2015,10.23590,-0.05529999999999902
14-09-2015,10.29120,0.03550000000000075
11-09-2015,10.25570,-0.03340000000000032
10-09-2015,10.28910,-0.06530000000000058
09-09-2015,10.35440,0.0904000000000007
08-09-2015,10.26400,0.0862999999999996
07-09-2015,10.17770,-0.0799000000000003
04-09-2015,10.25760,-0.08539999999999992
03-09-2015,10.34300,0.04720000000000013
02-09-2015,10.29580,-0.07319999999999993
01-09-2015,10.36900,0.4775999999999989
31-08-2015,9.89140,-0.6158999999999999
28-08-2015,10.50730,0.003200000000001424
27-08-2015,10.50410,0.11769999999999925
26-08-2015,10.38640,-0.08179999999999943
25-08-2015,10.46820,0.019199999999999662
24-08-2015,10.44900,0.2696000000000005
21-08-2015,10.17940,-0.0597000000000012
20-08-2015,10.23910,-0.061799999999999855
19-08-2015,10.30090,-0.01929999999999943
17-08-2015,10.32020,-0.04190000000000005
14-08-2015,10.36210,0.1938999999999993
13-08-2015,10.16820,-0.006399999999999295
12-08-2015,10.17460,-0.05860000000000021
11-08-2015,10.23320,-0.04829999999999934
10-08-2015,10.28150,-0.04330000000000034
07-08-2015,10.32480,-0.03710000000000058
06-08-2015,10.36190,0.0007999999999999119
05-08-2015,10.36110,0.02880000000000038
04-08-2015,10.33230,-0.03769999999999918
03-08-2015,10.37000,-0.007600000000000051
31-07-2015,10.37760,0.10360000000000014
30-07-2015,10.27400,0.02859999999999907
29-07-2015,10.24540,0.021900000000000475
28-07-2015,10.22350,-0.03240000000000087
27-07-2015,10.25590,-0.06819999999999915
24-07-2015,10.32410,-0.059800000000000963
23-07-2015,10.38390,-0.04839999999999911
22-07-2015,10.43230,0.10229999999999961
21-07-2015,10.33000,-0.04829999999999934
20-07-2015,10.37830,-0.032300000000001106
17-07-2015,10.41060,-0.012900000000000134
16-07-2015,10.42350,0.06550000000000011
15-07-2015,10.35800,0.05630000000000024
14-07-2015,10.30170,-0.012299999999999756
13-07-2015,10.31400,0.08530000000000015
10-07-2015,10.22870,0.013099999999999667
09-07-2015,10.21560,-0.04349999999999987
08-07-2015,10.25910,-0.055600000000000094
07-07-2015,10.31470,-0.03049999999999997
06-07-2015,10.34520,0.013199999999999434
03-07-2015,10.33200,0.021300000000000097
02-07-2015,10.31070,-0.02639999999999887
01-07-2015,10.33710,0.18569999999999887
30-06-2015,10.15140,-0.0970999999999993
29-06-2015,10.24850,-0.04540000000000077
26-06-2015,10.29390,-0.029799999999999827
25-06-2015,10.32370,0.013099999999999667
24-06-2015,10.31060,-0.035599999999998744
23-06-2015,10.34620,-0.002100000000000435
22-06-2015,10.34830,0.12069999999999936
19-06-2015,10.22760,0.03200000000000003
18-06-2015,10.19560,0.06810000000000116
17-06-2015,10.12750,0.02689999999999948
16-06-2015,10.10060,-0.002000000000000668
15-06-2015,10.10260,0.0007999999999999119
12-06-2015,10.10180,-0.007499999999998508
11-06-2015,10.10930,-0.06080000000000041
10-06-2015,10.17010,0.07669999999999888
09-06-2015,10.09340,-0.03409999999999869
08-06-2015,10.12750,-0.05879999999999974
05-06-2015,10.18630,-0.03920000000000101
04-06-2015,10.22550,-0.04139999999999944
03-06-2015,10.26690,-0.05850000000000044
02-06-2015,10.32540,-0.09849999999999959
01-06-2015,10.42390,0.2394999999999996
29-05-2015,10.18440,-0.14400000000000013
28-05-2015,10.32840,-0.028100000000000236
27-05-2015,10.35650,-0.0240999999999989
26-05-2015,10.38060,-0.044299999999999784
25-05-2015,10.42490,-0.07180000000000142
22-05-2015,10.49670,0.0129999999999999
21-05-2015,10.48370,-0.025599999999998957
20-05-2015,10.50930,0.02459999999999951
19-05-2015,10.48470,-0.034900000000000375
18-05-2015,10.51960,0.08549999999999969
15-05-2015,10.43410,0.00420000000000087
14-05-2015,10.42990,-0.03739999999999988
13-05-2015,10.46730,0.07499999999999929
12-05-2015,10.39230,-0.018899999999998585
11-05-2015,10.41120,0.08209999999999873
08-05-2015,10.32910,0.11790000000000056
07-05-2015,10.21120,-0.05429999999999957
06-05-2015,10.26550,-0.03520000000000145
05-05-2015,10.30070,0.3934000000000015
30-04-2015,9.90730,-0.3218000000000014
29-04-2015,10.22910,-0.04269999999999996
28-04-2015,10.27180,0.05080000000000062
27-04-2015,10.22100,-0.06760000000000055
24-04-2015,10.28860,-0.06219999999999892
23-04-2015,10.35080,-0.04630000000000045
22-04-2015,10.39710,0.03500000000000014
21-04-2015,10.36210,-0.057299999999999685
20-04-2015,10.41940,0.05630000000000024
17-04-2015,10.36310,-0.2060000000000013
16-04-2015,10.56910,-0.0495000000000001
15-04-2015,10.61860,-0.05999999999999872
13-04-2015,10.67860,0.03549999999999898
10-04-2015,10.64310,-0.006999999999999673
09-04-2015,10.65010,0.041100000000000136
08-04-2015,10.60900,0.027300000000000324
07-04-2015,10.58170,-0.0005000000000006111
06-04-2015,10.58220,0.45780000000000065
31-03-2015,10.12440,-0.37570000000000014
30-03-2015,10.50010,0.16489999999999938
27-03-2015,10.33520,-0.010999999999999233
26-03-2015,10.34620,-0.06990000000000052
25-03-2015,10.41610,-0.020199999999999108
24-03-2015,10.43630,-0.01180000000000092
23-03-2015,10.44810,-0.03279999999999994
20-03-2015,10.48090,-0.059499999999999886
19-03-2015,10.54040,-0.045999999999999375
18-03-2015,10.58640,-0.04870000000000019
17-03-2015,10.63510,0.08300000000000018
16-03-2015,10.55210,-0.02970000000000006
13-03-2015,10.58180,-0.08689999999999998
12-03-2015,10.66870,0.06729999999999947
11-03-2015,10.60140,-0.018800000000000594
10-03-2015,10.62020,-0.05269999999999975
09-03-2015,10.67290,-0.08980000000000032
05-03-2015,10.76270,-0.011699999999999378
04-03-2015,10.77440,-0.059499999999999886
03-03-2015,10.83390,0.0051000000000005485
02-03-2015,10.82880,0.4837999999999987
27-02-2015,10.34500,-0.22059999999999924
26-02-2015,10.56560,-0.06959999999999944
25-02-2015,10.63520,-0.003300000000001191
24-02-2015,10.63850,-0.0045999999999999375
23-02-2015,10.64310,-0.058099999999999596
20-02-2015,10.70120,-0.04490000000000016
18-02-2015,10.74610,0.0387000000000004
16-02-2015,10.70740,-0.0057000000000009265
13-02-2015,10.71310,0.09130000000000038
12-02-2015,10.62180,0.06900000000000084
11-02-2015,10.55280,0.05149999999999899
10-02-2015,10.50130,0.027800000000000935
09-02-2015,10.47350,-0.08479999999999954
06-02-2015,10.55830,-0.059200000000000585
05-02-2015,10.61750,-0.0389999999999997
04-02-2015,10.65650,0.4258999999999986
03-02-2015,10.23060,-0.5290999999999997
02-02-2015,10.75970,0.5076
30-01-2015,10.25210,-0.6244999999999994
29-01-2015,10.87660,0.01839999999999975
28-01-2015,10.85820,-0.020899999999999253
27-01-2015,10.87910,0.059899999999998954
23-01-2015,10.81920,0.06380000000000052
22-01-2015,10.75540,0.0007999999999999119
21-01-2015,10.75460,0.014699999999999491
20-01-2015,10.73990,0.14480000000000004
19-01-2015,10.59510,0.004300000000000637
16-01-2015,10.59080,-0.002600000000001046
15-01-2015,10.59340,0.2679000000000009
14-01-2015,10.32550,
