date,nav,dayChange
15-04-2021,9.88010,0.0022999999999999687
12-04-2021,9.87780,0.0022999999999999687
09-04-2021,9.87550,0.000700000000000145
08-04-2021,9.87480,0.000700000000000145
07-04-2021,9.87410,0.000700000000000145
06-04-2021,9.87340,-0.14669999999999916
05-04-2021,10.02010,0.005399999999999849
31-03-2021,10.01470,0.0010999999999992127
30-03-2021,10.01360,0.004400000000000404
26-03-2021,10.00920,0.001300000000000523
25-03-2021,10.00790,0.0010999999999992127
24-03-2021,10.00680,0.001100000000000989
23-03-2021,10.00570,0.0010999999999992127
22-03-2021,10.00460,0.0032999999999994145
19-03-2021,10.00130,-0.11589999999999989
18-03-2021,10.11720,0.001100000000000989
17-03-2021,10.11610,0.0010999999999992127
16-03-2021,10.11500,0.001100000000000989
15-03-2021,10.11390,0.0033999999999991815
12-03-2021,10.11050,0.002200000000000202
10-03-2021,10.10830,0.0011999999999989797
09-03-2021,10.10710,0.001100000000000989
08-03-2021,10.10600,0.0036000000000004917
05-03-2021,10.10240,0.0007999999999999119
04-03-2021,10.10160,0.0007999999999999119
03-03-2021,10.10080,0.0009999999999994458
02-03-2021,10.09980,0.001200000000000756
01-03-2021,10.09860,0.0031999999999996476
26-02-2021,10.09540,0.000700000000000145
25-02-2021,10.09470,0.0015000000000000568
24-02-2021,10.09320,0.002200000000000202
23-02-2021,10.09100,0.0009999999999994458
22-02-2021,10.09000,0.004099999999999326
18-02-2021,10.08590,0.001200000000000756
17-02-2021,10.08470,0.00140000000000029
16-02-2021,10.08330,0.0010999999999992127
15-02-2021,10.08220,0.003400000000000958
12-02-2021,10.07880,0.0011999999999989797
11-02-2021,10.07760,0.00140000000000029
10-02-2021,10.07620,0.0009999999999994458
09-02-2021,10.07520,0.001200000000000756
08-02-2021,10.07400,0.0037000000000002586
05-02-2021,10.07030,0.0012999999999987466
04-02-2021,10.06900,0.001200000000000756
03-02-2021,10.06780,0.001900000000000901
02-02-2021,10.06590,0.0011999999999989797
01-02-2021,10.06470,0.0036000000000004917
29-01-2021,10.06110,0.0011999999999989797
28-01-2021,10.05990,0.00140000000000029
27-01-2021,10.05850,0.002500000000001279
25-01-2021,10.05600,0.0028999999999985704
22-01-2021,10.05310,0.0004000000000008441
21-01-2021,10.05270,0.0008999999999996788
20-01-2021,10.05180,0.00140000000000029
19-01-2021,10.05040,0.000600000000000378
18-01-2021,10.04980,0.0031999999999996476
15-01-2021,10.04660,0.0018999999999991246
14-01-2021,10.04470,0.0045999999999999375
13-01-2021,10.04010,0.0015999999999998238
12-01-2021,10.03850,0.001300000000000523
11-01-2021,10.03720,0.002000000000000668
08-01-2021,10.03520,0.00140000000000029
07-01-2021,10.03380,0.0009999999999994458
06-01-2021,10.03280,0.0009999999999994458
05-01-2021,10.03180,0.001300000000000523
04-01-2021,10.03050,0.0038000000000000256
01-01-2021,10.02670,0.0015999999999998238
31-12-2020,10.02510,0.00140000000000029
30-12-2020,10.02370,0.0015999999999998238
29-12-2020,10.02210,0.0016999999999995907
28-12-2020,10.02040,0.00560000000000116
24-12-2020,10.01480,0.0015000000000000568
23-12-2020,10.01330,0.0018999999999991246
22-12-2020,10.01140,0.0016999999999995907
21-12-2020,10.00970,0.004300000000000637
18-12-2020,10.00540,0.00140000000000029
17-12-2020,10.00400,0.0012999999999987466
16-12-2020,10.00270,0.001200000000000756
15-12-2020,10.00150,-0.1504999999999992
14-12-2020,10.15200,0.004899999999999238
11-12-2020,10.14710,0.000600000000000378
10-12-2020,10.14650,0.0017999999999993577
09-12-2020,10.14470,0.0009999999999994458
08-12-2020,10.14370,0.001300000000000523
07-12-2020,10.14240,0.0045000000000001705
04-12-2020,10.13790,0.0017999999999993577
03-12-2020,10.13610,0.00140000000000029
02-12-2020,10.13470,-9.999999999976694e-05
01-12-2020,10.13480,0.005000000000000782
27-11-2020,10.12980,0.00140000000000029
26-11-2020,10.12840,0.0017999999999993577
25-11-2020,10.12660,0.0023999999999997357
24-11-2020,10.12420,0.002100000000000435
23-11-2020,10.12210,0.004799999999999471
20-11-2020,10.11730,0.001300000000000523
19-11-2020,10.11600,0.0017999999999993577
18-11-2020,10.11420,0.0022999999999999687
17-11-2020,10.11190,0.00560000000000116
13-11-2020,10.10630,0.0017999999999993577
12-11-2020,10.10450,0.002000000000000668
11-11-2020,10.10250,0.0015999999999998238
10-11-2020,10.10090,0.0013999999999985135
09-11-2020,10.09950,0.0045000000000001705
06-11-2020,10.09500,0.0015999999999998238
05-11-2020,10.09340,0.001200000000000756
04-11-2020,10.09220,0.0022999999999999687
03-11-2020,10.08990,0.00140000000000029
02-11-2020,10.08850,0.0052000000000003155
29-10-2020,10.08330,0.0015000000000000568
28-10-2020,10.08180,0.0015000000000000568
27-10-2020,10.08030,0.0017999999999993577
26-10-2020,10.07850,0.004699999999999704
23-10-2020,10.07380,0.001100000000000989
22-10-2020,10.07270,0.0015000000000000568
21-10-2020,10.07120,0.0018999999999991246
20-10-2020,10.06930,0.0017999999999993577
19-10-2020,10.06750,0.0058000000000006935
16-10-2020,10.06170,0.002700000000000813
15-10-2020,10.05900,0.0011999999999989797
14-10-2020,10.05780,0.0032999999999994145
13-10-2020,10.05450,0.001800000000001134
12-10-2020,10.05270,0.0051000000000005485
09-10-2020,10.04760,0.005899999999998684
08-10-2020,10.04170,0.002500000000001279
07-10-2020,10.03920,0.004799999999999471
06-10-2020,10.03440,0.0019999999999988916
05-10-2020,10.03240,0.006800000000000139
01-10-2020,10.02560,0.002200000000000202
30-09-2020,10.02340,0.002200000000000202
29-09-2020,10.02120,0.0007999999999999119
28-09-2020,10.02040,0.004800000000001248
25-09-2020,10.01560,0.0006999999999983686
24-09-2020,10.01490,0.001100000000000989
23-09-2020,10.01380,0.0011999999999989797
22-09-2020,10.01260,0.0015000000000000568
21-09-2020,10.01110,0.00420000000000087
18-09-2020,10.00690,0.002000000000000668
17-09-2020,10.00490,0.0018999999999991246
16-09-2020,10.00300,0.0017999999999993577
15-09-2020,10.00120,-0.19019999999999904
14-09-2020,10.19140,0.0045999999999999375
11-09-2020,10.18680,0.002000000000000668
10-09-2020,10.18480,0.0015999999999998238
09-09-2020,10.18320,0.0019999999999988916
08-09-2020,10.18120,0.0008999999999996788
07-09-2020,10.18030,0.0038000000000000256
04-09-2020,10.17650,0.00280000000000058
03-09-2020,10.17370,0.00140000000000029
02-09-2020,10.17230,0.0031999999999996476
01-09-2020,10.16910,0.0038000000000000256
31-08-2020,10.16530,0.0052000000000003155
28-08-2020,10.16010,0.00039999999999906777
27-08-2020,10.15970,0.001900000000000901
26-08-2020,10.15780,0.0016999999999995907
25-08-2020,10.15610,0.0004000000000008441
24-08-2020,10.15570,0.004399999999998627
21-08-2020,10.15130,0.0015000000000000568
20-08-2020,10.14980,0.001700000000001367
19-08-2020,10.14810,0.007899999999999352
18-08-2020,10.14020,0.0022999999999999687
17-08-2020,10.13790,0.005399999999999849
14-08-2020,10.13250,0.002200000000000202
13-08-2020,10.13030,0.002000000000000668
12-08-2020,10.12830,0.0016999999999995907
11-08-2020,10.12660,0.001300000000000523
10-08-2020,10.12530,0.004799999999999471
07-08-2020,10.12050,0.0011999999999989797
06-08-2020,10.11930,0.001700000000001367
05-08-2020,10.11760,0.0019999999999988916
04-08-2020,10.11560,0.002200000000000202
03-08-2020,10.11340,0.005300000000000082
31-07-2020,10.10810,0.002200000000000202
30-07-2020,10.10590,0.0009999999999994458
29-07-2020,10.10490,0.00140000000000029
28-07-2020,10.10350,0.0015999999999998238
27-07-2020,10.10190,0.0064000000000010715
24-07-2020,10.09550,0.0019999999999988916
23-07-2020,10.09350,-0.008099999999998886
22-07-2020,10.10160,0.0016999999999995907
21-07-2020,10.09990,0.0025999999999992696
20-07-2020,10.09730,0.006000000000000227
17-07-2020,10.09130,0.0015000000000000568
16-07-2020,10.08980,0.002000000000000668
15-07-2020,10.08780,0.0026999999999990365
14-07-2020,10.08510,0.003200000000001424
13-07-2020,10.08190,0.006299999999999528
10-07-2020,10.07560,0.004199999999999093
09-07-2020,10.07140,0.0030000000000001137
08-07-2020,10.06840,0.0030999999999998806
07-07-2020,10.06530,0.003300000000001191
06-07-2020,10.06200,0.008199999999998653
03-07-2020,10.05380,0.006099999999999994
02-07-2020,10.04770,0.003200000000001424
01-07-2020,10.04450,0.004799999999999471
30-06-2020,10.03970,0.0024999999999995026
29-06-2020,10.03720,0.0051000000000005485
26-06-2020,10.03210,0.004099999999999326
25-06-2020,10.02800,0.00280000000000058
24-06-2020,10.02520,0.004300000000000637
23-06-2020,10.02090,0.004199999999999093
22-06-2020,10.01670,0.006399999999999295
19-06-2020,10.01030,0.004600000000001714
18-06-2020,10.00570,-0.3241000000000014
17-06-2020,10.32980,0.0036000000000004917
16-06-2020,10.32620,0.006800000000000139
15-06-2020,10.31940,0.00709999999999944
12-06-2020,10.31230,0.0030000000000001137
11-06-2020,10.30930,0.0057000000000009265
10-06-2020,10.30360,-0.0004000000000008441
09-06-2020,10.30400,0.0024999999999995026
08-06-2020,10.30150,0.006600000000000605
05-06-2020,10.29490,0.002100000000000435
04-06-2020,10.29280,-0.002000000000000668
03-06-2020,10.29480,-0.0011999999999989797
02-06-2020,10.29600,0.0025999999999992696
01-06-2020,10.29340,0.0058000000000006935
29-05-2020,10.28760,-0.002000000000000668
28-05-2020,10.28960,0.005000000000000782
27-05-2020,10.28460,0.005799999999998917
26-05-2020,10.27880,0.010400000000000631
22-05-2020,10.26840,0.009800000000000253
21-05-2020,10.25860,0.007199999999999207
20-05-2020,10.25140,0.0037000000000002586
19-05-2020,10.24770,0.0058000000000006935
18-05-2020,10.24190,0.014999999999998792
15-05-2020,10.22690,0.00849999999999973
14-05-2020,10.21840,0.004700000000001481
13-05-2020,10.21370,0.0028999999999985704
12-05-2020,10.21080,0.011900000000000688
11-05-2020,10.19890,0.00730000000000075
08-05-2020,10.19160,0.005599999999999383
06-05-2020,10.18600,0.0033999999999991815
05-05-2020,10.18260,0.0065000000000008384
04-05-2020,10.17610,0.010400000000000631
30-04-2020,10.16570,0.005499999999999616
29-04-2020,10.16020,0.0038999999999997925
28-04-2020,10.15630,-0.009000000000000341
27-04-2020,10.16530,-0.013999999999999346
24-04-2020,10.17930,-0.007400000000000517
23-04-2020,10.18670,0.009700000000000486
22-04-2020,10.17700,0.004899999999999238
21-04-2020,10.17210,0.009299999999999642
20-04-2020,10.16280,0.01640000000000086
17-04-2020,10.14640,0.017799999999999372
16-04-2020,10.12860,0.006600000000000605
15-04-2020,10.12200,0.0032999999999994145
13-04-2020,10.11870,0.006800000000000139
09-04-2020,10.11190,-0.00990000000000002
08-04-2020,10.12180,-0.00429999999999886
07-04-2020,10.12610,0.0033999999999991815
03-04-2020,10.12270,0.00990000000000002
31-03-2020,10.11280,0.004899999999999238
30-03-2020,10.10790,0.015700000000000713
27-03-2020,10.09220,0.09229999999999983
26-03-2020,9.99990,0.019099999999999895
24-03-2020,9.98080,-0.010799999999999699
23-03-2020,9.99160,-0.014499999999999957
20-03-2020,10.00610,-0.13129999999999953
19-03-2020,10.13740,-0.04720000000000013
18-03-2020,10.18460,-0.015399999999999636
17-03-2020,10.20000,-0.00820000000000043
16-03-2020,10.20820,0.005599999999999383
13-03-2020,10.20260,-0.01019999999999932
12-03-2020,10.21280,-0.011100000000000776
11-03-2020,10.22390,0.0004000000000008441
09-03-2020,10.22350,0.006599999999998829
06-03-2020,10.21690,0.0015000000000000568
05-03-2020,10.21540,0.003400000000000958
04-03-2020,10.21200,0.011499999999999844
03-03-2020,10.20050,0.0018999999999991246
02-03-2020,10.19860,0.0070000000000014495
28-02-2020,10.19160,-0.002400000000001512
27-02-2020,10.19400,0.001300000000000523
26-02-2020,10.19270,-0.01670000000000016
25-02-2020,10.20940,0.0023999999999997357
24-02-2020,10.20700,0.008800000000000807
20-02-2020,10.19820,0.00569999999999915
18-02-2020,10.19250,0.001100000000000989
17-02-2020,10.19140,0.006600000000000605
14-02-2020,10.18480,0.0015999999999998238
13-02-2020,10.18320,0.0030000000000001137
12-02-2020,10.18020,0.0
11-02-2020,10.18020,0.0032999999999994145
10-02-2020,10.17690,0.009100000000000108
07-02-2020,10.16780,0.004400000000000404
06-02-2020,10.16340,0.015499999999999403
05-02-2020,10.14790,0.0025999999999992696
04-02-2020,10.14530,0.001300000000000523
03-02-2020,10.14400,0.009100000000000108
31-01-2020,10.13490,0.0024999999999995026
30-01-2020,10.13240,0.0015000000000000568
29-01-2020,10.13090,0.0023999999999997357
28-01-2020,10.12850,0.002100000000000435
27-01-2020,10.12640,0.007900000000001128
24-01-2020,10.11850,0.005099999999998772
23-01-2020,10.11340,0.003300000000001191
22-01-2020,10.11010,0.00829999999999842
21-01-2020,10.10180,0.002700000000000813
20-01-2020,10.09910,0.006899999999999906
17-01-2020,10.09220,0.00140000000000029
16-01-2020,10.09080,0.002200000000000202
15-01-2020,10.08860,0.0012999999999987466
14-01-2020,10.08730,0.0001000000000015433
13-01-2020,10.08720,0.007299999999998974
10-01-2020,10.07990,0.0015000000000000568
09-01-2020,10.07840,0.0037000000000002586
08-01-2020,10.07470,0.00420000000000087
07-01-2020,10.07050,0.0028999999999985704
06-01-2020,10.06760,0.0065000000000008384
03-01-2020,10.06110,0.00990000000000002
02-01-2020,10.05120,0.004799999999999471
01-01-2020,10.04640,0.0064000000000010715
31-12-2019,10.04000,0.0021999999999984254
30-12-2019,10.03780,0.006800000000000139
27-12-2019,10.03100,0.0030000000000001137
26-12-2019,10.02800,0.0030999999999998806
24-12-2019,10.02490,0.001700000000001367
23-12-2019,10.02320,0.007299999999998974
20-12-2019,10.01590,0.0023999999999997357
19-12-2019,10.01350,0.0038999999999997925
18-12-2019,10.00960,0.0051000000000005485
17-12-2019,10.00450,-0.1717999999999993
16-12-2019,10.17630,0.007399999999998741
13-12-2019,10.16890,0.001300000000000523
12-12-2019,10.16760,0.00280000000000058
11-12-2019,10.16480,0.00140000000000029
10-12-2019,10.16340,0.0025999999999992696
09-12-2019,10.16080,0.00420000000000087
06-12-2019,10.15660,-0.0010000000000012221
05-12-2019,10.15760,-0.007500000000000284
04-12-2019,10.16510,0.0045999999999999375
03-12-2019,10.16050,0.0063000000000013046
02-12-2019,10.15420,0.009499999999999176
29-11-2019,10.14470,0.0029000000000003467
28-11-2019,10.14180,0.0038000000000000256
27-11-2019,10.13800,0.0026999999999990365
26-11-2019,10.13530,0.005000000000000782
25-11-2019,10.13030,0.007699999999999818
22-11-2019,10.12260,0.0023999999999997357
21-11-2019,10.12020,0.004000000000001336
20-11-2019,10.11620,0.0033999999999991815
19-11-2019,10.11280,0.002000000000000668
18-11-2019,10.11080,0.006499999999999062
15-11-2019,10.10430,0.005399999999999849
14-11-2019,10.09890,0.0029000000000003467
13-11-2019,10.09600,0.0039999999999995595
11-11-2019,10.09200,-0.004399999999998627
08-11-2019,10.09640,0.0032999999999994145
07-11-2019,10.09310,0.0038000000000000256
06-11-2019,10.08930,0.0015999999999998238
05-11-2019,10.08770,0.002100000000000435
04-11-2019,10.08560,0.005599999999999383
01-11-2019,10.08000,0.004099999999999326
31-10-2019,10.07590,0.0071000000000012164
30-10-2019,10.06880,0.005899999999998684
29-10-2019,10.06290,0.007400000000000517
25-10-2019,10.05550,0.0029000000000003467
24-10-2019,10.05260,0.0032999999999994145
23-10-2019,10.04930,0.004000000000001336
22-10-2019,10.04530,0.010299999999999088
18-10-2019,10.03500,0.002700000000000813
17-10-2019,10.03230,0.0034999999999989484
16-10-2019,10.02880,0.004300000000000637
15-10-2019,10.02450,0.004699999999999704
14-10-2019,10.01980,0.00709999999999944
11-10-2019,10.01270,0.008600000000001273
10-10-2019,10.00410,0.0030000000000001137
09-10-2019,10.00110,0.0018999999999991246
07-10-2019,9.99920,0.009500000000000952
04-10-2019,9.98970,0.0017999999999993577
03-10-2019,9.98790,0.006800000000000139
01-10-2019,9.98110,0.004999999999999005
30-09-2019,9.97610,0.04720000000000013
27-09-2019,9.92890,0.0029000000000003467
26-09-2019,9.92600,0.002100000000000435
25-09-2019,9.92390,-0.0007999999999999119
24-09-2019,9.92470,0.0008999999999996788
23-09-2019,9.92380,0.006999999999999673
20-09-2019,9.91680,-0.006600000000000605
19-09-2019,9.92340,0.002600000000001046
18-09-2019,9.92080,0.002000000000000668
17-09-2019,9.91880,-0.0004000000000008441
16-09-2019,9.91920,0.0039999999999995595
13-09-2019,9.91520,0.03560000000000052
12-09-2019,9.87960,0.0015000000000000568
11-09-2019,9.87810,0.000700000000000145
09-09-2019,9.87740,0.010299999999999088
06-09-2019,9.86710,0.002600000000001046
05-09-2019,9.86450,0.0007999999999999119
04-09-2019,9.86370,0.0025999999999992696
03-09-2019,9.86110,0.013500000000000512
30-08-2019,9.84760,0.0009999999999994458
29-08-2019,9.84660,0.000700000000000145
28-08-2019,9.84590,0.005300000000000082
27-08-2019,9.84060,0.0038999999999997925
26-08-2019,9.83670,0.009500000000000952
23-08-2019,9.82720,0.0038000000000000256
22-08-2019,9.82340,0.0034999999999989484
21-08-2019,9.81990,0.0022999999999999687
20-08-2019,9.81760,0.00020000000000131024
19-08-2019,9.81740,0.008699999999999264
16-08-2019,9.80870,0.006899999999999906
14-08-2019,9.80180,-0.002000000000000668
13-08-2019,9.80380,-0.038399999999999324
09-08-2019,9.84220,-0.01839999999999975
08-08-2019,9.86060,0.012599999999999056
07-08-2019,9.84800,0.0037000000000002586
06-08-2019,9.84430,0.002500000000001279
05-08-2019,9.84180,0.0038000000000000256
02-08-2019,9.83800,0.00709999999999944
01-08-2019,9.83090,0.004199999999999093
31-07-2019,9.82670,0.005000000000000782
30-07-2019,9.82170,0.0022999999999999687
29-07-2019,9.81940,-0.0008999999999996788
26-07-2019,9.82030,0.0024999999999995026
25-07-2019,9.81780,-0.002000000000000668
24-07-2019,9.81980,-0.0002999999999993008
23-07-2019,9.82010,0.0009999999999994458
22-07-2019,9.81910,0.004000000000001336
19-07-2019,9.81510,0.0027999999999988034
18-07-2019,9.81230,-0.00140000000000029
17-07-2019,9.81370,-0.0012999999999987466
16-07-2019,9.81500,0.00879999999999903
15-07-2019,9.80620,0.012199999999999989
12-07-2019,9.79400,0.002600000000001046
11-07-2019,9.79140,0.0035999999999987153
10-07-2019,9.78780,0.005399999999999849
09-07-2019,9.78240,0.00140000000000029
08-07-2019,9.78100,0.009600000000000719
05-07-2019,9.77140,0.007600000000000051
04-07-2019,9.76380,0.0045000000000001705
03-07-2019,9.75930,0.006000000000000227
02-07-2019,9.75330,0.0027999999999988034
01-07-2019,9.75050,0.007800000000001361
28-06-2019,9.74270,-0.13200000000000145
27-06-2019,9.87470,-0.0045999999999999375
26-06-2019,9.87930,-0.011400000000000077
25-06-2019,9.89070,0.001900000000000901
24-06-2019,9.88880,0.006399999999999295
21-06-2019,9.88240,-0.0012999999999987466
20-06-2019,9.88370,0.0019999999999988916
19-06-2019,9.88170,0.000600000000000378
18-06-2019,9.88110,0.008699999999999264
17-06-2019,9.87240,-0.011199999999998766
14-06-2019,9.88360,0.008099999999998886
13-06-2019,9.87550,-0.006000000000000227
12-06-2019,9.88150,0.0016000000000016001
11-06-2019,9.87990,-0.003200000000001424
10-06-2019,9.88310,0.002100000000000435
07-06-2019,9.88100,-0.0026999999999990365
06-06-2019,9.88370,0.011899999999998911
04-06-2019,9.87180,-0.000600000000000378
03-06-2019,9.87240,0.006700000000000372
31-05-2019,9.86570,0.006600000000000605
30-05-2019,9.85910,0.00019999999999953388
29-05-2019,9.85890,0.0015000000000000568
28-05-2019,9.85740,0.0030999999999998806
27-05-2019,9.85430,0.01810000000000045
24-05-2019,9.83620,0.006800000000000139
23-05-2019,9.82940,0.007799999999999585
22-05-2019,9.82160,0.001100000000000989
21-05-2019,9.82050,0.0033999999999991815
20-05-2019,9.81710,0.008800000000000807
17-05-2019,9.80830,0.005899999999998684
16-05-2019,9.80240,0.001900000000000901
15-05-2019,9.80050,0.0023999999999997357
14-05-2019,9.79810,0.006899999999999906
13-05-2019,9.79120,-0.057800000000000296
10-05-2019,9.84900,0.0037000000000002586
09-05-2019,9.84530,0.00280000000000058
08-05-2019,9.84250,0.004799999999999471
07-05-2019,9.83770,0.0025999999999992696
06-05-2019,9.83510,0.008500000000001506
03-05-2019,9.82660,0.0370999999999988
02-05-2019,9.78950,0.003400000000000958
30-04-2019,9.78610,-0.22900000000000098
26-04-2019,10.01510,-0.0051000000000005485
25-04-2019,10.02020,-0.010099999999999554
24-04-2019,10.03030,-0.0019999999999988916
23-04-2019,10.03230,-0.0015999999999998238
22-04-2019,10.03390,-0.02340000000000053
18-04-2019,10.05730,-0.004799999999999471
16-04-2019,10.06210,0.0011999999999989797
15-04-2019,10.06090,0.0058000000000006935
12-04-2019,10.05510,0.0010999999999992127
11-04-2019,10.05400,0.0003000000000010772
10-04-2019,10.05370,0.004899999999999238
09-04-2019,10.04880,0.0035000000000007248
08-04-2019,10.04530,0.00429999999999886
05-04-2019,10.04100,0.0008999999999996788
04-04-2019,10.04010,-0.005499999999999616
03-04-2019,10.04560,-0.008599999999999497
02-04-2019,10.05420,0.02120000000000033
29-03-2019,10.03300,0.013799999999999812
28-03-2019,10.01920,0.007999999999999119
27-03-2019,10.01120,-0.004099999999999326
26-03-2019,10.01530,-0.0007999999999999119
25-03-2019,10.01610,0.005399999999999849
22-03-2019,10.01070,0.007699999999999818
20-03-2019,10.00300,0.0039999999999995595
19-03-2019,9.99900,-0.20110000000000028
18-03-2019,10.20010,0.015200000000000102
15-03-2019,10.18490,0.001100000000000989
14-03-2019,10.18380,0.01929999999999943
13-03-2019,10.16450,-0.0007999999999999119
12-03-2019,10.16530,0.0005000000000006111
11-03-2019,10.16480,0.013499999999998735
08-03-2019,10.15130,0.0030000000000001137
07-03-2019,10.14830,-0.0005999999999986017
06-03-2019,10.14890,0.006299999999999528
05-03-2019,10.14260,0.015900000000000247
01-03-2019,10.12670,0.0052000000000003155
28-02-2019,10.12150,0.0017999999999993577
27-02-2019,10.11970,-0.006000000000000227
26-02-2019,10.12570,-0.000600000000000378
25-02-2019,10.12630,0.007900000000001128
22-02-2019,10.11840,0.0032999999999994145
21-02-2019,10.11510,0.0023999999999997357
20-02-2019,10.11270,0.004300000000000637
18-02-2019,10.10840,-0.008600000000001273
15-02-2019,10.11700,-0.0010999999999992127
14-02-2019,10.11810,-0.0022999999999999687
13-02-2019,10.12040,0.014699999999999491
12-02-2019,10.10570,0.00020000000000131024
11-02-2019,10.10550,0.008399999999999963
08-02-2019,10.09710,0.006499999999999062
07-02-2019,10.09060,0.022700000000000387
06-02-2019,10.06790,0.0016999999999995907
05-02-2019,10.06620,-0.00039999999999906777
04-02-2019,10.06660,-0.006800000000000139
01-02-2019,10.07340,-0.013799999999999812
31-01-2019,10.08720,0.0021999999999984254
30-01-2019,10.08500,-0.00019999999999953388
29-01-2019,10.08520,0.0015999999999998238
28-01-2019,10.08360,0.00820000000000043
25-01-2019,10.07540,0.0008999999999996788
24-01-2019,10.07450,0.002600000000001046
23-01-2019,10.07190,0.00429999999999886
22-01-2019,10.06760,0.0063000000000013046
21-01-2019,10.06130,0.0016999999999995907
18-01-2019,10.05960,-0.006999999999999673
17-01-2019,10.06660,-0.005500000000001393
16-01-2019,10.07210,-0.0025999999999992696
15-01-2019,10.07470,0.00280000000000058
14-01-2019,10.07190,0.013600000000000279
11-01-2019,10.05830,0.006299999999999528
10-01-2019,10.05200,0.0022999999999999687
09-01-2019,10.04970,0.0039999999999995595
08-01-2019,10.04570,0.008100000000000662
07-01-2019,10.03760,0.008300000000000196
04-01-2019,10.02930,0.005099999999998772
03-01-2019,10.02420,0.0038000000000000256
02-01-2019,10.02040,0.0051000000000005485
01-01-2019,10.01530,0.0008999999999996788
31-12-2018,10.01440,0.007600000000000051
28-12-2018,10.00680,-0.004099999999999326
27-12-2018,10.01090,0.0035999999999987153
26-12-2018,10.00730,0.00560000000000116
24-12-2018,10.00170,-0.000600000000000378
21-12-2018,10.00230,0.002000000000000668
20-12-2018,10.00030,-0.2029000000000014
19-12-2018,10.20320,0.014000000000001123
18-12-2018,10.18920,0.005399999999999849
17-12-2018,10.18380,0.011200000000000543
14-12-2018,10.17260,0.0020999999999986585
13-12-2018,10.17050,0.0023999999999997357
12-12-2018,10.16810,0.00990000000000002
11-12-2018,10.15820,0.000600000000000378
10-12-2018,10.15760,-0.009800000000000253
07-12-2018,10.16740,-0.0012999999999987466
06-12-2018,10.16870,0.007799999999999585
05-12-2018,10.16090,0.013399999999998968
04-12-2018,10.14750,0.0051000000000005485
03-12-2018,10.14240,0.0058000000000006935
30-11-2018,10.13660,0.009999999999999787
29-11-2018,10.12660,0.00879999999999903
28-11-2018,10.11780,0.006000000000000227
27-11-2018,10.11180,-0.004399999999998627
26-11-2018,10.11620,0.010399999999998855
22-11-2018,10.10580,0.00820000000000043
20-11-2018,10.09760,0.0031999999999996476
19-11-2018,10.09440,0.009399999999999409
16-11-2018,10.08500,0.001900000000000901
15-11-2018,10.08310,0.005300000000000082
14-11-2018,10.07780,0.0029000000000003467
13-11-2018,10.07490,0.0052000000000003155
12-11-2018,10.06970,0.005199999999998539
09-11-2018,10.06450,0.009199999999999875
06-11-2018,10.05530,0.00140000000000029
05-11-2018,10.05390,0.008800000000000807
02-11-2018,10.04510,0.007299999999998974
01-11-2018,10.03780,-0.0035999999999987153
31-10-2018,10.04140,-0.006000000000000227
30-10-2018,10.04740,0.000600000000000378
29-10-2018,10.04680,-0.0007999999999999119
26-10-2018,10.04760,0.0022999999999999687
25-10-2018,10.04530,0.0005999999999986017
24-10-2018,10.04470,0.0007999999999999119
23-10-2018,10.04390,-0.00019999999999953388
22-10-2018,10.04410,0.0064000000000010715
19-10-2018,10.03770,0.0011999999999989797
17-10-2018,10.03650,0.002100000000000435
16-10-2018,10.03440,-0.0005000000000006111
15-10-2018,10.03490,0.009600000000000719
12-10-2018,10.02530,0.0026999999999990365
11-10-2018,10.02260,0.010600000000000165
10-10-2018,10.01200,0.004900000000001015
09-10-2018,10.00710,-0.014300000000000423
08-10-2018,10.02140,0.00590000000000046
05-10-2018,10.01550,0.023600000000000065
04-10-2018,9.99190,-0.013100000000001444
03-10-2018,10.00500,-0.004699999999999704
01-10-2018,10.00970,0.014499999999999957
28-09-2018,9.99520,0.011700000000001154
27-09-2018,9.98350,0.019699999999998496
26-09-2018,9.96380,0.007900000000001128
25-09-2018,9.95590,-0.021800000000000708
24-09-2018,9.97770,-0.018099999999998673
21-09-2018,9.99580,-0.004700000000001481
19-09-2018,10.00050,-0.17789999999999928
18-09-2018,10.17840,0.0017999999999993577
17-09-2018,10.17660,-0.0032999999999994145
14-09-2018,10.17990,0.00849999999999973
12-09-2018,10.17140,-0.0036000000000004917
11-09-2018,10.17500,-0.0020999999999986585
10-09-2018,10.17710,-0.015200000000000102
07-09-2018,10.19230,0.006000000000000227
06-09-2018,10.18630,0.01529999999999987
05-09-2018,10.17100,-0.010800000000001475
04-09-2018,10.18180,-0.01249999999999929
03-09-2018,10.19430,0.005000000000000782
31-08-2018,10.18930,0.0009999999999994458
30-08-2018,10.18830,-0.005000000000000782
29-08-2018,10.19330,0.002200000000000202
28-08-2018,10.19110,0.001300000000000523
27-08-2018,10.18980,0.007999999999999119
24-08-2018,10.18180,0.0005000000000006111
23-08-2018,10.18130,0.007600000000000051
21-08-2018,10.17370,0.0035000000000007248
20-08-2018,10.17020,0.009800000000000253
16-08-2018,10.16040,0.0007999999999999119
14-08-2018,10.15960,0.0009999999999994458
13-08-2018,10.15860,0.001300000000000523
10-08-2018,10.15730,0.0034999999999989484
09-08-2018,10.15380,0.0030999999999998806
08-08-2018,10.15070,0.0029000000000003467
07-08-2018,10.14780,0.000700000000000145
06-08-2018,10.14710,0.010099999999999554
03-08-2018,10.13700,-0.00039999999999906777
02-08-2018,10.13740,0.00429999999999886
01-08-2018,10.13310,0.007500000000000284
31-07-2018,10.12560,0.006800000000000139
30-07-2018,10.11880,0.007500000000000284
27-07-2018,10.11130,0.0037000000000002586
26-07-2018,10.10760,0.004699999999999704
25-07-2018,10.10290,0.00420000000000087
24-07-2018,10.09870,0.0
23-07-2018,10.09870,0.006199999999999761
20-07-2018,10.09250,0.0012999999999987466
19-07-2018,10.09120,-0.000700000000000145
18-07-2018,10.09190,-0.008699999999999264
17-07-2018,10.10060,0.008599999999999497
16-07-2018,10.09200,0.0015999999999998238
13-07-2018,10.09040,0.010900000000001242
12-07-2018,10.07950,0.008199999999998653
11-07-2018,10.07130,0.0003000000000010772
10-07-2018,10.07100,0.004999999999999005
09-07-2018,10.06600,0.009300000000001418
06-07-2018,10.05670,-0.002100000000000435
05-07-2018,10.05880,0.0034999999999989484
04-07-2018,10.05530,0.011000000000001009
03-07-2018,10.04430,0.004199999999999093
02-07-2018,10.04010,0.01180000000000092
29-06-2018,10.02830,0.004099999999999326
28-06-2018,10.02420,-0.006800000000000139
27-06-2018,10.03100,-0.005199999999998539
26-06-2018,10.03620,0.0032999999999994145
25-06-2018,10.03290,0.00879999999999903
22-06-2018,10.02410,0.0071000000000012164
21-06-2018,10.01700,0.010799999999999699
20-06-2018,10.00620,-0.0752000000000006
19-06-2018,10.08140,0.0065000000000008384
18-06-2018,10.07490,0.013600000000000279
15-06-2018,10.06130,0.006899999999999906
14-06-2018,10.05440,0.0032999999999994145
13-06-2018,10.05110,0.011900000000000688
12-06-2018,10.03920,0.0038000000000000256
11-06-2018,10.03540,0.004699999999999704
08-06-2018,10.03070,0.0035999999999987153
07-06-2018,10.02710,-0.012399999999999523
06-06-2018,10.03950,-0.013700000000000045
05-06-2018,10.05320,0.002600000000001046
04-06-2018,10.05060,0.005799999999998917
01-06-2018,10.04480,-0.0036000000000004917
31-05-2018,10.04840,-0.0113999999999983
30-05-2018,10.05980,0.008199999999998653
29-05-2018,10.05160,0.008399999999999963
28-05-2018,10.04320,0.011700000000001154
25-05-2018,10.03150,0.012199999999999989
24-05-2018,10.01930,0.0030999999999998806
23-05-2018,10.01620,-0.004100000000001103
22-05-2018,10.02030,0.002700000000000813
21-05-2018,10.01760,-0.0008999999999996788
18-05-2018,10.01850,0.012100000000000222
17-05-2018,10.00640,-0.01130000000000031
16-05-2018,10.01770,-0.01529999999999987
15-05-2018,10.03300,-0.011499999999999844
14-05-2018,10.04450,-0.0045999999999999375
11-05-2018,10.04910,-0.0051000000000005485
10-05-2018,10.05420,-0.0031999999999996476
09-05-2018,10.05740,-0.009600000000000719
08-05-2018,10.06700,0.0022999999999999687
07-05-2018,10.06470,0.009700000000000486
04-05-2018,10.05500,0.001300000000000523
03-05-2018,10.05370,0.0026999999999990365
02-05-2018,10.05100,0.017400000000000304
27-04-2018,10.03360,-0.00140000000000029
26-04-2018,10.03500,-0.014699999999999491
25-04-2018,10.04970,-0.009299999999999642
24-04-2018,10.05900,-0.001800000000001134
23-04-2018,10.06080,-0.0009999999999994458
20-04-2018,10.06180,-0.018700000000000827
19-04-2018,10.08050,-0.016199999999999548
18-04-2018,10.09670,-0.007799999999999585
17-04-2018,10.10450,0.002100000000000435
16-04-2018,10.10240,0.005499999999999616
13-04-2018,10.09690,-0.0007999999999999119
12-04-2018,10.09770,0.0015999999999998238
11-04-2018,10.09610,-0.007500000000000284
10-04-2018,10.10360,-0.006099999999999994
09-04-2018,10.10970,0.0045000000000001705
06-04-2018,10.10520,0.0024999999999995026
05-04-2018,10.10270,0.019600000000000506
04-04-2018,10.08310,0.001200000000000756
03-04-2018,10.08190,0.022599999999998843
28-03-2018,10.05930,0.007200000000000983
27-03-2018,10.05210,0.031200000000000117
26-03-2018,10.02090,-0.00140000000000029
23-03-2018,10.02230,0.0033999999999991815
22-03-2018,10.01890,0.00420000000000087
21-03-2018,10.01470,-0.002200000000000202
20-03-2018,10.01690,0.0009999999999994458
19-03-2018,10.01590,0.002200000000000202
16-03-2018,10.01370,-0.09950000000000081
15-03-2018,10.11320,0.012300000000001532
14-03-2018,10.10090,-0.0015000000000000568
13-03-2018,10.10240,0.00969999999999871
12-03-2018,10.09270,0.017800000000001148
09-03-2018,10.07490,0.0009999999999994458
08-03-2018,10.07390,0.010099999999999554
07-03-2018,10.06380,0.016799999999999926
06-03-2018,10.04700,0.008000000000000895
05-03-2018,10.03900,0.009800000000000253
01-03-2018,10.02920,-0.0022999999999999687
28-02-2018,10.03150,-0.001300000000000523
27-02-2018,10.03280,-0.0030999999999998806
26-02-2018,10.03590,0.007699999999999818
23-02-2018,10.02820,0.005499999999999616
22-02-2018,10.02270,-0.008899999999998798
21-02-2018,10.03160,-0.0001000000000015433
20-02-2018,10.03170,-0.004699999999999704
16-02-2018,10.03640,0.002200000000000202
15-02-2018,10.03420,-0.007799999999999585
14-02-2018,10.04200,0.004699999999999704
12-02-2018,10.03730,0.008699999999999264
09-02-2018,10.02860,0.0004000000000008441
08-02-2018,10.02820,0.00569999999999915
07-02-2018,10.02250,0.012199999999999989
06-02-2018,10.01030,0.002600000000001046
05-02-2018,10.00770,0.0039999999999995595
02-02-2018,10.00370,0.005399999999999849
01-02-2018,9.99830,-0.02179999999999893
31-01-2018,10.02010,0.0030999999999998806
30-01-2018,10.01700,-0.0029000000000003467
29-01-2018,10.01990,0.007699999999999818
25-01-2018,10.01220,-0.0030999999999998806
24-01-2018,10.01530,0.00019999999999953388
23-01-2018,10.01510,0.00019999999999953388
22-01-2018,10.01490,0.0016000000000016001
19-01-2018,10.01330,0.0019999999999988916
18-01-2018,10.01130,-0.0004999999999988347
17-01-2018,10.01180,0.010999999999999233
16-01-2018,10.00080,-0.008800000000000807
15-01-2018,10.00960,0.009600000000000719
12-01-2018,10.00000,-0.0029000000000003467
11-01-2018,10.00290,-0.00039999999999906777
10-01-2018,10.00330,-0.00990000000000002
09-01-2018,10.01320,-0.0010000000000012221
08-01-2018,10.01420,0.0065000000000008384
05-01-2018,10.00770,0.008599999999999497
04-01-2018,9.99910,0.0005000000000006111
03-01-2018,9.99860,
